Data;Ora;Valore;Unita'di Misura
01-01-2025;00:00:00;2,5; m/s
01-01-2025;00:10:00;2,4; m/s
01-01-2025;00:20:00;2; m/s
01-01-2025;00:30:00;1,6; m/s
01-01-2025;00:40:00;1,4; m/s
01-01-2025;00:50:00;1,3; m/s
01-01-2025;01:00:00;1,6; m/s
01-01-2025;01:10:00;1,6; m/s
01-01-2025;01:20:00;1,7; m/s
01-01-2025;01:30:00;1,1; m/s
01-01-2025;01:40:00;0,4; m/s
01-01-2025;01:50:00;0,8; m/s
01-01-2025;02:00:00;1,1; m/s
01-01-2025;02:10:00;1,8; m/s
01-01-2025;02:20:00;1,6; m/s
01-01-2025;02:30:00;1,4; m/s
01-01-2025;02:40:00;1,6; m/s
01-01-2025;02:50:00;1,7; m/s
01-01-2025;03:00:00;1,7; m/s
01-01-2025;03:10:00;1,6; m/s
01-01-2025;03:20:00;1,5; m/s
01-01-2025;03:30:00;1,3; m/s
01-01-2025;03:40:00;1,6; m/s
01-01-2025;03:50:00;1,5; m/s
01-01-2025;04:00:00;1,3; m/s
01-01-2025;04:10:00;1,2; m/s
01-01-2025;04:20:00;1,3; m/s
01-01-2025;04:30:00;1,7; m/s
01-01-2025;04:40:00;1,6; m/s
01-01-2025;04:50:00;1,8; m/s
01-01-2025;05:00:00;2; m/s
01-01-2025;05:10:00;1,9; m/s
01-01-2025;05:20:00;1,8; m/s
01-01-2025;05:30:00;1,9; m/s
01-01-2025;05:40:00;2,5; m/s
01-01-2025;05:50:00;2,8; m/s
01-01-2025;06:00:00;2,7; m/s
01-01-2025;06:10:00;2,1; m/s
01-01-2025;06:20:00;2,3; m/s
01-01-2025;06:30:00;2,4; m/s
01-01-2025;06:40:00;2,4; m/s
01-01-2025;06:50:00;2,1; m/s
01-01-2025;07:00:00;2,2; m/s
01-01-2025;07:10:00;2,6; m/s
01-01-2025;07:20:00;2,5; m/s
01-01-2025;07:30:00;2,5; m/s
01-01-2025;07:40:00;2; m/s
01-01-2025;07:50:00;1,4; m/s
01-01-2025;08:00:00;1,5; m/s
01-01-2025;08:10:00;1,5; m/s
01-01-2025;08:20:00;1,8; m/s
01-01-2025;08:30:00;2,1; m/s
01-01-2025;08:40:00;1,9; m/s
01-01-2025;08:50:00;2,5; m/s
01-01-2025;09:00:00;2,6; m/s
01-01-2025;09:10:00;2,5; m/s
01-01-2025;09:20:00;2,3; m/s
01-01-2025;09:30:00;2,7; m/s
01-01-2025;09:40:00;3; m/s
01-01-2025;09:50:00;2,5; m/s
01-01-2025;10:00:00;1,8; m/s
01-01-2025;10:10:00;1,7; m/s
01-01-2025;10:20:00;1,6; m/s
01-01-2025;10:30:00;1,8; m/s
01-01-2025;10:40:00;1,1; m/s
01-01-2025;10:50:00;1,4; m/s
01-01-2025;11:00:00;1,5; m/s
01-01-2025;11:10:00;2,1; m/s
01-01-2025;11:20:00;1,7; m/s
01-01-2025;11:30:00;0,8; m/s
01-01-2025;11:40:00;1,9; m/s
01-01-2025;11:50:00;3,8; m/s
01-01-2025;12:00:00;3,8; m/s
01-01-2025;12:10:00;3,9; m/s
01-01-2025;12:20:00;4,1; m/s
01-01-2025;12:30:00;4,2; m/s
01-01-2025;12:40:00;4,2; m/s
01-01-2025;12:50:00;4,3; m/s
01-01-2025;13:00:00;4,1; m/s
01-01-2025;13:10:00;4,2; m/s
01-01-2025;13:20:00;4; m/s
01-01-2025;13:30:00;4,4; m/s
01-01-2025;13:40:00;4,6; m/s
01-01-2025;13:50:00;4,8; m/s
01-01-2025;14:00:00;4,6; m/s
01-01-2025;14:10:00;4,8; m/s
01-01-2025;14:20:00;4,1; m/s
01-01-2025;14:30:00;4,4; m/s
01-01-2025;14:40:00;4,7; m/s
01-01-2025;14:50:00;4,7; m/s
01-01-2025;15:00:00;4,6; m/s
01-01-2025;15:10:00;4; m/s
01-01-2025;15:20:00;4,2; m/s
01-01-2025;15:30:00;4,1; m/s
01-01-2025;15:40:00;3,9; m/s
01-01-2025;15:50:00;3,9; m/s
01-01-2025;16:00:00;3,5; m/s
01-01-2025;16:10:00;2,4; m/s
01-01-2025;16:20:00;2,1; m/s
01-01-2025;16:30:00;2,2; m/s
01-01-2025;16:40:00;1,9; m/s
01-01-2025;16:50:00;2,2; m/s
01-01-2025;17:00:00;1,9; m/s
01-01-2025;17:10:00;1,7; m/s
01-01-2025;17:20:00;2; m/s
01-01-2025;17:30:00;2,2; m/s
01-01-2025;17:40:00;2,2; m/s
01-01-2025;17:50:00;2,1; m/s
01-01-2025;18:00:00;2,1; m/s
01-01-2025;18:10:00;2,3; m/s
01-01-2025;18:20:00;2,8; m/s
01-01-2025;18:30:00;3,1; m/s
01-01-2025;18:40:00;3,1; m/s
01-01-2025;18:50:00;3,5; m/s
01-01-2025;19:00:00;3,7; m/s
01-01-2025;19:10:00;4; m/s
01-01-2025;19:20:00;4,3; m/s
01-01-2025;19:30:00;4,6; m/s
01-01-2025;19:40:00;4,4; m/s
01-01-2025;19:50:00;4,2; m/s
01-01-2025;20:00:00;3,8; m/s
01-01-2025;20:10:00;3,7; m/s
01-01-2025;20:20:00;3,7; m/s
01-01-2025;20:30:00;3,5; m/s
01-01-2025;20:40:00;3,2; m/s
01-01-2025;20:50:00;3,5; m/s
01-01-2025;21:00:00;3; m/s
01-01-2025;21:10:00;3; m/s
01-01-2025;21:20:00;3,2; m/s
01-01-2025;21:30:00;3,1; m/s
01-01-2025;21:40:00;3; m/s
01-01-2025;21:50:00;2,8; m/s
01-01-2025;22:00:00;2,9; m/s
01-01-2025;22:10:00;2,8; m/s
01-01-2025;22:20:00;3; m/s
01-01-2025;22:30:00;2,7; m/s
01-01-2025;22:40:00;2,4; m/s
01-01-2025;22:50:00;1,8; m/s
01-01-2025;23:00:00;1,5; m/s
01-01-2025;23:10:00;0,9; m/s
01-01-2025;23:20:00;1,3; m/s
01-01-2025;23:30:00;1,1; m/s
01-01-2025;23:40:00;0,5; m/s
01-01-2025;23:50:00;0,3; m/s
02-01-2025;00:00:00;0,9; m/s
02-01-2025;00:10:00;1,3; m/s
02-01-2025;00:20:00;1,8; m/s
02-01-2025;00:30:00;2,2; m/s
02-01-2025;00:40:00;2,9; m/s
02-01-2025;00:50:00;3; m/s
02-01-2025;01:00:00;3; m/s
02-01-2025;01:10:00;2,8; m/s
02-01-2025;01:20:00;2,6; m/s
02-01-2025;01:30:00;3,3; m/s
02-01-2025;01:40:00;3,2; m/s
02-01-2025;01:50:00;3,5; m/s
02-01-2025;02:00:00;3; m/s
02-01-2025;02:10:00;2,7; m/s
02-01-2025;02:20:00;2,5; m/s
02-01-2025;02:30:00;2,7; m/s
02-01-2025;02:40:00;1,9; m/s
02-01-2025;02:50:00;1,9; m/s
02-01-2025;03:00:00;2,1; m/s
02-01-2025;03:10:00;2,1; m/s
02-01-2025;03:20:00;2,1; m/s
02-01-2025;03:30:00;1,8; m/s
02-01-2025;03:40:00;2,3; m/s
02-01-2025;03:50:00;2,8; m/s
02-01-2025;04:00:00;2,9; m/s
02-01-2025;04:10:00;2,7; m/s
02-01-2025;04:20:00;2,6; m/s
02-01-2025;04:30:00;2,9; m/s
02-01-2025;04:40:00;2,2; m/s
02-01-2025;04:50:00;2,5; m/s
02-01-2025;05:00:00;2,5; m/s
02-01-2025;05:10:00;3,1; m/s
02-01-2025;05:20:00;2,6; m/s
02-01-2025;05:30:00;2,3; m/s
02-01-2025;05:40:00;2; m/s
02-01-2025;05:50:00;1,6; m/s
02-01-2025;06:00:00;1,4; m/s
02-01-2025;06:10:00;1,4; m/s
02-01-2025;06:20:00;1,4; m/s
02-01-2025;06:30:00;1,7; m/s
02-01-2025;06:40:00;2,4; m/s
02-01-2025;06:50:00;2,1; m/s
02-01-2025;07:00:00;1,5; m/s
02-01-2025;07:10:00;1,2; m/s
02-01-2025;07:20:00;1; m/s
02-01-2025;07:30:00;0,9; m/s
02-01-2025;07:40:00;1; m/s
02-01-2025;07:50:00;1,3; m/s
02-01-2025;08:00:00;1,6; m/s
02-01-2025;08:10:00;1,8; m/s
02-01-2025;08:20:00;2,1; m/s
02-01-2025;08:30:00;2,2; m/s
02-01-2025;08:40:00;2; m/s
02-01-2025;08:50:00;2; m/s
02-01-2025;09:00:00;2; m/s
02-01-2025;09:10:00;2; m/s
02-01-2025;09:20:00;1,5; m/s
02-01-2025;09:30:00;1,4; m/s
02-01-2025;09:40:00;1,3; m/s
02-01-2025;09:50:00;1,5; m/s
02-01-2025;10:00:00;1,4; m/s
02-01-2025;10:10:00;1,1; m/s
02-01-2025;10:20:00;1,2; m/s
02-01-2025;10:30:00;1; m/s
02-01-2025;10:40:00;1,1; m/s
02-01-2025;10:50:00;0,7; m/s
02-01-2025;11:00:00;1; m/s
02-01-2025;11:10:00;1; m/s
02-01-2025;11:20:00;1,3; m/s
02-01-2025;11:30:00;1,6; m/s
02-01-2025;11:40:00;1,2; m/s
02-01-2025;11:50:00;1,6; m/s
02-01-2025;12:00:00;1,4; m/s
02-01-2025;12:10:00;1,3; m/s
02-01-2025;12:20:00;1,1; m/s
02-01-2025;12:30:00;2; m/s
02-01-2025;12:40:00;1,7; m/s
02-01-2025;12:50:00;1,5; m/s
02-01-2025;13:00:00;2,1; m/s
02-01-2025;13:10:00;1,5; m/s
02-01-2025;13:20:00;1,6; m/s
02-01-2025;13:30:00;1,6; m/s
02-01-2025;13:40:00;1,4; m/s
02-01-2025;13:50:00;1,4; m/s
02-01-2025;14:00:00;1,7; m/s
02-01-2025;14:10:00;1,8; m/s
02-01-2025;14:20:00;1,8; m/s
02-01-2025;14:30:00;1,9; m/s
02-01-2025;14:40:00;1,8; m/s
02-01-2025;14:50:00;1,8; m/s
02-01-2025;15:00:00;2; m/s
02-01-2025;15:10:00;1,9; m/s
02-01-2025;15:20:00;1,6; m/s
02-01-2025;15:30:00;1,6; m/s
02-01-2025;15:40:00;1,8; m/s
02-01-2025;15:50:00;1,5; m/s
02-01-2025;16:00:00;1,1; m/s
02-01-2025;16:10:00;1,9; m/s
02-01-2025;16:20:00;2; m/s
02-01-2025;16:30:00;1,6; m/s
02-01-2025;16:40:00;1,9; m/s
02-01-2025;16:50:00;1,6; m/s
02-01-2025;17:00:00;1,7; m/s
02-01-2025;17:10:00;2,5; m/s
02-01-2025;17:20:00;2,1; m/s
02-01-2025;17:30:00;2; m/s
02-01-2025;17:40:00;2,2; m/s
02-01-2025;17:50:00;2,1; m/s
02-01-2025;18:00:00;1,9; m/s
02-01-2025;18:10:00;2; m/s
02-01-2025;18:20:00;1,7; m/s
02-01-2025;18:30:00;2; m/s
02-01-2025;18:40:00;2,6; m/s
02-01-2025;18:50:00;2,7; m/s
02-01-2025;19:00:00;2,3; m/s
02-01-2025;19:10:00;2,3; m/s
02-01-2025;19:20:00;2,9; m/s
02-01-2025;19:30:00;3,2; m/s
02-01-2025;19:40:00;3; m/s
02-01-2025;19:50:00;4,1; m/s
02-01-2025;20:00:00;4,1; m/s
02-01-2025;20:10:00;3,5; m/s
02-01-2025;20:20:00;5,1; m/s
02-01-2025;20:30:00;4,8; m/s
02-01-2025;20:40:00;3,5; m/s
02-01-2025;20:50:00;4,8; m/s
02-01-2025;21:00:00;4,9; m/s
02-01-2025;21:10:00;4,1; m/s
02-01-2025;21:20:00;3,6; m/s
02-01-2025;21:30:00;3,3; m/s
02-01-2025;21:40:00;4; m/s
02-01-2025;21:50:00;4,5; m/s
02-01-2025;22:00:00;3,7; m/s
02-01-2025;22:10:00;3,5; m/s
02-01-2025;22:20:00;5,2; m/s
02-01-2025;22:30:00;4,9; m/s
02-01-2025;22:40:00;4,9; m/s
02-01-2025;22:50:00;5,4; m/s
02-01-2025;23:00:00;5,4; m/s
02-01-2025;23:10:00;6; m/s
02-01-2025;23:20:00;6,4; m/s
02-01-2025;23:30:00;6,5; m/s
02-01-2025;23:40:00;6; m/s
02-01-2025;23:50:00;5,4; m/s
03-01-2025;00:00:00;5,3; m/s
03-01-2025;00:10:00;5,3; m/s
03-01-2025;00:20:00;5,1; m/s
03-01-2025;00:30:00;5,8; m/s
03-01-2025;00:40:00;4,2; m/s
03-01-2025;00:50:00;5,2; m/s
03-01-2025;01:00:00;5,3; m/s
03-01-2025;01:10:00;5,4; m/s
03-01-2025;01:20:00;5,9; m/s
03-01-2025;01:30:00;5,6; m/s
03-01-2025;01:40:00;6,6; m/s
03-01-2025;01:50:00;7; m/s
03-01-2025;02:00:00;7,5; m/s
03-01-2025;02:10:00;6,4; m/s
03-01-2025;02:20:00;6,4; m/s
03-01-2025;02:30:00;4,7; m/s
03-01-2025;02:40:00;6,4; m/s
03-01-2025;02:50:00;7,3; m/s
03-01-2025;03:00:00;8,3; m/s
03-01-2025;03:10:00;7,9; m/s
03-01-2025;03:20:00;8,6; m/s
03-01-2025;03:30:00;7,5; m/s
03-01-2025;03:40:00;8,2; m/s
03-01-2025;03:50:00;8,1; m/s
03-01-2025;04:00:00;7,6; m/s
03-01-2025;04:10:00;7,3; m/s
03-01-2025;04:20:00;6,5; m/s
03-01-2025;04:30:00;7,9; m/s
03-01-2025;04:40:00;8,3; m/s
03-01-2025;04:50:00;8,2; m/s
03-01-2025;05:00:00;7,2; m/s
03-01-2025;05:10:00;6,9; m/s
03-01-2025;05:20:00;7,1; m/s
03-01-2025;05:30:00;7,4; m/s
03-01-2025;05:40:00;7,2; m/s
03-01-2025;05:50:00;7,5; m/s
03-01-2025;06:00:00;8,7; m/s
03-01-2025;06:10:00;8,5; m/s
03-01-2025;06:20:00;8,5; m/s
03-01-2025;06:30:00;9,1; m/s
03-01-2025;06:40:00;9; m/s
03-01-2025;06:50:00;9; m/s
03-01-2025;07:00:00;8,4; m/s
03-01-2025;07:10:00;5,4; m/s
03-01-2025;07:20:00;6,8; m/s
03-01-2025;07:30:00;6,3; m/s
03-01-2025;07:40:00;8,3; m/s
03-01-2025;07:50:00;9,6; m/s
03-01-2025;08:00:00;9,3; m/s
03-01-2025;08:10:00;10,3; m/s
03-01-2025;08:20:00;11,4; m/s
03-01-2025;08:30:00;11,2; m/s
03-01-2025;08:40:00;9,6; m/s
03-01-2025;08:50:00;9,7; m/s
03-01-2025;09:00:00;11,2; m/s
03-01-2025;09:10:00;11,2; m/s
03-01-2025;09:20:00;10,2; m/s
03-01-2025;09:30:00;10,6; m/s
03-01-2025;09:40:00;11,2; m/s
03-01-2025;09:50:00;10,7; m/s
03-01-2025;10:00:00;10,5; m/s
03-01-2025;10:10:00;9,8; m/s
03-01-2025;10:20:00;10,4; m/s
03-01-2025;10:30:00;10,2; m/s
03-01-2025;10:40:00;11,4; m/s
03-01-2025;10:50:00;9,9; m/s
03-01-2025;11:00:00;10,2; m/s
03-01-2025;11:10:00;10,9; m/s
03-01-2025;11:20:00;9,7; m/s
03-01-2025;11:30:00;9,9; m/s
03-01-2025;11:40:00;11,1; m/s
03-01-2025;11:50:00;11,4; m/s
03-01-2025;12:00:00;9,4; m/s
03-01-2025;12:10:00;10,6; m/s
03-01-2025;12:20:00;8,8; m/s
03-01-2025;12:30:00;10,1; m/s
03-01-2025;12:40:00;10,4; m/s
03-01-2025;12:50:00;10,8; m/s
03-01-2025;13:00:00;10,8; m/s
03-01-2025;13:10:00;9,9; m/s
03-01-2025;13:20:00;11,9; m/s
03-01-2025;13:30:00;12,6; m/s
03-01-2025;13:40:00;12,2; m/s
03-01-2025;13:50:00;12,2; m/s
03-01-2025;14:00:00;12,9; m/s
03-01-2025;14:10:00;12; m/s
03-01-2025;14:20:00;11,2; m/s
03-01-2025;14:30:00;10,2; m/s
03-01-2025;14:40:00;10,1; m/s
03-01-2025;14:50:00;9,6; m/s
03-01-2025;15:00:00;8,1; m/s
03-01-2025;15:10:00;9,1; m/s
03-01-2025;15:20:00;9,1; m/s
03-01-2025;15:30:00;7,3; m/s
03-01-2025;15:40:00;7,3; m/s
03-01-2025;15:50:00;7,3; m/s
03-01-2025;16:00:00;8,6; m/s
03-01-2025;16:10:00;8,5; m/s
03-01-2025;16:20:00;6,8; m/s
03-01-2025;16:30:00;6,9; m/s
03-01-2025;16:40:00;6,5; m/s
03-01-2025;16:50:00;7; m/s
03-01-2025;17:00:00;8,9; m/s
03-01-2025;17:10:00;11,6; m/s
03-01-2025;17:20:00;12,5; m/s
03-01-2025;17:30:00;9,8; m/s
03-01-2025;17:40:00;8,2; m/s
03-01-2025;17:50:00;9,8; m/s
03-01-2025;18:00:00;9,6; m/s
03-01-2025;18:10:00;9,8; m/s
03-01-2025;18:20:00;9,2; m/s
03-01-2025;18:30:00;9,8; m/s
03-01-2025;18:40:00;9,5; m/s
03-01-2025;18:50:00;10,2; m/s
03-01-2025;19:00:00;9,7; m/s
03-01-2025;19:10:00;8,8; m/s
03-01-2025;19:20:00;10,6; m/s
03-01-2025;19:30:00;11,9; m/s
03-01-2025;19:40:00;10,7; m/s
03-01-2025;19:50:00;10,3; m/s
03-01-2025;20:00:00;10,6; m/s
03-01-2025;20:10:00;10,9; m/s
03-01-2025;20:20:00;9,6; m/s
03-01-2025;20:30:00;9,8; m/s
03-01-2025;20:40:00;10,1; m/s
03-01-2025;20:50:00;9,3; m/s
03-01-2025;21:00:00;9,8; m/s
03-01-2025;21:10:00;9,6; m/s
03-01-2025;21:20:00;8,1; m/s
03-01-2025;21:30:00;8,4; m/s
03-01-2025;21:40:00;8,7; m/s
03-01-2025;21:50:00;10; m/s
03-01-2025;22:00:00;8; m/s
03-01-2025;22:10:00;6,9; m/s
03-01-2025;22:20:00;6,8; m/s
03-01-2025;22:30:00;8,4; m/s
03-01-2025;22:40:00;10; m/s
03-01-2025;22:50:00;10,4; m/s
03-01-2025;23:00:00;10,8; m/s
03-01-2025;23:10:00;10,2; m/s
03-01-2025;23:20:00;8; m/s
03-01-2025;23:30:00;8,5; m/s
03-01-2025;23:40:00;8,7; m/s
03-01-2025;23:50:00;7,5; m/s
04-01-2025;00:00:00;7; m/s
04-01-2025;00:20:00;6,4; m/s
04-01-2025;00:30:00;7,5; m/s
04-01-2025;00:40:00;8; m/s
04-01-2025;00:50:00;6,6; m/s
04-01-2025;01:00:00;7,1; m/s
04-01-2025;01:10:00;7,4; m/s
04-01-2025;01:20:00;8; m/s
04-01-2025;01:30:00;8,1; m/s
04-01-2025;01:40:00;8; m/s
04-01-2025;01:50:00;4,8; m/s
04-01-2025;02:00:00;3,9; m/s
04-01-2025;02:10:00;3,5; m/s
04-01-2025;02:20:00;3,2; m/s
04-01-2025;02:30:00;3,3; m/s
04-01-2025;02:40:00;3,2; m/s
04-01-2025;02:50:00;2,7; m/s
04-01-2025;03:00:00;2,9; m/s
04-01-2025;03:10:00;2,9; m/s
04-01-2025;03:20:00;2,9; m/s
04-01-2025;03:30:00;3,5; m/s
04-01-2025;03:40:00;3,9; m/s
04-01-2025;03:50:00;3,2; m/s
04-01-2025;04:00:00;3,3; m/s
04-01-2025;04:10:00;3,6; m/s
04-01-2025;04:20:00;3,9; m/s
04-01-2025;04:30:00;4,1; m/s
04-01-2025;04:40:00;3,9; m/s
04-01-2025;04:50:00;4,6; m/s
04-01-2025;05:00:00;5,4; m/s
04-01-2025;05:10:00;4,9; m/s
04-01-2025;05:20:00;5,6; m/s
04-01-2025;05:30:00;5,9; m/s
04-01-2025;05:40:00;6,2; m/s
04-01-2025;05:50:00;5,6; m/s
04-01-2025;06:00:00;5,5; m/s
04-01-2025;06:10:00;5,5; m/s
04-01-2025;06:20:00;5,9; m/s
04-01-2025;06:30:00;6; m/s
04-01-2025;06:40:00;4,7; m/s
04-01-2025;06:50:00;4,1; m/s
04-01-2025;07:00:00;2,5; m/s
04-01-2025;07:10:00;2,5; m/s
04-01-2025;07:20:00;2,8; m/s
04-01-2025;07:30:00;2,8; m/s
04-01-2025;07:40:00;3; m/s
04-01-2025;07:50:00;3; m/s
04-01-2025;08:00:00;3,4; m/s
04-01-2025;08:10:00;4,4; m/s
04-01-2025;08:20:00;4,9; m/s
04-01-2025;08:30:00;4,8; m/s
04-01-2025;08:40:00;4,2; m/s
04-01-2025;08:50:00;3,4; m/s
04-01-2025;09:00:00;3,5; m/s
04-01-2025;09:10:00;2,4; m/s
04-01-2025;09:20:00;2,1; m/s
04-01-2025;09:30:00;3,2; m/s
04-01-2025;09:40:00;2,2; m/s
04-01-2025;09:50:00;2,4; m/s
04-01-2025;10:00:00;2,1; m/s
04-01-2025;10:10:00;1,6; m/s
04-01-2025;10:20:00;2; m/s
04-01-2025;10:30:00;2,7; m/s
04-01-2025;10:40:00;2,3; m/s
04-01-2025;10:50:00;2,2; m/s
04-01-2025;11:00:00;1,6; m/s
04-01-2025;11:10:00;2; m/s
04-01-2025;11:20:00;2,5; m/s
04-01-2025;11:30:00;2,8; m/s
04-01-2025;11:40:00;2,3; m/s
04-01-2025;11:50:00;2,6; m/s
04-01-2025;12:00:00;2,7; m/s
04-01-2025;12:10:00;2,1; m/s
04-01-2025;12:20:00;1,5; m/s
04-01-2025;12:30:00;1,9; m/s
04-01-2025;12:40:00;1,6; m/s
04-01-2025;12:50:00;1,5; m/s
04-01-2025;13:00:00;1,2; m/s
04-01-2025;13:10:00;1,1; m/s
04-01-2025;13:20:00;2,2; m/s
04-01-2025;13:30:00;1,6; m/s
04-01-2025;13:40:00;1,2; m/s
04-01-2025;13:50:00;1,7; m/s
04-01-2025;14:00:00;2,2; m/s
04-01-2025;14:10:00;2,3; m/s
04-01-2025;14:20:00;1,9; m/s
04-01-2025;14:30:00;1,6; m/s
04-01-2025;14:40:00;1,5; m/s
04-01-2025;14:50:00;1,6; m/s
04-01-2025;15:00:00;1,4; m/s
04-01-2025;15:10:00;1,6; m/s
04-01-2025;15:20:00;1,4; m/s
04-01-2025;15:30:00;1,4; m/s
04-01-2025;15:40:00;1,3; m/s
04-01-2025;15:50:00;1,7; m/s
04-01-2025;16:00:00;1,5; m/s
04-01-2025;16:10:00;1; m/s
04-01-2025;16:20:00;1,2; m/s
04-01-2025;16:30:00;1,3; m/s
04-01-2025;16:40:00;1,3; m/s
04-01-2025;16:50:00;1,7; m/s
04-01-2025;17:00:00;1,3; m/s
04-01-2025;17:10:00;1,2; m/s
04-01-2025;17:20:00;2; m/s
04-01-2025;17:30:00;1,3; m/s
04-01-2025;17:40:00;1,2; m/s
04-01-2025;17:50:00;1,8; m/s
04-01-2025;18:00:00;2,6; m/s
04-01-2025;18:10:00;2,2; m/s
04-01-2025;18:20:00;2,1; m/s
04-01-2025;18:30:00;2,2; m/s
04-01-2025;18:40:00;2,3; m/s
04-01-2025;18:50:00;2; m/s
04-01-2025;19:00:00;1,7; m/s
04-01-2025;19:10:00;1,9; m/s
04-01-2025;19:20:00;2,1; m/s
04-01-2025;19:30:00;1,9; m/s
04-01-2025;19:40:00;2; m/s
04-01-2025;19:50:00;1,9; m/s
04-01-2025;20:00:00;2,5; m/s
04-01-2025;20:10:00;2,5; m/s
04-01-2025;20:20:00;1,8; m/s
04-01-2025;20:30:00;2,3; m/s
04-01-2025;20:40:00;2,1; m/s
04-01-2025;20:50:00;2,1; m/s
04-01-2025;21:00:00;2,7; m/s
04-01-2025;21:10:00;2,4; m/s
04-01-2025;21:20:00;3; m/s
04-01-2025;21:30:00;2,9; m/s
04-01-2025;21:40:00;3; m/s
04-01-2025;21:50:00;2,6; m/s
04-01-2025;22:00:00;2,2; m/s
04-01-2025;22:10:00;2,2; m/s
04-01-2025;22:20:00;2,4; m/s
04-01-2025;22:30:00;2,3; m/s
04-01-2025;22:40:00;2,2; m/s
04-01-2025;22:50:00;1,3; m/s
04-01-2025;23:00:00;0,5; m/s
04-01-2025;23:10:00;1,1; m/s
04-01-2025;23:20:00;1,8; m/s
04-01-2025;23:30:00;1,8; m/s
04-01-2025;23:40:00;1,9; m/s
04-01-2025;23:50:00;1,7; m/s
05-01-2025;00:00:00;0,4; m/s
05-01-2025;00:10:00;1,7; m/s
05-01-2025;00:20:00;1,6; m/s
05-01-2025;00:30:00;1,3; m/s
05-01-2025;00:40:00;1,1; m/s
05-01-2025;00:50:00;0,9; m/s
05-01-2025;01:00:00;0,8; m/s
05-01-2025;01:10:00;1,2; m/s
05-01-2025;01:20:00;0,7; m/s
05-01-2025;01:30:00;1,2; m/s
05-01-2025;01:40:00;0,9; m/s
05-01-2025;01:50:00;0,8; m/s
05-01-2025;02:00:00;0,6; m/s
05-01-2025;02:10:00;0,8; m/s
05-01-2025;02:20:00;0,3; m/s
05-01-2025;02:30:00;0,4; m/s
05-01-2025;02:40:00;1; m/s
05-01-2025;02:50:00;0,9; m/s
05-01-2025;03:00:00;0,8; m/s
05-01-2025;03:10:00;0,7; m/s
05-01-2025;03:20:00;0,8; m/s
05-01-2025;03:30:00;0,6; m/s
05-01-2025;03:40:00;0,7; m/s
05-01-2025;03:50:00;0,9; m/s
05-01-2025;04:00:00;1,1; m/s
05-01-2025;04:10:00;0,9; m/s
05-01-2025;04:20:00;1; m/s
05-01-2025;04:30:00;0,8; m/s
05-01-2025;04:40:00;1,2; m/s
05-01-2025;04:50:00;0,8; m/s
05-01-2025;05:00:00;1; m/s
05-01-2025;05:10:00;1,9; m/s
05-01-2025;05:20:00;1,7; m/s
05-01-2025;05:30:00;2,1; m/s
05-01-2025;05:40:00;2,5; m/s
05-01-2025;05:50:00;2,5; m/s
05-01-2025;06:00:00;2,3; m/s
05-01-2025;06:10:00;2; m/s
05-01-2025;06:20:00;2,2; m/s
05-01-2025;06:30:00;2,3; m/s
05-01-2025;06:40:00;2,2; m/s
05-01-2025;06:50:00;2,3; m/s
05-01-2025;07:00:00;2,4; m/s
05-01-2025;07:10:00;2,4; m/s
05-01-2025;07:20:00;2,6; m/s
05-01-2025;07:30:00;2,6; m/s
05-01-2025;07:40:00;2,8; m/s
05-01-2025;07:50:00;3,1; m/s
05-01-2025;08:00:00;3,1; m/s
05-01-2025;08:10:00;3,2; m/s
05-01-2025;08:20:00;3; m/s
05-01-2025;08:30:00;2,6; m/s
05-01-2025;08:40:00;2,3; m/s
05-01-2025;08:50:00;2,3; m/s
05-01-2025;09:00:00;2,6; m/s
05-01-2025;09:10:00;3,1; m/s
05-01-2025;09:20:00;3,5; m/s
05-01-2025;09:30:00;2,7; m/s
05-01-2025;09:40:00;2,6; m/s
05-01-2025;09:50:00;2,9; m/s
05-01-2025;10:00:00;2,7; m/s
05-01-2025;10:10:00;2,6; m/s
05-01-2025;10:20:00;2,7; m/s
05-01-2025;10:30:00;2,8; m/s
05-01-2025;10:40:00;3,1; m/s
05-01-2025;10:50:00;2,6; m/s
05-01-2025;11:00:00;3,1; m/s
05-01-2025;11:10:00;3,2; m/s
05-01-2025;11:20:00;2,4; m/s
05-01-2025;11:30:00;2,4; m/s
05-01-2025;11:40:00;2,2; m/s
05-01-2025;11:50:00;2; m/s
05-01-2025;12:00:00;2; m/s
05-01-2025;12:10:00;2,3; m/s
05-01-2025;12:20:00;1,8; m/s
05-01-2025;12:30:00;1,6; m/s
05-01-2025;12:40:00;1,8; m/s
05-01-2025;12:50:00;1,5; m/s
05-01-2025;13:00:00;1,5; m/s
05-01-2025;13:10:00;1,5; m/s
05-01-2025;13:20:00;1,4; m/s
05-01-2025;13:30:00;1,4; m/s
05-01-2025;13:40:00;1,6; m/s
05-01-2025;13:50:00;1,7; m/s
05-01-2025;14:00:00;2,7; m/s
05-01-2025;14:10:00;3; m/s
05-01-2025;14:20:00;2,9; m/s
05-01-2025;14:30:00;3,1; m/s
05-01-2025;14:40:00;2,5; m/s
05-01-2025;14:50:00;2,2; m/s
05-01-2025;15:00:00;2; m/s
05-01-2025;15:10:00;2,3; m/s
05-01-2025;15:20:00;2; m/s
05-01-2025;15:30:00;2,4; m/s
05-01-2025;15:40:00;2; m/s
05-01-2025;15:50:00;2,3; m/s
05-01-2025;16:00:00;1,7; m/s
05-01-2025;16:10:00;1,9; m/s
05-01-2025;16:20:00;2; m/s
05-01-2025;16:30:00;2,4; m/s
05-01-2025;16:40:00;2,2; m/s
05-01-2025;16:50:00;1,9; m/s
05-01-2025;17:00:00;2; m/s
05-01-2025;17:10:00;2,5; m/s
05-01-2025;17:20:00;2,5; m/s
05-01-2025;17:30:00;2; m/s
05-01-2025;17:40:00;2,3; m/s
05-01-2025;17:50:00;2,2; m/s
05-01-2025;18:00:00;2,6; m/s
05-01-2025;18:10:00;2; m/s
05-01-2025;18:20:00;2,6; m/s
05-01-2025;18:30:00;2,1; m/s
05-01-2025;18:40:00;2,4; m/s
05-01-2025;18:50:00;2,3; m/s
05-01-2025;19:00:00;1,9; m/s
05-01-2025;19:10:00;2,5; m/s
05-01-2025;19:20:00;2,2; m/s
05-01-2025;19:30:00;2; m/s
05-01-2025;19:40:00;1,9; m/s
05-01-2025;19:50:00;2,5; m/s
05-01-2025;20:00:00;2,7; m/s
05-01-2025;20:10:00;2,7; m/s
05-01-2025;20:20:00;2,3; m/s
05-01-2025;20:30:00;2,3; m/s
05-01-2025;20:40:00;2,1; m/s
05-01-2025;20:50:00;1,8; m/s
05-01-2025;21:00:00;2,1; m/s
05-01-2025;21:10:00;2; m/s
05-01-2025;21:20:00;2,3; m/s
05-01-2025;21:30:00;2,1; m/s
05-01-2025;21:40:00;2,1; m/s
05-01-2025;21:50:00;2,7; m/s
05-01-2025;22:00:00;2,8; m/s
05-01-2025;22:10:00;2,3; m/s
05-01-2025;22:20:00;2,4; m/s
05-01-2025;22:30:00;2,3; m/s
05-01-2025;22:40:00;2; m/s
05-01-2025;22:50:00;2,2; m/s
05-01-2025;23:00:00;2,2; m/s
05-01-2025;23:10:00;2,3; m/s
05-01-2025;23:20:00;2,4; m/s
05-01-2025;23:30:00;2,3; m/s
05-01-2025;23:40:00;2; m/s
05-01-2025;23:50:00;2,5; m/s
06-01-2025;00:00:00;2,4; m/s
06-01-2025;00:10:00;2,5; m/s
06-01-2025;00:20:00;2,7; m/s
06-01-2025;00:30:00;2,6; m/s
06-01-2025;00:40:00;2,2; m/s
06-01-2025;00:50:00;2,4; m/s
06-01-2025;01:00:00;2,6; m/s
06-01-2025;01:10:00;2,8; m/s
06-01-2025;01:20:00;3,5; m/s
06-01-2025;01:30:00;3; m/s
06-01-2025;01:40:00;3,1; m/s
06-01-2025;01:50:00;3,1; m/s
06-01-2025;02:00:00;3,7; m/s
06-01-2025;02:10:00;3,1; m/s
06-01-2025;02:20:00;2,8; m/s
06-01-2025;02:30:00;2,5; m/s
06-01-2025;02:40:00;2,6; m/s
06-01-2025;02:50:00;2,7; m/s
06-01-2025;03:00:00;2,8; m/s
06-01-2025;03:10:00;2,9; m/s
06-01-2025;03:20:00;2,8; m/s
06-01-2025;03:30:00;2,6; m/s
06-01-2025;03:40:00;2,6; m/s
06-01-2025;03:50:00;2,8; m/s
06-01-2025;04:00:00;3,2; m/s
06-01-2025;04:10:00;3,6; m/s
06-01-2025;04:20:00;3,4; m/s
06-01-2025;04:30:00;2,8; m/s
06-01-2025;04:40:00;2,9; m/s
06-01-2025;04:50:00;3,1; m/s
06-01-2025;05:00:00;2,9; m/s
06-01-2025;05:10:00;3; m/s
06-01-2025;05:20:00;3,3; m/s
06-01-2025;05:30:00;3; m/s
06-01-2025;05:40:00;2,9; m/s
06-01-2025;05:50:00;3,3; m/s
06-01-2025;06:00:00;3,1; m/s
06-01-2025;06:10:00;2,9; m/s
06-01-2025;06:20:00;2,6; m/s
06-01-2025;06:30:00;2,7; m/s
06-01-2025;06:40:00;3; m/s
06-01-2025;06:50:00;3; m/s
06-01-2025;07:00:00;3,1; m/s
06-01-2025;07:10:00;3,4; m/s
06-01-2025;07:20:00;3,6; m/s
06-01-2025;07:30:00;3,3; m/s
06-01-2025;07:40:00;2,6; m/s
06-01-2025;07:50:00;3,1; m/s
06-01-2025;08:00:00;3,9; m/s
06-01-2025;08:10:00;4,1; m/s
06-01-2025;08:20:00;4,5; m/s
06-01-2025;08:30:00;4; m/s
06-01-2025;08:40:00;4,6; m/s
06-01-2025;08:50:00;4,6; m/s
06-01-2025;09:00:00;3,9; m/s
06-01-2025;09:10:00;3,8; m/s
06-01-2025;09:20:00;2,9; m/s
06-01-2025;09:30:00;3,1; m/s
06-01-2025;09:40:00;2,8; m/s
06-01-2025;09:50:00;3,6; m/s
06-01-2025;10:00:00;3,1; m/s
06-01-2025;10:10:00;3,1; m/s
06-01-2025;10:20:00;2,9; m/s
06-01-2025;10:30:00;3,3; m/s
06-01-2025;10:40:00;2,1; m/s
06-01-2025;10:50:00;3,1; m/s
06-01-2025;11:00:00;3,4; m/s
06-01-2025;11:10:00;2,5; m/s
06-01-2025;11:20:00;4; m/s
06-01-2025;11:30:00;3,2; m/s
06-01-2025;11:40:00;3,5; m/s
06-01-2025;11:50:00;3,7; m/s
06-01-2025;12:00:00;3,4; m/s
06-01-2025;12:10:00;3,3; m/s
06-01-2025;12:20:00;3,1; m/s
06-01-2025;12:30:00;4; m/s
06-01-2025;12:40:00;4,3; m/s
06-01-2025;12:50:00;4,1; m/s
06-01-2025;13:00:00;3,8; m/s
06-01-2025;13:10:00;2,9; m/s
06-01-2025;13:20:00;3,4; m/s
06-01-2025;13:30:00;3,5; m/s
06-01-2025;13:40:00;3,5; m/s
06-01-2025;13:50:00;3,3; m/s
06-01-2025;14:00:00;3,1; m/s
06-01-2025;14:10:00;2,7; m/s
06-01-2025;14:20:00;3,5; m/s
06-01-2025;14:30:00;3,2; m/s
06-01-2025;14:40:00;3,3; m/s
06-01-2025;14:50:00;4; m/s
06-01-2025;15:00:00;3,7; m/s
06-01-2025;15:10:00;4,1; m/s
06-01-2025;15:20:00;3,8; m/s
06-01-2025;15:30:00;3,6; m/s
06-01-2025;15:40:00;3,3; m/s
06-01-2025;15:50:00;3,6; m/s
06-01-2025;16:00:00;3,7; m/s
06-01-2025;16:10:00;3,5; m/s
06-01-2025;16:20:00;3,1; m/s
06-01-2025;16:30:00;3,9; m/s
06-01-2025;16:40:00;3,6; m/s
06-01-2025;16:50:00;3,3; m/s
06-01-2025;17:00:00;3,9; m/s
06-01-2025;17:10:00;3,4; m/s
06-01-2025;17:20:00;3,2; m/s
06-01-2025;17:30:00;2,7; m/s
06-01-2025;17:40:00;3,1; m/s
06-01-2025;17:50:00;2,8; m/s
06-01-2025;18:00:00;2,9; m/s
06-01-2025;18:10:00;3,1; m/s
06-01-2025;18:20:00;3,1; m/s
06-01-2025;18:30:00;2,8; m/s
06-01-2025;18:40:00;2,8; m/s
06-01-2025;18:50:00;3,4; m/s
06-01-2025;19:00:00;3,1; m/s
06-01-2025;19:10:00;2,9; m/s
06-01-2025;19:20:00;3,8; m/s
06-01-2025;19:30:00;3,1; m/s
06-01-2025;19:40:00;4,1; m/s
06-01-2025;19:50:00;4,2; m/s
06-01-2025;20:00:00;3,4; m/s
06-01-2025;20:10:00;3,7; m/s
06-01-2025;20:20:00;3,6; m/s
06-01-2025;20:30:00;3,7; m/s
06-01-2025;20:40:00;3,5; m/s
06-01-2025;20:50:00;3,4; m/s
06-01-2025;21:00:00;3,3; m/s
06-01-2025;21:10:00;4,1; m/s
06-01-2025;21:20:00;3,5; m/s
06-01-2025;21:30:00;3,7; m/s
06-01-2025;21:40:00;2,9; m/s
06-01-2025;21:50:00;2,7; m/s
06-01-2025;22:00:00;3,5; m/s
06-01-2025;22:10:00;3,8; m/s
06-01-2025;22:20:00;3,9; m/s
06-01-2025;22:30:00;3; m/s
06-01-2025;22:40:00;3,7; m/s
06-01-2025;22:50:00;3,8; m/s
06-01-2025;23:00:00;4,1; m/s
06-01-2025;23:10:00;3,8; m/s
06-01-2025;23:20:00;3; m/s
06-01-2025;23:30:00;3,2; m/s
06-01-2025;23:40:00;3; m/s
06-01-2025;23:50:00;2,9; m/s
07-01-2025;00:00:00;4,7; m/s
07-01-2025;00:10:00;3,6; m/s
07-01-2025;00:20:00;3; m/s
07-01-2025;00:30:00;3,4; m/s
07-01-2025;00:40:00;2,7; m/s
07-01-2025;00:50:00;3,2; m/s
07-01-2025;01:00:00;2,9; m/s
07-01-2025;01:10:00;2,6; m/s
07-01-2025;01:20:00;3; m/s
07-01-2025;01:30:00;3,1; m/s
07-01-2025;01:40:00;3,1; m/s
07-01-2025;01:50:00;3,4; m/s
07-01-2025;02:00:00;3,2; m/s
07-01-2025;02:10:00;3,2; m/s
07-01-2025;02:20:00;3; m/s
07-01-2025;02:30:00;2,9; m/s
07-01-2025;02:40:00;2,9; m/s
07-01-2025;02:50:00;2,7; m/s
07-01-2025;03:00:00;2,7; m/s
07-01-2025;03:10:00;2,6; m/s
07-01-2025;03:20:00;2,9; m/s
07-01-2025;03:30:00;3; m/s
07-01-2025;03:40:00;2,8; m/s
07-01-2025;03:50:00;2,9; m/s
07-01-2025;04:00:00;2,8; m/s
07-01-2025;04:10:00;2,6; m/s
07-01-2025;04:20:00;3; m/s
07-01-2025;04:30:00;3,1; m/s
07-01-2025;04:40:00;3,1; m/s
07-01-2025;04:50:00;3,3; m/s
07-01-2025;05:00:00;3,4; m/s
07-01-2025;05:10:00;3,2; m/s
07-01-2025;05:20:00;3,6; m/s
07-01-2025;05:30:00;3,8; m/s
07-01-2025;05:40:00;3,8; m/s
07-01-2025;05:50:00;3,7; m/s
07-01-2025;06:00:00;3,7; m/s
07-01-2025;06:10:00;3,5; m/s
07-01-2025;06:20:00;3,4; m/s
07-01-2025;06:30:00;4,4; m/s
07-01-2025;06:40:00;4,3; m/s
07-01-2025;06:50:00;4; m/s
07-01-2025;07:00:00;3,6; m/s
07-01-2025;07:10:00;4; m/s
07-01-2025;07:20:00;3,8; m/s
07-01-2025;07:30:00;3,8; m/s
07-01-2025;07:40:00;3,5; m/s
07-01-2025;07:50:00;3,3; m/s
07-01-2025;08:00:00;3,3; m/s
07-01-2025;08:10:00;3,2; m/s
07-01-2025;08:20:00;3,4; m/s
07-01-2025;08:30:00;3,6; m/s
07-01-2025;08:40:00;3,6; m/s
07-01-2025;08:50:00;3,9; m/s
07-01-2025;09:00:00;3,2; m/s
07-01-2025;09:10:00;3,5; m/s
07-01-2025;09:20:00;3,7; m/s
07-01-2025;09:30:00;4,8; m/s
07-01-2025;09:40:00;4,3; m/s
07-01-2025;09:50:00;4,4; m/s
07-01-2025;10:00:00;3,7; m/s
07-01-2025;10:10:00;4,5; m/s
07-01-2025;10:20:00;3,5; m/s
07-01-2025;10:30:00;3,4; m/s
07-01-2025;10:40:00;3,4; m/s
07-01-2025;10:50:00;3,9; m/s
07-01-2025;11:00:00;3,5; m/s
07-01-2025;11:10:00;3,7; m/s
07-01-2025;11:20:00;3,9; m/s
07-01-2025;11:30:00;3,5; m/s
07-01-2025;11:40:00;3,4; m/s
07-01-2025;11:50:00;3,7; m/s
07-01-2025;12:00:00;3,4; m/s
07-01-2025;12:10:00;3,8; m/s
07-01-2025;12:20:00;4,1; m/s
07-01-2025;12:30:00;4,5; m/s
07-01-2025;12:40:00;5; m/s
07-01-2025;12:50:00;5,1; m/s
07-01-2025;13:00:00;4,7; m/s
07-01-2025;13:10:00;4,6; m/s
07-01-2025;13:20:00;4,2; m/s
07-01-2025;13:30:00;4; m/s
07-01-2025;13:40:00;4; m/s
07-01-2025;13:50:00;4,3; m/s
07-01-2025;14:00:00;3,7; m/s
07-01-2025;14:10:00;3,1; m/s
07-01-2025;14:20:00;3,1; m/s
07-01-2025;14:30:00;3,2; m/s
07-01-2025;14:40:00;3,3; m/s
07-01-2025;14:50:00;3,2; m/s
07-01-2025;15:00:00;2,9; m/s
07-01-2025;15:10:00;2,8; m/s
07-01-2025;15:20:00;3,6; m/s
07-01-2025;15:30:00;4,4; m/s
07-01-2025;15:40:00;4,3; m/s
07-01-2025;15:50:00;4,4; m/s
07-01-2025;16:00:00;4,8; m/s
07-01-2025;16:10:00;5; m/s
07-01-2025;16:20:00;4,2; m/s
07-01-2025;16:30:00;3,9; m/s
07-01-2025;16:40:00;3,9; m/s
07-01-2025;16:50:00;3,4; m/s
07-01-2025;17:00:00;3,8; m/s
07-01-2025;17:10:00;3,8; m/s
07-01-2025;17:20:00;3,8; m/s
07-01-2025;17:30:00;3,7; m/s
07-01-2025;17:40:00;4; m/s
07-01-2025;17:50:00;5,7; m/s
07-01-2025;18:00:00;5,9; m/s
07-01-2025;18:10:00;5,8; m/s
07-01-2025;18:20:00;5,1; m/s
07-01-2025;18:30:00;5; m/s
07-01-2025;18:40:00;5,3; m/s
07-01-2025;18:50:00;4,3; m/s
07-01-2025;19:00:00;3,6; m/s
07-01-2025;19:10:00;3,6; m/s
07-01-2025;19:20:00;3,4; m/s
07-01-2025;19:30:00;3,5; m/s
07-01-2025;19:40:00;4; m/s
07-01-2025;19:50:00;4,1; m/s
07-01-2025;20:00:00;4,2; m/s
07-01-2025;20:10:00;3,5; m/s
07-01-2025;20:20:00;3,4; m/s
07-01-2025;20:30:00;3,6; m/s
07-01-2025;20:40:00;3,5; m/s
07-01-2025;20:50:00;4,5; m/s
07-01-2025;21:00:00;4,3; m/s
07-01-2025;21:10:00;3,9; m/s
07-01-2025;21:20:00;2,9; m/s
07-01-2025;21:30:00;2,9; m/s
07-01-2025;21:40:00;2,4; m/s
07-01-2025;21:50:00;2,6; m/s
07-01-2025;22:00:00;2,2; m/s
07-01-2025;22:10:00;2,1; m/s
07-01-2025;22:20:00;2,6; m/s
07-01-2025;22:30:00;4,4; m/s
07-01-2025;22:40:00;5; m/s
07-01-2025;22:50:00;4,1; m/s
07-01-2025;23:00:00;3,9; m/s
07-01-2025;23:10:00;4,6; m/s
07-01-2025;23:20:00;4,7; m/s
07-01-2025;23:30:00;4,6; m/s
07-01-2025;23:40:00;6; m/s
07-01-2025;23:50:00;8,7; m/s
08-01-2025;00:00:00;8,5; m/s
08-01-2025;00:10:00;6,8; m/s
08-01-2025;00:20:00;5,1; m/s
08-01-2025;00:30:00;3,6; m/s
08-01-2025;00:40:00;2,6; m/s
08-01-2025;00:50:00;3; m/s
08-01-2025;01:00:00;4,2; m/s
08-01-2025;01:10:00;5; m/s
08-01-2025;01:20:00;5,6; m/s
08-01-2025;01:30:00;5,6; m/s
08-01-2025;01:40:00;5,4; m/s
08-01-2025;01:50:00;5,3; m/s
08-01-2025;02:00:00;5,6; m/s
08-01-2025;02:10:00;5,7; m/s
08-01-2025;02:20:00;5; m/s
08-01-2025;02:30:00;4,4; m/s
08-01-2025;02:40:00;3,8; m/s
08-01-2025;02:50:00;3,5; m/s
08-01-2025;03:00:00;2,8; m/s
08-01-2025;03:10:00;2,5; m/s
08-01-2025;03:20:00;2,9; m/s
08-01-2025;03:30:00;3,4; m/s
08-01-2025;03:40:00;3,9; m/s
08-01-2025;03:50:00;2,6; m/s
08-01-2025;04:00:00;2,9; m/s
08-01-2025;04:10:00;2,7; m/s
08-01-2025;04:20:00;2,8; m/s
08-01-2025;04:30:00;2,5; m/s
08-01-2025;04:40:00;2,5; m/s
08-01-2025;04:50:00;2,4; m/s
08-01-2025;05:00:00;1,8; m/s
08-01-2025;05:10:00;1,4; m/s
08-01-2025;05:20:00;2,2; m/s
08-01-2025;05:30:00;2,9; m/s
08-01-2025;05:40:00;2,6; m/s
08-01-2025;05:50:00;2,8; m/s
08-01-2025;06:00:00;2,7; m/s
08-01-2025;06:10:00;1,5; m/s
08-01-2025;06:20:00;2,2; m/s
08-01-2025;06:30:00;3; m/s
08-01-2025;06:40:00;2,6; m/s
08-01-2025;06:50:00;1,9; m/s
08-01-2025;07:00:00;2,1; m/s
08-01-2025;07:10:00;2,7; m/s
08-01-2025;07:20:00;2,6; m/s
08-01-2025;07:30:00;3; m/s
08-01-2025;07:40:00;2,3; m/s
08-01-2025;07:50:00;2,7; m/s
08-01-2025;08:00:00;2,5; m/s
08-01-2025;08:10:00;2,3; m/s
08-01-2025;08:20:00;1,9; m/s
08-01-2025;08:30:00;2,1; m/s
08-01-2025;08:40:00;2,7; m/s
08-01-2025;08:50:00;3,5; m/s
08-01-2025;09:00:00;5,4; m/s
08-01-2025;09:10:00;5; m/s
08-01-2025;09:20:00;4,6; m/s
08-01-2025;09:30:00;2,5; m/s
08-01-2025;09:40:00;2,5; m/s
08-01-2025;09:50:00;2,2; m/s
08-01-2025;10:00:00;2,2; m/s
08-01-2025;10:10:00;2,4; m/s
08-01-2025;10:20:00;2,8; m/s
08-01-2025;10:30:00;2,7; m/s
08-01-2025;10:40:00;2,1; m/s
08-01-2025;10:50:00;2,8; m/s
08-01-2025;11:00:00;4,6; m/s
08-01-2025;11:10:00;6,3; m/s
08-01-2025;11:20:00;7,2; m/s
08-01-2025;11:30:00;6,1; m/s
08-01-2025;11:40:00;4,8; m/s
08-01-2025;11:50:00;5,1; m/s
08-01-2025;12:00:00;5,4; m/s
08-01-2025;12:10:00;6,1; m/s
08-01-2025;12:20:00;5,2; m/s
08-01-2025;12:30:00;4,4; m/s
08-01-2025;12:40:00;4,6; m/s
08-01-2025;12:50:00;4,4; m/s
08-01-2025;13:00:00;3,7; m/s
08-01-2025;13:10:00;3,3; m/s
08-01-2025;13:20:00;4; m/s
08-01-2025;13:30:00;4,3; m/s
08-01-2025;13:40:00;5,2; m/s
08-01-2025;13:50:00;4,6; m/s
08-01-2025;14:00:00;4,7; m/s
08-01-2025;14:10:00;5,1; m/s
08-01-2025;14:20:00;5,4; m/s
08-01-2025;14:30:00;5; m/s
08-01-2025;14:40:00;5,2; m/s
08-01-2025;14:50:00;5,1; m/s
08-01-2025;15:00:00;5,3; m/s
08-01-2025;15:10:00;5,6; m/s
08-01-2025;15:20:00;5,5; m/s
08-01-2025;15:30:00;5,1; m/s
08-01-2025;15:40:00;4,8; m/s
08-01-2025;15:50:00;4,6; m/s
08-01-2025;16:00:00;4,3; m/s
08-01-2025;16:10:00;4,2; m/s
08-01-2025;16:20:00;2,9; m/s
08-01-2025;16:30:00;3,5; m/s
08-01-2025;16:40:00;3; m/s
08-01-2025;16:50:00;3,4; m/s
08-01-2025;17:00:00;2,7; m/s
08-01-2025;17:10:00;2,5; m/s
08-01-2025;17:20:00;2,8; m/s
08-01-2025;17:30:00;3; m/s
08-01-2025;17:40:00;3,6; m/s
08-01-2025;17:50:00;3,4; m/s
08-01-2025;18:00:00;3,2; m/s
08-01-2025;18:10:00;2,6; m/s
08-01-2025;18:20:00;2,4; m/s
08-01-2025;18:30:00;3,3; m/s
08-01-2025;18:40:00;2,8; m/s
08-01-2025;18:50:00;2,2; m/s
08-01-2025;19:00:00;2,1; m/s
08-01-2025;19:10:00;2,5; m/s
08-01-2025;19:20:00;2,7; m/s
08-01-2025;19:30:00;1,5; m/s
08-01-2025;19:40:00;2; m/s
08-01-2025;19:50:00;2; m/s
08-01-2025;20:00:00;1,3; m/s
08-01-2025;20:10:00;2,3; m/s
08-01-2025;20:20:00;1,6; m/s
08-01-2025;20:30:00;1,7; m/s
08-01-2025;20:40:00;2,4; m/s
08-01-2025;20:50:00;2,7; m/s
08-01-2025;21:00:00;2,1; m/s
08-01-2025;21:10:00;2,2; m/s
08-01-2025;21:20:00;2; m/s
08-01-2025;21:30:00;2,1; m/s
08-01-2025;21:40:00;2,4; m/s
08-01-2025;21:50:00;2; m/s
08-01-2025;22:00:00;1,9; m/s
08-01-2025;22:10:00;2,2; m/s
08-01-2025;22:20:00;2,2; m/s
08-01-2025;22:30:00;2,6; m/s
08-01-2025;22:40:00;2,5; m/s
08-01-2025;22:50:00;2,2; m/s
08-01-2025;23:00:00;2,1; m/s
08-01-2025;23:10:00;2,3; m/s
08-01-2025;23:20:00;2; m/s
08-01-2025;23:30:00;1,9; m/s
08-01-2025;23:40:00;1,8; m/s
08-01-2025;23:50:00;1,9; m/s
09-01-2025;00:00:00;2; m/s
09-01-2025;00:10:00;1,8; m/s
09-01-2025;00:20:00;2,1; m/s
09-01-2025;00:30:00;2; m/s
09-01-2025;00:40:00;2,7; m/s
09-01-2025;00:50:00;2,4; m/s
09-01-2025;01:00:00;2,5; m/s
09-01-2025;01:10:00;2,8; m/s
09-01-2025;01:20:00;3,1; m/s
09-01-2025;01:30:00;3,1; m/s
09-01-2025;01:40:00;3; m/s
09-01-2025;01:50:00;3,5; m/s
09-01-2025;02:00:00;3,1; m/s
09-01-2025;02:10:00;2,5; m/s
09-01-2025;02:20:00;2,3; m/s
09-01-2025;02:30:00;3; m/s
09-01-2025;02:40:00;3,9; m/s
09-01-2025;02:50:00;2,8; m/s
09-01-2025;03:00:00;3,1; m/s
09-01-2025;03:10:00;2,8; m/s
09-01-2025;03:20:00;3; m/s
09-01-2025;03:30:00;3,3; m/s
09-01-2025;03:40:00;3,5; m/s
09-01-2025;03:50:00;3,2; m/s
09-01-2025;04:00:00;2,9; m/s
09-01-2025;04:10:00;3,4; m/s
09-01-2025;04:20:00;3; m/s
09-01-2025;04:30:00;2,4; m/s
09-01-2025;04:40:00;2,6; m/s
09-01-2025;04:50:00;2,8; m/s
09-01-2025;05:00:00;3,4; m/s
09-01-2025;05:10:00;3,1; m/s
09-01-2025;05:20:00;3,2; m/s
09-01-2025;05:30:00;3,8; m/s
09-01-2025;05:40:00;3,6; m/s
09-01-2025;05:50:00;3,2; m/s
09-01-2025;06:00:00;2,8; m/s
09-01-2025;06:10:00;3,2; m/s
09-01-2025;06:20:00;3,3; m/s
09-01-2025;06:30:00;3,4; m/s
09-01-2025;06:40:00;3,5; m/s
09-01-2025;06:50:00;3,4; m/s
09-01-2025;07:00:00;2,8; m/s
09-01-2025;07:10:00;3,5; m/s
09-01-2025;07:20:00;4,8; m/s
09-01-2025;07:30:00;5; m/s
09-01-2025;07:40:00;4,6; m/s
09-01-2025;07:50:00;4,8; m/s
09-01-2025;08:00:00;4,3; m/s
09-01-2025;08:10:00;4,5; m/s
09-01-2025;08:20:00;4,8; m/s
09-01-2025;08:30:00;4,1; m/s
09-01-2025;08:40:00;4; m/s
09-01-2025;08:50:00;5,8; m/s
09-01-2025;09:00:00;5,6; m/s
09-01-2025;09:10:00;4,6; m/s
09-01-2025;09:20:00;3,8; m/s
09-01-2025;09:30:00;3,1; m/s
09-01-2025;09:40:00;4; m/s
09-01-2025;09:50:00;4,4; m/s
09-01-2025;10:00:00;4,6; m/s
09-01-2025;10:10:00;3,6; m/s
09-01-2025;10:20:00;3,7; m/s
09-01-2025;10:30:00;4,1; m/s
09-01-2025;10:40:00;4,9; m/s
09-01-2025;10:50:00;4,9; m/s
09-01-2025;11:00:00;4,6; m/s
09-01-2025;11:10:00;4,2; m/s
09-01-2025;11:20:00;3,8; m/s
09-01-2025;11:30:00;4,5; m/s
09-01-2025;11:40:00;4,6; m/s
09-01-2025;11:50:00;5,4; m/s
09-01-2025;12:00:00;5,4; m/s
09-01-2025;12:10:00;5,5; m/s
09-01-2025;12:20:00;5,4; m/s
09-01-2025;12:30:00;5,3; m/s
09-01-2025;12:40:00;5,1; m/s
09-01-2025;12:50:00;5,7; m/s
09-01-2025;13:00:00;5,4; m/s
09-01-2025;13:10:00;4,1; m/s
09-01-2025;13:20:00;4,1; m/s
09-01-2025;13:30:00;3,9; m/s
09-01-2025;13:40:00;3,9; m/s
09-01-2025;13:50:00;5; m/s
09-01-2025;14:00:00;5; m/s
09-01-2025;14:10:00;4,7; m/s
09-01-2025;14:20:00;3,4; m/s
09-01-2025;14:30:00;3,5; m/s
09-01-2025;14:40:00;4,4; m/s
09-01-2025;14:50:00;4,7; m/s
09-01-2025;15:00:00;3,9; m/s
09-01-2025;15:10:00;3,9; m/s
09-01-2025;15:20:00;4,1; m/s
09-01-2025;15:30:00;4; m/s
09-01-2025;15:40:00;3,7; m/s
09-01-2025;15:50:00;3,8; m/s
09-01-2025;16:00:00;3,9; m/s
09-01-2025;16:10:00;3,5; m/s
09-01-2025;16:20:00;3,4; m/s
09-01-2025;16:30:00;3,9; m/s
09-01-2025;16:40:00;4,1; m/s
09-01-2025;16:50:00;3,5; m/s
09-01-2025;17:00:00;3,9; m/s
09-01-2025;17:10:00;3,7; m/s
09-01-2025;17:20:00;3,1; m/s
09-01-2025;17:30:00;3,7; m/s
09-01-2025;17:40:00;3,7; m/s
09-01-2025;17:50:00;3,3; m/s
09-01-2025;18:00:00;3,4; m/s
09-01-2025;18:10:00;3,3; m/s
09-01-2025;18:20:00;3,2; m/s
09-01-2025;18:30:00;3,5; m/s
09-01-2025;18:40:00;3,2; m/s
09-01-2025;18:50:00;3,4; m/s
09-01-2025;19:00:00;3,1; m/s
09-01-2025;19:10:00;3,1; m/s
09-01-2025;19:20:00;3,3; m/s
09-01-2025;19:30:00;2,8; m/s
09-01-2025;19:40:00;2,8; m/s
09-01-2025;19:50:00;2,9; m/s
09-01-2025;20:00:00;3,1; m/s
09-01-2025;20:10:00;2,4; m/s
09-01-2025;20:20:00;2,5; m/s
09-01-2025;20:30:00;2,3; m/s
09-01-2025;20:40:00;2,5; m/s
09-01-2025;20:50:00;2,1; m/s
09-01-2025;21:00:00;1,7; m/s
09-01-2025;21:10:00;2,1; m/s
09-01-2025;21:20:00;2,2; m/s
09-01-2025;21:30:00;2,2; m/s
09-01-2025;21:40:00;2,4; m/s
09-01-2025;21:50:00;2,3; m/s
09-01-2025;22:00:00;1,9; m/s
09-01-2025;22:10:00;2,3; m/s
09-01-2025;22:20:00;2,3; m/s
09-01-2025;22:30:00;3,3; m/s
09-01-2025;22:40:00;2,6; m/s
09-01-2025;22:50:00;1,9; m/s
09-01-2025;23:00:00;1,8; m/s
09-01-2025;23:10:00;2,5; m/s
09-01-2025;23:20:00;2,6; m/s
09-01-2025;23:30:00;2,6; m/s
09-01-2025;23:40:00;2,8; m/s
09-01-2025;23:50:00;3,7; m/s
10-01-2025;00:00:00;4,9; m/s
10-01-2025;00:10:00;5,1; m/s
10-01-2025;00:20:00;4,9; m/s
10-01-2025;00:30:00;4,5; m/s
10-01-2025;00:40:00;4,4; m/s
10-01-2025;00:50:00;4; m/s
10-01-2025;01:00:00;3,7; m/s
10-01-2025;01:10:00;3,5; m/s
10-01-2025;01:20:00;3,3; m/s
10-01-2025;01:30:00;3,4; m/s
10-01-2025;01:40:00;3,4; m/s
10-01-2025;01:50:00;3,7; m/s
10-01-2025;02:00:00;2; m/s
10-01-2025;02:10:00;2,1; m/s
10-01-2025;02:20:00;2,6; m/s
10-01-2025;02:30:00;2,9; m/s
10-01-2025;02:40:00;3,4; m/s
10-01-2025;02:50:00;3,2; m/s
10-01-2025;03:00:00;3,2; m/s
10-01-2025;03:10:00;2,9; m/s
10-01-2025;03:20:00;2,6; m/s
10-01-2025;03:30:00;2,6; m/s
10-01-2025;03:40:00;2,3; m/s
10-01-2025;03:50:00;2; m/s
10-01-2025;04:00:00;2,3; m/s
10-01-2025;04:10:00;2,6; m/s
10-01-2025;04:20:00;2,5; m/s
10-01-2025;04:30:00;4; m/s
10-01-2025;04:40:00;2,9; m/s
10-01-2025;04:50:00;3,2; m/s
10-01-2025;05:00:00;3,1; m/s
10-01-2025;05:10:00;2,5; m/s
10-01-2025;05:20:00;2,9; m/s
10-01-2025;05:30:00;2,6; m/s
10-01-2025;05:40:00;2,9; m/s
10-01-2025;05:50:00;3,3; m/s
10-01-2025;06:00:00;3,6; m/s
10-01-2025;06:10:00;4,1; m/s
10-01-2025;06:20:00;4; m/s
10-01-2025;06:30:00;3,4; m/s
10-01-2025;06:40:00;3,3; m/s
10-01-2025;06:50:00;2,8; m/s
10-01-2025;07:00:00;3,4; m/s
10-01-2025;07:10:00;5,2; m/s
10-01-2025;07:20:00;5,1; m/s
10-01-2025;07:30:00;5,2; m/s
10-01-2025;07:40:00;6,1; m/s
10-01-2025;07:50:00;6; m/s
10-01-2025;08:00:00;5,2; m/s
10-01-2025;08:10:00;4,8; m/s
10-01-2025;08:20:00;5,1; m/s
10-01-2025;08:30:00;5,8; m/s
10-01-2025;08:40:00;5,6; m/s
10-01-2025;08:50:00;4,8; m/s
10-01-2025;09:00:00;4,6; m/s
10-01-2025;09:10:00;4,2; m/s
10-01-2025;09:20:00;4,4; m/s
10-01-2025;09:30:00;4,3; m/s
10-01-2025;09:40:00;4,5; m/s
10-01-2025;09:50:00;4,1; m/s
10-01-2025;10:00:00;5,2; m/s
10-01-2025;10:10:00;6,9; m/s
10-01-2025;10:20:00;5,2; m/s
10-01-2025;10:30:00;5; m/s
10-01-2025;10:40:00;3,6; m/s
10-01-2025;10:50:00;4,9; m/s
10-01-2025;11:00:00;5,5; m/s
10-01-2025;11:10:00;7,7; m/s
10-01-2025;11:20:00;6,3; m/s
10-01-2025;11:30:00;5,8; m/s
10-01-2025;11:40:00;6,1; m/s
10-01-2025;11:50:00;4,9; m/s
10-01-2025;12:00:00;4,7; m/s
10-01-2025;12:10:00;4,6; m/s
10-01-2025;12:20:00;5,1; m/s
10-01-2025;12:30:00;5,6; m/s
10-01-2025;12:40:00;5,3; m/s
10-01-2025;12:50:00;4; m/s
10-01-2025;13:00:00;4,5; m/s
10-01-2025;13:10:00;4,3; m/s
10-01-2025;13:20:00;4; m/s
10-01-2025;13:30:00;3,9; m/s
10-01-2025;13:40:00;3,7; m/s
10-01-2025;13:50:00;5,2; m/s
10-01-2025;14:00:00;4,9; m/s
10-01-2025;14:10:00;4,7; m/s
10-01-2025;14:20:00;4,7; m/s
10-01-2025;14:30:00;4,6; m/s
10-01-2025;14:40:00;5,6; m/s
10-01-2025;14:50:00;5,2; m/s
10-01-2025;15:00:00;4; m/s
10-01-2025;15:10:00;5,4; m/s
10-01-2025;15:20:00;4,5; m/s
10-01-2025;15:30:00;5,1; m/s
10-01-2025;15:40:00;4,5; m/s
10-01-2025;15:50:00;5; m/s
10-01-2025;16:00:00;5,4; m/s
10-01-2025;16:10:00;5,2; m/s
10-01-2025;16:20:00;5; m/s
10-01-2025;16:30:00;4; m/s
10-01-2025;16:40:00;3,9; m/s
10-01-2025;16:50:00;3,6; m/s
10-01-2025;17:00:00;3,6; m/s
10-01-2025;17:10:00;3,3; m/s
10-01-2025;17:20:00;4,1; m/s
10-01-2025;17:30:00;5; m/s
10-01-2025;17:40:00;4,8; m/s
10-01-2025;17:50:00;4,4; m/s
10-01-2025;18:00:00;4,7; m/s
10-01-2025;18:10:00;5,4; m/s
10-01-2025;18:20:00;4,9; m/s
10-01-2025;18:30:00;5,1; m/s
10-01-2025;18:40:00;5,2; m/s
10-01-2025;18:50:00;4,9; m/s
10-01-2025;19:00:00;5,1; m/s
10-01-2025;19:10:00;4,1; m/s
10-01-2025;19:20:00;5; m/s
10-01-2025;19:30:00;4,5; m/s
10-01-2025;19:40:00;3,8; m/s
10-01-2025;19:50:00;3; m/s
10-01-2025;20:00:00;2,2; m/s
10-01-2025;20:10:00;2; m/s
10-01-2025;20:20:00;2,1; m/s
10-01-2025;20:30:00;1,5; m/s
10-01-2025;20:40:00;1,3; m/s
10-01-2025;20:50:00;0,6; m/s
10-01-2025;21:00:00;0,9; m/s
10-01-2025;21:10:00;1,1; m/s
10-01-2025;21:20:00;1,5; m/s
10-01-2025;21:30:00;1; m/s
10-01-2025;21:40:00;1,2; m/s
10-01-2025;21:50:00;1,5; m/s
10-01-2025;22:00:00;2,1; m/s
10-01-2025;22:10:00;2,3; m/s
10-01-2025;22:20:00;2,2; m/s
10-01-2025;22:30:00;2,1; m/s
10-01-2025;22:40:00;1,6; m/s
10-01-2025;22:50:00;1,9; m/s
10-01-2025;23:00:00;1,6; m/s
10-01-2025;23:10:00;1,7; m/s
10-01-2025;23:20:00;1,7; m/s
10-01-2025;23:30:00;1,7; m/s
10-01-2025;23:40:00;1,7; m/s
10-01-2025;23:50:00;1,9; m/s
11-01-2025;00:00:00;1,8; m/s
11-01-2025;00:10:00;2,4; m/s
11-01-2025;00:20:00;2,6; m/s
11-01-2025;00:30:00;2,9; m/s
11-01-2025;00:40:00;3,3; m/s
11-01-2025;00:50:00;2,4; m/s
11-01-2025;01:00:00;2,5; m/s
11-01-2025;01:10:00;3,5; m/s
11-01-2025;01:20:00;4,3; m/s
11-01-2025;01:30:00;4,7; m/s
11-01-2025;01:40:00;4,3; m/s
11-01-2025;01:50:00;4; m/s
11-01-2025;02:00:00;3,1; m/s
11-01-2025;02:10:00;3,9; m/s
11-01-2025;02:20:00;5,6; m/s
11-01-2025;02:30:00;5,7; m/s
11-01-2025;02:40:00;5,7; m/s
11-01-2025;02:50:00;6,5; m/s
11-01-2025;03:00:00;5,4; m/s
11-01-2025;03:10:00;5; m/s
11-01-2025;03:20:00;5,1; m/s
11-01-2025;03:30:00;5,5; m/s
11-01-2025;03:40:00;5,3; m/s
11-01-2025;03:50:00;6,4; m/s
11-01-2025;04:00:00;6,4; m/s
11-01-2025;04:10:00;6,5; m/s
11-01-2025;04:20:00;6,3; m/s
11-01-2025;04:30:00;5,3; m/s
11-01-2025;04:40:00;5,3; m/s
11-01-2025;04:50:00;6,1; m/s
11-01-2025;05:00:00;6,4; m/s
11-01-2025;05:10:00;5,4; m/s
11-01-2025;05:20:00;5,8; m/s
11-01-2025;05:30:00;5,4; m/s
11-01-2025;05:40:00;4,5; m/s
11-01-2025;05:50:00;4,9; m/s
11-01-2025;06:00:00;4,8; m/s
11-01-2025;06:10:00;4,5; m/s
11-01-2025;06:20:00;4,6; m/s
11-01-2025;06:30:00;3,9; m/s
11-01-2025;06:40:00;3,3; m/s
11-01-2025;06:50:00;3,2; m/s
11-01-2025;07:00:00;3; m/s
11-01-2025;07:10:00;2,1; m/s
11-01-2025;07:20:00;1,7; m/s
11-01-2025;07:30:00;2,4; m/s
11-01-2025;07:40:00;2,5; m/s
11-01-2025;07:50:00;2; m/s
11-01-2025;08:00:00;2,2; m/s
11-01-2025;08:10:00;2,3; m/s
11-01-2025;08:20:00;2; m/s
11-01-2025;08:30:00;1,6; m/s
11-01-2025;08:40:00;1,4; m/s
11-01-2025;08:50:00;0,4; m/s
11-01-2025;09:00:00;0,6; m/s
11-01-2025;09:10:00;0,7; m/s
11-01-2025;09:20:00;0,6; m/s
11-01-2025;09:30:00;1; m/s
11-01-2025;09:40:00;1; m/s
11-01-2025;09:50:00;1,5; m/s
11-01-2025;10:00:00;0,5; m/s
11-01-2025;10:10:00;1,1; m/s
11-01-2025;10:20:00;1,8; m/s
11-01-2025;10:30:00;2; m/s
11-01-2025;10:40:00;1,2; m/s
11-01-2025;10:50:00;1,5; m/s
11-01-2025;11:00:00;1,4; m/s
11-01-2025;11:10:00;1,2; m/s
11-01-2025;11:20:00;1,1; m/s
11-01-2025;11:30:00;1,3; m/s
11-01-2025;11:40:00;1; m/s
11-01-2025;11:50:00;0,9; m/s
11-01-2025;12:00:00;0,5; m/s
11-01-2025;12:10:00;0,4; m/s
11-01-2025;12:20:00;1,1; m/s
11-01-2025;12:30:00;1,3; m/s
11-01-2025;12:40:00;1,3; m/s
11-01-2025;12:50:00;1,5; m/s
11-01-2025;13:00:00;1,4; m/s
11-01-2025;13:10:00;1,4; m/s
11-01-2025;13:20:00;1,4; m/s
11-01-2025;13:30:00;1,6; m/s
11-01-2025;13:40:00;2; m/s
11-01-2025;13:50:00;3,3; m/s
11-01-2025;14:00:00;3,9; m/s
11-01-2025;14:10:00;3,4; m/s
11-01-2025;14:20:00;2,6; m/s
11-01-2025;14:30:00;2,8; m/s
11-01-2025;14:40:00;1,9; m/s
11-01-2025;14:50:00;2,6; m/s
11-01-2025;15:00:00;3,7; m/s
11-01-2025;15:10:00;5,4; m/s
11-01-2025;15:20:00;5,4; m/s
11-01-2025;15:30:00;5,4; m/s
11-01-2025;15:40:00;6,6; m/s
11-01-2025;15:50:00;5,8; m/s
11-01-2025;16:00:00;6; m/s
11-01-2025;16:10:00;5,3; m/s
11-01-2025;16:20:00;6,4; m/s
11-01-2025;16:30:00;6,5; m/s
11-01-2025;16:40:00;3,5; m/s
11-01-2025;16:50:00;4,4; m/s
11-01-2025;17:00:00;3,8; m/s
11-01-2025;17:10:00;4,4; m/s
11-01-2025;17:20:00;3,9; m/s
11-01-2025;17:30:00;3,1; m/s
11-01-2025;17:40:00;3,2; m/s
11-01-2025;17:50:00;1,8; m/s
11-01-2025;18:00:00;1,3; m/s
11-01-2025;18:10:00;0,7; m/s
11-01-2025;18:20:00;0,7; m/s
11-01-2025;18:30:00;1,2; m/s
11-01-2025;18:40:00;2; m/s
11-01-2025;18:50:00;2,6; m/s
11-01-2025;19:00:00;1,5; m/s
11-01-2025;19:10:00;2; m/s
11-01-2025;19:20:00;2,3; m/s
11-01-2025;19:30:00;3,2; m/s
11-01-2025;19:40:00;3; m/s
11-01-2025;19:50:00;4,1; m/s
11-01-2025;20:00:00;4,1; m/s
11-01-2025;20:10:00;5,2; m/s
11-01-2025;20:20:00;4,9; m/s
11-01-2025;20:30:00;4,5; m/s
11-01-2025;20:40:00;4,4; m/s
11-01-2025;20:50:00;4,2; m/s
11-01-2025;21:00:00;4,8; m/s
11-01-2025;21:10:00;5,8; m/s
11-01-2025;21:20:00;6,2; m/s
11-01-2025;21:30:00;6,5; m/s
11-01-2025;21:40:00;6,7; m/s
11-01-2025;21:50:00;7,1; m/s
11-01-2025;22:00:00;6,7; m/s
11-01-2025;22:10:00;6,6; m/s
11-01-2025;22:20:00;6,9; m/s
11-01-2025;22:30:00;7,2; m/s
11-01-2025;22:40:00;6,5; m/s
11-01-2025;22:50:00;7,1; m/s
11-01-2025;23:00:00;6,7; m/s
11-01-2025;23:10:00;7,2; m/s
11-01-2025;23:20:00;8,1; m/s
11-01-2025;23:30:00;8,5; m/s
11-01-2025;23:40:00;8,5; m/s
11-01-2025;23:50:00;7,9; m/s
12-01-2025;00:00:00;7,8; m/s
12-01-2025;00:10:00;9,3; m/s
12-01-2025;00:20:00;10,4; m/s
12-01-2025;00:30:00;11; m/s
12-01-2025;00:40:00;11,4; m/s
12-01-2025;00:50:00;12,1; m/s
12-01-2025;01:00:00;11,8; m/s
12-01-2025;01:10:00;12,2; m/s
12-01-2025;01:20:00;12,2; m/s
12-01-2025;01:30:00;12,3; m/s
12-01-2025;01:40:00;11,3; m/s
12-01-2025;01:50:00;11,1; m/s
12-01-2025;02:00:00;10,9; m/s
12-01-2025;02:10:00;11,1; m/s
12-01-2025;02:20:00;11; m/s
12-01-2025;02:30:00;11,3; m/s
12-01-2025;02:40:00;13,4; m/s
12-01-2025;02:50:00;12,1; m/s
12-01-2025;03:00:00;13,5; m/s
12-01-2025;03:10:00;12,8; m/s
12-01-2025;03:20:00;13,3; m/s
12-01-2025;03:30:00;12,9; m/s
12-01-2025;03:40:00;12,5; m/s
12-01-2025;03:50:00;13,2; m/s
12-01-2025;04:00:00;12,2; m/s
12-01-2025;04:10:00;12,1; m/s
12-01-2025;04:20:00;11,9; m/s
12-01-2025;04:30:00;11,5; m/s
12-01-2025;04:40:00;11,2; m/s
12-01-2025;04:50:00;10,9; m/s
12-01-2025;05:00:00;11,5; m/s
12-01-2025;05:10:00;11,6; m/s
12-01-2025;05:20:00;10,9; m/s
12-01-2025;05:30:00;11,9; m/s
12-01-2025;05:40:00;11,1; m/s
12-01-2025;05:50:00;11,5; m/s
12-01-2025;06:00:00;10,9; m/s
12-01-2025;06:10:00;11,1; m/s
12-01-2025;06:20:00;11,8; m/s
12-01-2025;06:30:00;12,7; m/s
12-01-2025;06:40:00;12,6; m/s
12-01-2025;06:50:00;11,7; m/s
12-01-2025;07:00:00;11,8; m/s
12-01-2025;07:10:00;12; m/s
12-01-2025;07:20:00;9,5; m/s
12-01-2025;07:30:00;9,7; m/s
12-01-2025;07:40:00;10; m/s
12-01-2025;07:50:00;11,2; m/s
12-01-2025;08:00:00;10,8; m/s
12-01-2025;08:10:00;10,5; m/s
12-01-2025;08:20:00;11,5; m/s
12-01-2025;08:30:00;10,6; m/s
12-01-2025;08:40:00;11,2; m/s
12-01-2025;08:50:00;11,6; m/s
12-01-2025;09:00:00;10,7; m/s
12-01-2025;09:10:00;10,8; m/s
12-01-2025;09:20:00;10,7; m/s
12-01-2025;09:30:00;10; m/s
12-01-2025;09:40:00;9,2; m/s
12-01-2025;09:50:00;10,2; m/s
12-01-2025;10:00:00;7,8; m/s
12-01-2025;10:10:00;8,7; m/s
12-01-2025;10:20:00;8,9; m/s
12-01-2025;10:30:00;8,9; m/s
12-01-2025;10:40:00;9,6; m/s
12-01-2025;10:50:00;8,9; m/s
12-01-2025;11:00:00;7,8; m/s
12-01-2025;11:10:00;8,2; m/s
12-01-2025;11:20:00;8; m/s
12-01-2025;11:30:00;9,4; m/s
12-01-2025;11:40:00;8,9; m/s
12-01-2025;11:50:00;8,9; m/s
12-01-2025;12:00:00;9,6; m/s
12-01-2025;12:10:00;8,6; m/s
12-01-2025;12:20:00;7,5; m/s
12-01-2025;12:30:00;7,2; m/s
12-01-2025;12:40:00;6,7; m/s
12-01-2025;12:50:00;7,1; m/s
12-01-2025;13:00:00;9; m/s
12-01-2025;13:10:00;8,4; m/s
12-01-2025;13:20:00;8,2; m/s
12-01-2025;13:30:00;7,8; m/s
12-01-2025;13:40:00;9,2; m/s
12-01-2025;13:50:00;9,2; m/s
12-01-2025;14:00:00;8,9; m/s
12-01-2025;14:10:00;8,3; m/s
12-01-2025;14:20:00;8,4; m/s
12-01-2025;14:30:00;8,1; m/s
12-01-2025;14:40:00;9; m/s
12-01-2025;14:50:00;9,5; m/s
12-01-2025;15:00:00;10; m/s
12-01-2025;15:10:00;11,6; m/s
12-01-2025;15:20:00;8,7; m/s
12-01-2025;15:30:00;10,3; m/s
12-01-2025;15:40:00;9,9; m/s
12-01-2025;15:50:00;8,2; m/s
12-01-2025;16:00:00;9,6; m/s
12-01-2025;16:10:00;9; m/s
12-01-2025;16:20:00;10,5; m/s
12-01-2025;16:30:00;10,5; m/s
12-01-2025;16:40:00;9,7; m/s
12-01-2025;16:50:00;9,9; m/s
12-01-2025;17:00:00;10; m/s
12-01-2025;17:10:00;9,4; m/s
12-01-2025;17:20:00;10,4; m/s
12-01-2025;17:30:00;9,8; m/s
12-01-2025;17:40:00;9,4; m/s
12-01-2025;17:50:00;7,9; m/s
12-01-2025;18:00:00;6,5; m/s
12-01-2025;18:10:00;8,7; m/s
12-01-2025;18:20:00;9,3; m/s
12-01-2025;18:30:00;7,5; m/s
12-01-2025;18:40:00;9,2; m/s
12-01-2025;18:50:00;9,1; m/s
12-01-2025;19:00:00;8,7; m/s
12-01-2025;19:10:00;9,8; m/s
12-01-2025;19:20:00;9,7; m/s
12-01-2025;19:30:00;10,2; m/s
12-01-2025;19:40:00;9,8; m/s
12-01-2025;19:50:00;8,9; m/s
12-01-2025;20:00:00;8,8; m/s
12-01-2025;20:10:00;8,7; m/s
12-01-2025;20:20:00;7,1; m/s
12-01-2025;20:30:00;5,9; m/s
12-01-2025;20:40:00;4,3; m/s
12-01-2025;20:50:00;5,5; m/s
12-01-2025;21:00:00;3,5; m/s
12-01-2025;21:10:00;3,3; m/s
12-01-2025;21:20:00;3,1; m/s
12-01-2025;21:30:00;2,9; m/s
12-01-2025;21:40:00;3,7; m/s
12-01-2025;21:50:00;6,2; m/s
12-01-2025;22:00:00;5,5; m/s
12-01-2025;22:10:00;7,8; m/s
12-01-2025;22:20:00;6,2; m/s
12-01-2025;22:30:00;6; m/s
12-01-2025;22:40:00;6,2; m/s
12-01-2025;22:50:00;6,6; m/s
12-01-2025;23:00:00;6,1; m/s
12-01-2025;23:10:00;6,3; m/s
12-01-2025;23:20:00;7,7; m/s
12-01-2025;23:30:00;7,6; m/s
12-01-2025;23:40:00;8,2; m/s
12-01-2025;23:50:00;8,4; m/s
13-01-2025;00:00:00;8; m/s
13-01-2025;00:10:00;6,9; m/s
13-01-2025;00:20:00;8,5; m/s
13-01-2025;00:30:00;5,3; m/s
13-01-2025;00:40:00;5,4; m/s
13-01-2025;00:50:00;7,8; m/s
13-01-2025;01:00:00;8,3; m/s
13-01-2025;01:10:00;7,6; m/s
13-01-2025;01:20:00;9,1; m/s
13-01-2025;01:30:00;9,6; m/s
13-01-2025;01:40:00;7,5; m/s
13-01-2025;01:50:00;7,2; m/s
13-01-2025;02:00:00;8,3; m/s
13-01-2025;02:10:00;9,3; m/s
13-01-2025;02:20:00;9,4; m/s
13-01-2025;02:30:00;9,3; m/s
13-01-2025;02:40:00;8,7; m/s
13-01-2025;02:50:00;7,9; m/s
13-01-2025;03:00:00;9; m/s
13-01-2025;03:10:00;8,7; m/s
13-01-2025;03:20:00;8,7; m/s
13-01-2025;03:30:00;10,8; m/s
13-01-2025;03:40:00;9,9; m/s
13-01-2025;03:50:00;8,1; m/s
13-01-2025;04:00:00;7,6; m/s
13-01-2025;04:10:00;10,6; m/s
13-01-2025;04:20:00;10,9; m/s
13-01-2025;04:30:00;10,1; m/s
13-01-2025;04:40:00;11,2; m/s
13-01-2025;04:50:00;10,3; m/s
13-01-2025;05:00:00;8,2; m/s
13-01-2025;05:10:00;6,6; m/s
13-01-2025;05:20:00;7,5; m/s
13-01-2025;05:30:00;7,6; m/s
13-01-2025;05:40:00;9,2; m/s
13-01-2025;05:50:00;10,6; m/s
13-01-2025;06:00:00;11,1; m/s
13-01-2025;06:10:00;10,6; m/s
13-01-2025;06:20:00;9,8; m/s
13-01-2025;06:30:00;9,6; m/s
13-01-2025;06:40:00;9,4; m/s
13-01-2025;06:50:00;9,2; m/s
13-01-2025;07:00:00;9; m/s
13-01-2025;07:10:00;8,5; m/s
13-01-2025;07:20:00;8,3; m/s
13-01-2025;07:30:00;8; m/s
13-01-2025;07:40:00;8,3; m/s
13-01-2025;07:50:00;8,7; m/s
13-01-2025;08:00:00;7,9; m/s
13-01-2025;08:10:00;9,8; m/s
13-01-2025;08:20:00;9,2; m/s
13-01-2025;08:30:00;10,7; m/s
13-01-2025;08:40:00;11,2; m/s
13-01-2025;08:50:00;12,1; m/s
13-01-2025;09:00:00;10,7; m/s
13-01-2025;09:10:00;8,5; m/s
13-01-2025;09:20:00;8,9; m/s
13-01-2025;09:30:00;8; m/s
13-01-2025;09:40:00;8,5; m/s
13-01-2025;09:50:00;8,3; m/s
13-01-2025;10:00:00;8,1; m/s
13-01-2025;10:10:00;7,8; m/s
13-01-2025;10:20:00;9,5; m/s
13-01-2025;10:30:00;7,4; m/s
13-01-2025;10:40:00;8,7; m/s
13-01-2025;10:50:00;8,9; m/s
13-01-2025;11:00:00;8,2; m/s
13-01-2025;11:10:00;9,4; m/s
13-01-2025;11:20:00;10,7; m/s
13-01-2025;11:30:00;10,1; m/s
13-01-2025;11:40:00;9,4; m/s
13-01-2025;11:50:00;10,1; m/s
13-01-2025;12:00:00;9; m/s
13-01-2025;12:10:00;9,1; m/s
13-01-2025;12:20:00;9,6; m/s
13-01-2025;12:30:00;10,2; m/s
13-01-2025;12:40:00;10,2; m/s
13-01-2025;12:50:00;9,4; m/s
13-01-2025;13:00:00;9,6; m/s
13-01-2025;13:10:00;9,6; m/s
13-01-2025;13:20:00;9,4; m/s
13-01-2025;13:30:00;9,7; m/s
13-01-2025;13:40:00;9,2; m/s
13-01-2025;13:50:00;8,8; m/s
13-01-2025;14:00:00;8; m/s
13-01-2025;14:10:00;7,8; m/s
13-01-2025;14:20:00;9,1; m/s
13-01-2025;14:30:00;7,3; m/s
13-01-2025;14:40:00;7,9; m/s
13-01-2025;14:50:00;10,6; m/s
13-01-2025;15:00:00;9,1; m/s
13-01-2025;15:10:00;10; m/s
13-01-2025;15:20:00;9,7; m/s
13-01-2025;15:30:00;8; m/s
13-01-2025;15:40:00;8,8; m/s
13-01-2025;15:50:00;8,3; m/s
13-01-2025;16:00:00;9,6; m/s
13-01-2025;16:10:00;7,8; m/s
13-01-2025;16:20:00;7,4; m/s
13-01-2025;16:30:00;6,3; m/s
13-01-2025;16:40:00;6,7; m/s
13-01-2025;16:50:00;7,9; m/s
13-01-2025;17:00:00;8,3; m/s
13-01-2025;17:10:00;9; m/s
13-01-2025;17:20:00;9; m/s
13-01-2025;17:30:00;8,7; m/s
13-01-2025;17:40:00;8,4; m/s
13-01-2025;17:50:00;8; m/s
13-01-2025;18:00:00;9,2; m/s
13-01-2025;18:10:00;8,6; m/s
13-01-2025;18:20:00;8,1; m/s
13-01-2025;18:30:00;7,9; m/s
13-01-2025;18:40:00;8,8; m/s
13-01-2025;18:50:00;9,7; m/s
13-01-2025;19:00:00;8,3; m/s
13-01-2025;19:10:00;8,7; m/s
13-01-2025;19:20:00;8,6; m/s
13-01-2025;19:30:00;8,7; m/s
13-01-2025;19:40:00;9,4; m/s
13-01-2025;19:50:00;8,9; m/s
13-01-2025;20:00:00;8,5; m/s
13-01-2025;20:10:00;8,9; m/s
13-01-2025;20:20:00;9; m/s
13-01-2025;20:30:00;8,7; m/s
13-01-2025;20:40:00;9,4; m/s
13-01-2025;20:50:00;10,3; m/s
13-01-2025;21:00:00;9,1; m/s
13-01-2025;21:10:00;9,3; m/s
13-01-2025;21:20:00;10,4; m/s
13-01-2025;21:30:00;10,9; m/s
13-01-2025;21:40:00;10,7; m/s
13-01-2025;21:50:00;10,3; m/s
13-01-2025;22:00:00;9,8; m/s
13-01-2025;22:10:00;8,6; m/s
13-01-2025;22:20:00;10,6; m/s
13-01-2025;22:30:00;11,6; m/s
13-01-2025;22:40:00;11,5; m/s
13-01-2025;22:50:00;11,7; m/s
13-01-2025;23:00:00;10,5; m/s
13-01-2025;23:10:00;10,6; m/s
13-01-2025;23:20:00;10,4; m/s
13-01-2025;23:30:00;9,2; m/s
13-01-2025;23:40:00;8,6; m/s
13-01-2025;23:50:00;8,4; m/s
14-01-2025;00:00:00;9,8; m/s
14-01-2025;00:10:00;8,5; m/s
14-01-2025;00:20:00;8,5; m/s
14-01-2025;00:30:00;9,5; m/s
14-01-2025;00:40:00;10,3; m/s
14-01-2025;00:50:00;10,7; m/s
14-01-2025;01:00:00;11,7; m/s
14-01-2025;01:10:00;9,7; m/s
14-01-2025;01:20:00;12,1; m/s
14-01-2025;01:30:00;10; m/s
14-01-2025;01:40:00;10; m/s
14-01-2025;01:50:00;9,8; m/s
14-01-2025;02:00:00;9,8; m/s
14-01-2025;02:10:00;10; m/s
14-01-2025;02:20:00;9,3; m/s
14-01-2025;02:30:00;9,3; m/s
14-01-2025;02:40:00;10,1; m/s
14-01-2025;02:50:00;9,5; m/s
14-01-2025;03:00:00;10,1; m/s
14-01-2025;03:10:00;8,9; m/s
14-01-2025;03:20:00;8,7; m/s
14-01-2025;03:30:00;9,7; m/s
14-01-2025;03:40:00;9,5; m/s
14-01-2025;03:50:00;7,4; m/s
14-01-2025;04:00:00;8,2; m/s
14-01-2025;04:10:00;7,4; m/s
14-01-2025;04:20:00;7,3; m/s
14-01-2025;04:30:00;7,2; m/s
14-01-2025;04:40:00;7,7; m/s
14-01-2025;04:50:00;7,5; m/s
14-01-2025;05:00:00;7,5; m/s
14-01-2025;05:10:00;8; m/s
14-01-2025;05:20:00;8,4; m/s
14-01-2025;05:30:00;8,4; m/s
14-01-2025;05:40:00;8,5; m/s
14-01-2025;05:50:00;8,2; m/s
14-01-2025;06:00:00;7,9; m/s
14-01-2025;06:10:00;7,1; m/s
14-01-2025;06:20:00;8,4; m/s
14-01-2025;06:30:00;9,2; m/s
14-01-2025;06:40:00;8,7; m/s
14-01-2025;06:50:00;8,4; m/s
14-01-2025;07:00:00;8,8; m/s
14-01-2025;07:10:00;9,6; m/s
14-01-2025;07:20:00;9; m/s
14-01-2025;07:30:00;9,7; m/s
14-01-2025;07:40:00;10; m/s
14-01-2025;07:50:00;10,6; m/s
14-01-2025;08:00:00;10,7; m/s
14-01-2025;08:10:00;11,2; m/s
14-01-2025;08:20:00;10; m/s
14-01-2025;08:30:00;10,1; m/s
14-01-2025;08:40:00;9,1; m/s
14-01-2025;08:50:00;9,4; m/s
14-01-2025;09:00:00;10,2; m/s
14-01-2025;09:10:00;11; m/s
14-01-2025;09:20:00;10,2; m/s
14-01-2025;09:30:00;9,4; m/s
14-01-2025;09:40:00;9,5; m/s
14-01-2025;09:50:00;8,2; m/s
14-01-2025;10:00:00;8,6; m/s
14-01-2025;10:10:00;6,9; m/s
14-01-2025;10:20:00;8,6; m/s
14-01-2025;10:30:00;7,3; m/s
14-01-2025;10:40:00;9,9; m/s
14-01-2025;10:50:00;9,1; m/s
14-01-2025;11:00:00;9,6; m/s
14-01-2025;11:10:00;10; m/s
14-01-2025;11:20:00;10,6; m/s
14-01-2025;11:30:00;11,5; m/s
14-01-2025;11:40:00;12,4; m/s
14-01-2025;11:50:00;12; m/s
14-01-2025;12:00:00;12,3; m/s
14-01-2025;12:10:00;10,3; m/s
14-01-2025;12:20:00;12,1; m/s
14-01-2025;12:30:00;12,5; m/s
14-01-2025;12:40:00;12,3; m/s
14-01-2025;12:50:00;11,1; m/s
14-01-2025;13:00:00;11,6; m/s
14-01-2025;13:10:00;9,7; m/s
14-01-2025;13:20:00;9,4; m/s
14-01-2025;13:30:00;8,5; m/s
14-01-2025;13:40:00;8,9; m/s
14-01-2025;13:50:00;9,8; m/s
14-01-2025;14:00:00;8,7; m/s
14-01-2025;14:10:00;10,5; m/s
14-01-2025;14:20:00;10,1; m/s
14-01-2025;14:30:00;10; m/s
14-01-2025;14:40:00;9,9; m/s
14-01-2025;14:50:00;8,5; m/s
14-01-2025;15:00:00;8,7; m/s
14-01-2025;15:10:00;8,9; m/s
14-01-2025;15:20:00;8,4; m/s
14-01-2025;15:30:00;10; m/s
14-01-2025;15:40:00;8,9; m/s
14-01-2025;15:50:00;9,8; m/s
14-01-2025;16:00:00;8,1; m/s
14-01-2025;16:10:00;8,1; m/s
14-01-2025;16:20:00;7,4; m/s
14-01-2025;16:30:00;7,8; m/s
14-01-2025;16:40:00;6,8; m/s
14-01-2025;16:50:00;7,1; m/s
14-01-2025;17:00:00;8,5; m/s
14-01-2025;17:10:00;8,2; m/s
14-01-2025;17:20:00;9,6; m/s
14-01-2025;17:30:00;8,9; m/s
14-01-2025;17:40:00;8,7; m/s
14-01-2025;17:50:00;7,8; m/s
14-01-2025;18:00:00;7; m/s
14-01-2025;18:10:00;8,3; m/s
14-01-2025;18:20:00;8,5; m/s
14-01-2025;18:30:00;7,6; m/s
14-01-2025;18:40:00;7,7; m/s
14-01-2025;18:50:00;7,2; m/s
14-01-2025;19:00:00;7,3; m/s
14-01-2025;19:10:00;8,1; m/s
14-01-2025;19:20:00;7,3; m/s
14-01-2025;19:30:00;7,8; m/s
14-01-2025;19:40:00;7,5; m/s
14-01-2025;19:50:00;6,9; m/s
14-01-2025;20:00:00;7,8; m/s
14-01-2025;20:10:00;8,3; m/s
14-01-2025;20:20:00;8; m/s
14-01-2025;20:30:00;6,4; m/s
14-01-2025;20:40:00;6,3; m/s
14-01-2025;20:50:00;5,6; m/s
14-01-2025;21:00:00;6,7; m/s
14-01-2025;21:10:00;6,6; m/s
14-01-2025;21:20:00;6; m/s
14-01-2025;21:30:00;5,4; m/s
14-01-2025;21:40:00;6,1; m/s
14-01-2025;21:50:00;6,2; m/s
14-01-2025;22:00:00;6,1; m/s
14-01-2025;22:10:00;5,6; m/s
14-01-2025;22:20:00;6,4; m/s
14-01-2025;22:30:00;6,3; m/s
14-01-2025;22:40:00;6,7; m/s
14-01-2025;22:50:00;6,3; m/s
14-01-2025;23:00:00;6,3; m/s
14-01-2025;23:10:00;6,6; m/s
14-01-2025;23:20:00;6,5; m/s
14-01-2025;23:30:00;6,9; m/s
14-01-2025;23:40:00;6,4; m/s
14-01-2025;23:50:00;6,9; m/s
15-01-2025;00:00:00;7,3; m/s
15-01-2025;00:10:00;6,6; m/s
15-01-2025;00:20:00;6,4; m/s
15-01-2025;00:30:00;6,6; m/s
15-01-2025;00:40:00;6,4; m/s
15-01-2025;00:50:00;6,9; m/s
15-01-2025;01:00:00;7,1; m/s
15-01-2025;01:10:00;6,8; m/s
15-01-2025;01:20:00;7,3; m/s
15-01-2025;01:30:00;7,2; m/s
15-01-2025;01:40:00;6,4; m/s
15-01-2025;01:50:00;6,2; m/s
15-01-2025;02:00:00;7,3; m/s
15-01-2025;02:10:00;6,7; m/s
15-01-2025;02:20:00;6,9; m/s
15-01-2025;02:30:00;6,5; m/s
15-01-2025;02:40:00;6,2; m/s
15-01-2025;02:50:00;6,2; m/s
15-01-2025;03:00:00;5,6; m/s
15-01-2025;03:10:00;6; m/s
15-01-2025;03:20:00;5,9; m/s
15-01-2025;03:30:00;6; m/s
15-01-2025;03:40:00;5,2; m/s
15-01-2025;03:50:00;5; m/s
15-01-2025;04:00:00;4,8; m/s
15-01-2025;04:10:00;5,5; m/s
15-01-2025;04:20:00;5,1; m/s
15-01-2025;04:30:00;4,7; m/s
15-01-2025;04:40:00;4,4; m/s
15-01-2025;04:50:00;4,9; m/s
15-01-2025;05:00:00;4,8; m/s
15-01-2025;05:10:00;4,5; m/s
15-01-2025;05:20:00;4; m/s
15-01-2025;05:30:00;4,3; m/s
15-01-2025;05:40:00;4,7; m/s
15-01-2025;05:50:00;4,7; m/s
15-01-2025;06:00:00;4,2; m/s
15-01-2025;06:10:00;4,6; m/s
15-01-2025;06:20:00;4,4; m/s
15-01-2025;06:30:00;5,1; m/s
15-01-2025;06:40:00;5; m/s
15-01-2025;06:50:00;5,8; m/s
15-01-2025;07:00:00;5,3; m/s
15-01-2025;07:10:00;4,9; m/s
15-01-2025;07:20:00;4,1; m/s
15-01-2025;07:30:00;4,4; m/s
15-01-2025;07:40:00;5,7; m/s
15-01-2025;07:50:00;5,4; m/s
15-01-2025;08:00:00;4,2; m/s
15-01-2025;08:10:00;5,2; m/s
15-01-2025;08:20:00;5,1; m/s
15-01-2025;08:30:00;4,6; m/s
15-01-2025;08:40:00;4,7; m/s
15-01-2025;08:50:00;4,4; m/s
15-01-2025;09:00:00;5,1; m/s
15-01-2025;09:10:00;4,9; m/s
15-01-2025;09:20:00;4,7; m/s
15-01-2025;09:30:00;3,8; m/s
15-01-2025;09:40:00;4; m/s
15-01-2025;09:50:00;3,4; m/s
15-01-2025;10:00:00;3,7; m/s
15-01-2025;10:10:00;3,8; m/s
15-01-2025;10:20:00;3,4; m/s
15-01-2025;10:30:00;3,6; m/s
15-01-2025;10:40:00;3,5; m/s
15-01-2025;10:50:00;3,8; m/s
15-01-2025;11:00:00;3,3; m/s
15-01-2025;11:10:00;3,6; m/s
15-01-2025;11:20:00;3,6; m/s
15-01-2025;11:30:00;2,7; m/s
15-01-2025;11:40:00;3,1; m/s
15-01-2025;11:50:00;2,6; m/s
15-01-2025;12:00:00;1,9; m/s
15-01-2025;12:10:00;1,9; m/s
15-01-2025;12:20:00;1,5; m/s
15-01-2025;12:30:00;1,7; m/s
15-01-2025;12:40:00;2; m/s
15-01-2025;12:50:00;1,8; m/s
15-01-2025;13:00:00;1,4; m/s
15-01-2025;13:10:00;1,4; m/s
15-01-2025;13:20:00;1,6; m/s
15-01-2025;13:30:00;1,6; m/s
15-01-2025;13:40:00;1,9; m/s
15-01-2025;13:50:00;2,2; m/s
15-01-2025;14:00:00;2,1; m/s
15-01-2025;14:10:00;2,1; m/s
15-01-2025;14:20:00;2,3; m/s
15-01-2025;14:30:00;1,9; m/s
15-01-2025;14:40:00;2,6; m/s
15-01-2025;14:50:00;2,4; m/s
15-01-2025;15:00:00;3,4; m/s
15-01-2025;15:10:00;3,1; m/s
15-01-2025;15:20:00;2,4; m/s
15-01-2025;15:30:00;2,8; m/s
15-01-2025;15:40:00;1,9; m/s
15-01-2025;15:50:00;2,8; m/s
15-01-2025;16:00:00;4,2; m/s
15-01-2025;16:10:00;5; m/s
15-01-2025;16:20:00;4,6; m/s
15-01-2025;16:30:00;4,7; m/s
15-01-2025;16:40:00;4,9; m/s
15-01-2025;16:50:00;4,4; m/s
15-01-2025;17:00:00;4,6; m/s
15-01-2025;17:10:00;4,6; m/s
15-01-2025;17:20:00;4,2; m/s
15-01-2025;17:30:00;4,4; m/s
15-01-2025;17:40:00;3,9; m/s
15-01-2025;17:50:00;3,9; m/s
15-01-2025;18:00:00;4,5; m/s
15-01-2025;18:10:00;4,5; m/s
15-01-2025;18:20:00;4,1; m/s
15-01-2025;18:30:00;3,6; m/s
15-01-2025;18:40:00;3,4; m/s
15-01-2025;18:50:00;3,5; m/s
15-01-2025;19:00:00;3,6; m/s
15-01-2025;19:10:00;4; m/s
15-01-2025;19:20:00;4,1; m/s
15-01-2025;19:30:00;3,9; m/s
15-01-2025;19:40:00;3,1; m/s
15-01-2025;19:50:00;2,7; m/s
15-01-2025;20:00:00;3,8; m/s
15-01-2025;20:10:00;4,7; m/s
15-01-2025;20:20:00;4,8; m/s
15-01-2025;20:30:00;4,9; m/s
15-01-2025;20:40:00;4,8; m/s
15-01-2025;20:50:00;5,6; m/s
15-01-2025;21:00:00;5,1; m/s
15-01-2025;21:10:00;5,5; m/s
15-01-2025;21:20:00;4,8; m/s
15-01-2025;21:30:00;4,4; m/s
15-01-2025;21:40:00;5,3; m/s
15-01-2025;21:50:00;5,6; m/s
15-01-2025;22:00:00;5,9; m/s
15-01-2025;22:10:00;6,1; m/s
15-01-2025;22:20:00;5,8; m/s
15-01-2025;22:30:00;4,9; m/s
15-01-2025;22:40:00;5,8; m/s
15-01-2025;22:50:00;5,4; m/s
15-01-2025;23:00:00;4,8; m/s
15-01-2025;23:10:00;4,8; m/s
15-01-2025;23:20:00;3,9; m/s
15-01-2025;23:30:00;3,2; m/s
15-01-2025;23:40:00;3,4; m/s
15-01-2025;23:50:00;4,2; m/s
16-01-2025;00:00:00;4,4; m/s
16-01-2025;00:10:00;4; m/s
16-01-2025;00:20:00;4,3; m/s
16-01-2025;00:30:00;4,8; m/s
16-01-2025;00:40:00;4,4; m/s
16-01-2025;00:50:00;4,9; m/s
16-01-2025;01:00:00;4,5; m/s
16-01-2025;01:10:00;4,6; m/s
16-01-2025;01:20:00;4,2; m/s
16-01-2025;01:30:00;4,4; m/s
16-01-2025;01:40:00;4,7; m/s
16-01-2025;01:50:00;4,5; m/s
16-01-2025;02:00:00;5,3; m/s
16-01-2025;02:10:00;5,3; m/s
16-01-2025;02:20:00;5,8; m/s
16-01-2025;02:30:00;6,1; m/s
16-01-2025;02:40:00;6,4; m/s
16-01-2025;02:50:00;6,6; m/s
16-01-2025;03:00:00;6,6; m/s
16-01-2025;03:10:00;7,2; m/s
16-01-2025;03:20:00;6,3; m/s
16-01-2025;03:30:00;4,9; m/s
16-01-2025;03:40:00;5; m/s
16-01-2025;03:50:00;5,3; m/s
16-01-2025;04:00:00;5,2; m/s
16-01-2025;04:10:00;5,5; m/s
16-01-2025;04:20:00;4,3; m/s
16-01-2025;04:30:00;3,3; m/s
16-01-2025;04:40:00;4; m/s
16-01-2025;04:50:00;4,6; m/s
16-01-2025;05:00:00;4,1; m/s
16-01-2025;05:10:00;4; m/s
16-01-2025;05:20:00;3,6; m/s
16-01-2025;05:30:00;4; m/s
16-01-2025;05:40:00;2,8; m/s
16-01-2025;05:50:00;2,9; m/s
16-01-2025;06:00:00;3,3; m/s
16-01-2025;06:10:00;2,1; m/s
16-01-2025;06:20:00;2,1; m/s
16-01-2025;06:30:00;2,3; m/s
16-01-2025;06:50:00;3,5; m/s
16-01-2025;07:00:00;4,2; m/s
16-01-2025;07:10:00;3,9; m/s
16-01-2025;07:20:00;3,6; m/s
16-01-2025;07:30:00;3,6; m/s
16-01-2025;07:40:00;3,3; m/s
16-01-2025;07:50:00;2,6; m/s
16-01-2025;08:00:00;2,7; m/s
16-01-2025;08:10:00;3,1; m/s
16-01-2025;08:20:00;3,8; m/s
16-01-2025;08:30:00;4,1; m/s
16-01-2025;08:40:00;4,2; m/s
16-01-2025;08:50:00;4,1; m/s
16-01-2025;09:00:00;4,2; m/s
16-01-2025;09:10:00;3,8; m/s
16-01-2025;09:20:00;3,9; m/s
16-01-2025;09:30:00;4,9; m/s
16-01-2025;09:40:00;5; m/s
16-01-2025;09:50:00;5,5; m/s
16-01-2025;10:00:00;5,5; m/s
16-01-2025;10:10:00;4,9; m/s
16-01-2025;10:20:00;4,6; m/s
16-01-2025;10:30:00;4,2; m/s
16-01-2025;10:40:00;4,9; m/s
16-01-2025;10:50:00;4,4; m/s
16-01-2025;11:00:00;4,4; m/s
16-01-2025;11:10:00;4,4; m/s
16-01-2025;11:20:00;4,5; m/s
16-01-2025;11:30:00;4,9; m/s
16-01-2025;11:40:00;5,3; m/s
16-01-2025;11:50:00;5,1; m/s
16-01-2025;12:00:00;5,3; m/s
16-01-2025;12:10:00;5,3; m/s
16-01-2025;12:20:00;5,1; m/s
16-01-2025;12:30:00;5,3; m/s
16-01-2025;12:40:00;6; m/s
16-01-2025;12:50:00;6; m/s
16-01-2025;13:00:00;6; m/s
16-01-2025;13:10:00;6,1; m/s
16-01-2025;13:20:00;6,9; m/s
16-01-2025;13:30:00;6,1; m/s
16-01-2025;13:40:00;5,5; m/s
16-01-2025;13:50:00;6,1; m/s
16-01-2025;14:00:00;5,4; m/s
16-01-2025;14:10:00;4,9; m/s
16-01-2025;14:20:00;4,9; m/s
16-01-2025;14:30:00;4,7; m/s
16-01-2025;14:40:00;4,8; m/s
16-01-2025;14:50:00;4,9; m/s
16-01-2025;15:00:00;4,8; m/s
16-01-2025;15:10:00;5,1; m/s
16-01-2025;15:20:00;5,2; m/s
16-01-2025;15:30:00;5,3; m/s
16-01-2025;15:40:00;5,1; m/s
16-01-2025;15:50:00;5,1; m/s
16-01-2025;16:00:00;5,8; m/s
16-01-2025;16:10:00;5,4; m/s
16-01-2025;16:20:00;5; m/s
16-01-2025;16:30:00;5,4; m/s
16-01-2025;16:40:00;5,1; m/s
16-01-2025;16:50:00;5,1; m/s
16-01-2025;17:00:00;5,3; m/s
16-01-2025;17:10:00;6,3; m/s
16-01-2025;17:20:00;5,1; m/s
16-01-2025;17:30:00;4,2; m/s
16-01-2025;17:40:00;4,8; m/s
16-01-2025;17:50:00;4,7; m/s
16-01-2025;18:00:00;5,3; m/s
16-01-2025;18:10:00;6,2; m/s
16-01-2025;18:20:00;6,7; m/s
16-01-2025;18:30:00;6,3; m/s
16-01-2025;18:40:00;6,4; m/s
16-01-2025;18:50:00;6,7; m/s
16-01-2025;19:00:00;6,4; m/s
16-01-2025;19:10:00;5,9; m/s
16-01-2025;19:20:00;6,2; m/s
16-01-2025;19:30:00;6,9; m/s
16-01-2025;19:40:00;7,2; m/s
16-01-2025;19:50:00;7,1; m/s
16-01-2025;20:00:00;6; m/s
16-01-2025;20:10:00;6,6; m/s
16-01-2025;20:20:00;6,4; m/s
16-01-2025;20:30:00;7; m/s
16-01-2025;20:40:00;7; m/s
16-01-2025;20:50:00;7; m/s
16-01-2025;21:00:00;7,4; m/s
16-01-2025;21:10:00;7,9; m/s
16-01-2025;21:20:00;8,6; m/s
16-01-2025;21:30:00;7,2; m/s
16-01-2025;21:40:00;6,7; m/s
16-01-2025;21:50:00;7,5; m/s
16-01-2025;22:00:00;6,4; m/s
16-01-2025;22:10:00;6,1; m/s
16-01-2025;22:20:00;6,4; m/s
16-01-2025;22:30:00;6,3; m/s
16-01-2025;22:40:00;6,2; m/s
16-01-2025;22:50:00;4,6; m/s
16-01-2025;23:00:00;3,5; m/s
16-01-2025;23:10:00;3,9; m/s
16-01-2025;23:20:00;4; m/s
16-01-2025;23:30:00;5; m/s
16-01-2025;23:40:00;5,5; m/s
16-01-2025;23:50:00;4,8; m/s
17-01-2025;00:00:00;5,8; m/s
17-01-2025;00:10:00;7; m/s
17-01-2025;00:20:00;7,6; m/s
17-01-2025;00:30:00;7,5; m/s
17-01-2025;00:40:00;7; m/s
17-01-2025;00:50:00;6,4; m/s
17-01-2025;01:00:00;6,4; m/s
17-01-2025;01:10:00;6,4; m/s
17-01-2025;01:20:00;6,7; m/s
17-01-2025;01:30:00;7,3; m/s
17-01-2025;01:40:00;7,2; m/s
17-01-2025;01:50:00;8; m/s
17-01-2025;02:00:00;9,5; m/s
17-01-2025;02:10:00;8,5; m/s
17-01-2025;02:20:00;9,1; m/s
17-01-2025;02:30:00;9,2; m/s
17-01-2025;02:40:00;8,8; m/s
17-01-2025;02:50:00;8; m/s
17-01-2025;03:00:00;8,5; m/s
17-01-2025;03:10:00;9,7; m/s
17-01-2025;03:20:00;10; m/s
17-01-2025;03:30:00;9,3; m/s
17-01-2025;03:40:00;8; m/s
17-01-2025;03:50:00;8,7; m/s
17-01-2025;04:00:00;9,5; m/s
17-01-2025;04:10:00;9,3; m/s
17-01-2025;04:20:00;9,1; m/s
17-01-2025;04:30:00;10; m/s
17-01-2025;04:40:00;9,8; m/s
17-01-2025;04:50:00;10,7; m/s
17-01-2025;05:00:00;9,9; m/s
17-01-2025;05:10:00;10,7; m/s
17-01-2025;05:20:00;11,2; m/s
17-01-2025;05:30:00;10,5; m/s
17-01-2025;05:40:00;11,7; m/s
17-01-2025;05:50:00;10,9; m/s
17-01-2025;06:00:00;9,8; m/s
17-01-2025;06:10:00;11,3; m/s
17-01-2025;06:20:00;11,7; m/s
17-01-2025;06:30:00;12,3; m/s
17-01-2025;06:40:00;10,7; m/s
17-01-2025;06:50:00;10,5; m/s
17-01-2025;07:00:00;10,7; m/s
17-01-2025;07:10:00;10,7; m/s
17-01-2025;07:20:00;11,4; m/s
17-01-2025;07:30:00;10,3; m/s
17-01-2025;07:40:00;10,2; m/s
17-01-2025;07:50:00;9,7; m/s
17-01-2025;08:00:00;9,9; m/s
17-01-2025;08:10:00;10,2; m/s
17-01-2025;08:20:00;10,7; m/s
17-01-2025;08:30:00;9,2; m/s
17-01-2025;08:40:00;10,5; m/s
17-01-2025;08:50:00;10,7; m/s
17-01-2025;09:00:00;11; m/s
17-01-2025;09:10:00;11,7; m/s
17-01-2025;09:20:00;10,4; m/s
17-01-2025;09:30:00;11,4; m/s
17-01-2025;09:40:00;11,7; m/s
17-01-2025;09:50:00;10,5; m/s
17-01-2025;10:00:00;10,6; m/s
17-01-2025;10:10:00;10,1; m/s
17-01-2025;10:20:00;10,9; m/s
17-01-2025;10:30:00;10,2; m/s
17-01-2025;10:40:00;9,1; m/s
17-01-2025;10:50:00;9,8; m/s
17-01-2025;11:00:00;8,9; m/s
17-01-2025;11:10:00;7,3; m/s
17-01-2025;11:20:00;7,6; m/s
17-01-2025;11:30:00;7,8; m/s
17-01-2025;11:40:00;9,1; m/s
17-01-2025;11:50:00;9,3; m/s
17-01-2025;12:00:00;9,4; m/s
17-01-2025;12:10:00;9,9; m/s
17-01-2025;12:20:00;9,9; m/s
17-01-2025;12:30:00;8,6; m/s
17-01-2025;12:40:00;10,3; m/s
17-01-2025;12:50:00;9,9; m/s
17-01-2025;13:00:00;10,5; m/s
17-01-2025;13:10:00;10,5; m/s
17-01-2025;13:20:00;10,6; m/s
17-01-2025;13:30:00;10,3; m/s
17-01-2025;13:40:00;9,7; m/s
17-01-2025;13:50:00;10,3; m/s
17-01-2025;14:00:00;11,5; m/s
17-01-2025;14:10:00;10,8; m/s
17-01-2025;14:20:00;11,2; m/s
17-01-2025;14:30:00;9,9; m/s
17-01-2025;14:40:00;9,8; m/s
17-01-2025;14:50:00;9,9; m/s
17-01-2025;15:00:00;10,8; m/s
17-01-2025;15:10:00;10,8; m/s
17-01-2025;15:20:00;9,9; m/s
17-01-2025;15:30:00;11,1; m/s
17-01-2025;15:40:00;11,7; m/s
17-01-2025;15:50:00;11,7; m/s
17-01-2025;16:00:00;11,1; m/s
17-01-2025;16:10:00;10,8; m/s
17-01-2025;16:20:00;11,3; m/s
17-01-2025;16:30:00;11,4; m/s
17-01-2025;16:40:00;11,5; m/s
17-01-2025;16:50:00;11,5; m/s
17-01-2025;17:00:00;11,5; m/s
17-01-2025;17:10:00;11,8; m/s
17-01-2025;17:20:00;13; m/s
17-01-2025;17:30:00;13,9; m/s
17-01-2025;17:40:00;13,6; m/s
17-01-2025;17:50:00;12,8; m/s
17-01-2025;18:00:00;13,5; m/s
17-01-2025;18:10:00;12,8; m/s
17-01-2025;18:20:00;13,2; m/s
17-01-2025;18:30:00;12,8; m/s
17-01-2025;18:40:00;13,7; m/s
17-01-2025;18:50:00;12,8; m/s
17-01-2025;19:00:00;12,5; m/s
17-01-2025;19:10:00;13,8; m/s
17-01-2025;19:20:00;13,1; m/s
17-01-2025;19:30:00;13; m/s
17-01-2025;19:40:00;14,5; m/s
17-01-2025;19:50:00;15,1; m/s
17-01-2025;20:00:00;14,6; m/s
17-01-2025;20:10:00;14,5; m/s
17-01-2025;20:20:00;13,1; m/s
17-01-2025;20:30:00;13,5; m/s
17-01-2025;20:40:00;13,3; m/s
17-01-2025;20:50:00;12,7; m/s
17-01-2025;21:00:00;13,2; m/s
17-01-2025;21:10:00;13,3; m/s
17-01-2025;21:20:00;14,3; m/s
17-01-2025;21:30:00;13; m/s
17-01-2025;21:40:00;13,8; m/s
17-01-2025;21:50:00;14,6; m/s
17-01-2025;22:00:00;13,1; m/s
17-01-2025;22:10:00;13,5; m/s
17-01-2025;22:20:00;12,7; m/s
17-01-2025;22:30:00;14,1; m/s
17-01-2025;22:40:00;14; m/s
17-01-2025;22:50:00;14,2; m/s
17-01-2025;23:00:00;14,1; m/s
17-01-2025;23:10:00;11,3; m/s
17-01-2025;23:20:00;14,3; m/s
17-01-2025;23:30:00;13,1; m/s
17-01-2025;23:40:00;13,4; m/s
17-01-2025;23:50:00;12,7; m/s
18-01-2025;00:00:00;12,3; m/s
18-01-2025;00:10:00;11,9; m/s
18-01-2025;00:20:00;11,6; m/s
18-01-2025;00:30:00;11,8; m/s
18-01-2025;00:40:00;9,9; m/s
18-01-2025;00:50:00;9,8; m/s
18-01-2025;01:00:00;9,4; m/s
18-01-2025;01:10:00;12,2; m/s
18-01-2025;01:20:00;10,8; m/s
18-01-2025;01:30:00;10,5; m/s
18-01-2025;01:40:00;11,1; m/s
18-01-2025;01:50:00;10,6; m/s
18-01-2025;02:00:00;10,9; m/s
18-01-2025;02:10:00;10; m/s
18-01-2025;02:20:00;9,9; m/s
18-01-2025;02:30:00;10; m/s
18-01-2025;02:40:00;10,8; m/s
18-01-2025;02:50:00;13,7; m/s
18-01-2025;03:00:00;14,3; m/s
18-01-2025;03:10:00;13,9; m/s
18-01-2025;03:20:00;13; m/s
18-01-2025;03:30:00;12,8; m/s
18-01-2025;03:40:00;12,4; m/s
18-01-2025;03:50:00;12,6; m/s
18-01-2025;04:00:00;12,4; m/s
18-01-2025;04:10:00;11,8; m/s
18-01-2025;04:20:00;11,8; m/s
18-01-2025;04:30:00;12,1; m/s
18-01-2025;04:40:00;11,8; m/s
18-01-2025;04:50:00;12,8; m/s
18-01-2025;05:00:00;10,9; m/s
18-01-2025;05:10:00;11; m/s
18-01-2025;05:20:00;10,9; m/s
18-01-2025;05:30:00;9,1; m/s
18-01-2025;05:40:00;7,9; m/s
18-01-2025;05:50:00;10,2; m/s
18-01-2025;06:00:00;10,7; m/s
18-01-2025;06:10:00;10,2; m/s
18-01-2025;06:20:00;12; m/s
18-01-2025;06:30:00;10,5; m/s
18-01-2025;06:40:00;10; m/s
18-01-2025;06:50:00;9,9; m/s
18-01-2025;07:00:00;9,3; m/s
18-01-2025;07:10:00;9,5; m/s
18-01-2025;07:20:00;9; m/s
18-01-2025;07:30:00;9,6; m/s
18-01-2025;07:40:00;10,2; m/s
18-01-2025;07:50:00;9,5; m/s
18-01-2025;08:00:00;8,4; m/s
18-01-2025;08:10:00;8,1; m/s
18-01-2025;08:20:00;9,1; m/s
18-01-2025;08:30:00;8,6; m/s
18-01-2025;08:40:00;9,4; m/s
18-01-2025;08:50:00;8,5; m/s
18-01-2025;09:00:00;9,3; m/s
18-01-2025;09:10:00;9,3; m/s
18-01-2025;09:20:00;9,1; m/s
18-01-2025;09:30:00;8,9; m/s
18-01-2025;09:40:00;9,4; m/s
18-01-2025;09:50:00;8,8; m/s
18-01-2025;10:00:00;8,4; m/s
18-01-2025;10:10:00;9,2; m/s
18-01-2025;10:20:00;8,1; m/s
18-01-2025;10:30:00;8,5; m/s
18-01-2025;10:40:00;8,6; m/s
18-01-2025;10:50:00;8,7; m/s
18-01-2025;11:00:00;8,1; m/s
18-01-2025;11:10:00;8,2; m/s
18-01-2025;11:20:00;8,1; m/s
18-01-2025;11:30:00;7,5; m/s
18-01-2025;11:40:00;7,8; m/s
18-01-2025;11:50:00;7,8; m/s
18-01-2025;12:00:00;8,1; m/s
18-01-2025;12:10:00;8; m/s
18-01-2025;12:20:00;7,1; m/s
18-01-2025;12:30:00;6,9; m/s
18-01-2025;12:40:00;7,2; m/s
18-01-2025;12:50:00;7,3; m/s
18-01-2025;13:00:00;7; m/s
18-01-2025;13:10:00;7,4; m/s
18-01-2025;13:20:00;7,5; m/s
18-01-2025;13:30:00;7,7; m/s
18-01-2025;13:40:00;7,7; m/s
18-01-2025;13:50:00;7; m/s
18-01-2025;14:00:00;7,6; m/s
18-01-2025;14:10:00;7,8; m/s
18-01-2025;14:20:00;7,8; m/s
18-01-2025;14:30:00;8,4; m/s
18-01-2025;14:40:00;7,4; m/s
18-01-2025;14:50:00;7,4; m/s
18-01-2025;15:00:00;7,1; m/s
18-01-2025;15:10:00;7,6; m/s
18-01-2025;15:20:00;7,8; m/s
18-01-2025;15:30:00;7,9; m/s
18-01-2025;15:40:00;8,4; m/s
18-01-2025;15:50:00;8,3; m/s
18-01-2025;16:00:00;8,7; m/s
18-01-2025;16:10:00;9,2; m/s
18-01-2025;16:20:00;8,7; m/s
18-01-2025;16:30:00;8,6; m/s
18-01-2025;16:40:00;8,4; m/s
18-01-2025;16:50:00;8,8; m/s
18-01-2025;17:00:00;8,8; m/s
18-01-2025;17:10:00;7,6; m/s
18-01-2025;17:20:00;9; m/s
18-01-2025;17:30:00;8,6; m/s
18-01-2025;17:40:00;8,1; m/s
18-01-2025;17:50:00;8; m/s
18-01-2025;18:00:00;7,9; m/s
18-01-2025;18:10:00;7,3; m/s
18-01-2025;18:20:00;8,2; m/s
18-01-2025;18:30:00;8,4; m/s
18-01-2025;18:40:00;8,3; m/s
18-01-2025;18:50:00;7,6; m/s
18-01-2025;19:00:00;7,4; m/s
18-01-2025;19:10:00;7,7; m/s
18-01-2025;19:20:00;7; m/s
18-01-2025;19:30:00;7,3; m/s
18-01-2025;19:40:00;7,1; m/s
18-01-2025;19:50:00;7,8; m/s
18-01-2025;20:00:00;7,6; m/s
18-01-2025;20:10:00;8,1; m/s
18-01-2025;20:20:00;8,5; m/s
18-01-2025;20:30:00;7,2; m/s
18-01-2025;20:40:00;5,4; m/s
18-01-2025;20:50:00;5,3; m/s
18-01-2025;21:00:00;5,2; m/s
18-01-2025;21:10:00;5,1; m/s
18-01-2025;21:20:00;5,5; m/s
18-01-2025;21:30:00;5,5; m/s
18-01-2025;21:40:00;5; m/s
18-01-2025;21:50:00;6; m/s
18-01-2025;22:00:00;5,5; m/s
18-01-2025;22:10:00;5,8; m/s
18-01-2025;22:20:00;5,5; m/s
18-01-2025;22:30:00;5,8; m/s
18-01-2025;22:40:00;6; m/s
18-01-2025;22:50:00;5,5; m/s
18-01-2025;23:00:00;5,7; m/s
18-01-2025;23:10:00;6,1; m/s
18-01-2025;23:20:00;5,9; m/s
18-01-2025;23:30:00;6; m/s
18-01-2025;23:40:00;6,4; m/s
18-01-2025;23:50:00;6,8; m/s
19-01-2025;00:00:00;5,7; m/s
19-01-2025;00:10:00;5,3; m/s
19-01-2025;00:20:00;6,1; m/s
19-01-2025;00:30:00;5,9; m/s
19-01-2025;00:40:00;6,3; m/s
19-01-2025;00:50:00;5,7; m/s
19-01-2025;01:00:00;6,6; m/s
19-01-2025;01:10:00;6,4; m/s
19-01-2025;01:20:00;5,3; m/s
19-01-2025;01:30:00;5,5; m/s
19-01-2025;01:40:00;5,6; m/s
19-01-2025;01:50:00;5,3; m/s
19-01-2025;02:00:00;4,9; m/s
19-01-2025;02:10:00;5,2; m/s
19-01-2025;02:20:00;5; m/s
19-01-2025;02:30:00;5,2; m/s
19-01-2025;02:40:00;5,4; m/s
19-01-2025;02:50:00;5; m/s
19-01-2025;03:00:00;5; m/s
19-01-2025;03:10:00;5,4; m/s
19-01-2025;03:20:00;4,9; m/s
19-01-2025;03:30:00;4,9; m/s
19-01-2025;03:40:00;4,6; m/s
19-01-2025;03:50:00;4,8; m/s
19-01-2025;04:00:00;5,1; m/s
19-01-2025;04:10:00;5,3; m/s
19-01-2025;04:20:00;4,9; m/s
19-01-2025;04:30:00;4,9; m/s
19-01-2025;04:40:00;4,7; m/s
19-01-2025;04:50:00;4,8; m/s
19-01-2025;05:00:00;4,6; m/s
19-01-2025;05:10:00;4,3; m/s
19-01-2025;05:20:00;4,4; m/s
19-01-2025;05:30:00;4,4; m/s
19-01-2025;05:40:00;4,2; m/s
19-01-2025;05:50:00;4,4; m/s
19-01-2025;06:00:00;4,3; m/s
19-01-2025;06:10:00;4,1; m/s
19-01-2025;06:20:00;4,3; m/s
19-01-2025;06:30:00;4,5; m/s
19-01-2025;06:40:00;4,7; m/s
19-01-2025;06:50:00;4,5; m/s
19-01-2025;07:00:00;4,5; m/s
19-01-2025;07:10:00;4,9; m/s
19-01-2025;07:20:00;4,2; m/s
19-01-2025;07:30:00;4,2; m/s
19-01-2025;07:40:00;4,5; m/s
19-01-2025;07:50:00;4,5; m/s
19-01-2025;08:00:00;4,7; m/s
19-01-2025;08:10:00;5,1; m/s
19-01-2025;08:20:00;5; m/s
19-01-2025;08:30:00;5,5; m/s
19-01-2025;08:40:00;5,1; m/s
19-01-2025;08:50:00;5,4; m/s
19-01-2025;09:00:00;5,6; m/s
19-01-2025;09:10:00;4,8; m/s
19-01-2025;09:20:00;4,7; m/s
19-01-2025;09:30:00;4,5; m/s
19-01-2025;09:40:00;4,4; m/s
19-01-2025;09:50:00;4,5; m/s
19-01-2025;10:00:00;5,3; m/s
19-01-2025;10:10:00;5,2; m/s
19-01-2025;10:20:00;4,9; m/s
19-01-2025;10:30:00;4,2; m/s
19-01-2025;10:40:00;4,8; m/s
19-01-2025;10:50:00;4,7; m/s
19-01-2025;11:00:00;4,5; m/s
19-01-2025;11:10:00;4,7; m/s
19-01-2025;11:20:00;3,7; m/s
19-01-2025;11:30:00;3,6; m/s
19-01-2025;11:40:00;3,7; m/s
19-01-2025;11:50:00;4,5; m/s
19-01-2025;12:00:00;4,6; m/s
19-01-2025;12:10:00;5; m/s
19-01-2025;12:20:00;3,8; m/s
19-01-2025;12:30:00;4,5; m/s
19-01-2025;12:40:00;4,6; m/s
19-01-2025;12:50:00;5,4; m/s
19-01-2025;13:00:00;5; m/s
19-01-2025;13:10:00;4; m/s
19-01-2025;13:20:00;3,8; m/s
19-01-2025;13:30:00;4,1; m/s
19-01-2025;13:40:00;4,1; m/s
19-01-2025;13:50:00;4; m/s
19-01-2025;14:00:00;4; m/s
19-01-2025;14:10:00;4; m/s
19-01-2025;14:20:00;3,8; m/s
19-01-2025;14:30:00;3,6; m/s
19-01-2025;14:40:00;4,1; m/s
19-01-2025;14:50:00;3,8; m/s
19-01-2025;15:00:00;5; m/s
19-01-2025;15:10:00;4; m/s
19-01-2025;15:20:00;3,9; m/s
19-01-2025;15:30:00;4,1; m/s
19-01-2025;15:40:00;3,5; m/s
19-01-2025;15:50:00;4; m/s
19-01-2025;16:00:00;4,3; m/s
19-01-2025;16:10:00;3,5; m/s
19-01-2025;16:20:00;3,5; m/s
19-01-2025;16:30:00;3,2; m/s
19-01-2025;16:40:00;3,8; m/s
19-01-2025;16:50:00;3,4; m/s
19-01-2025;17:00:00;3,7; m/s
19-01-2025;17:10:00;3,4; m/s
19-01-2025;17:20:00;2,8; m/s
19-01-2025;17:30:00;3,2; m/s
19-01-2025;17:40:00;3,4; m/s
19-01-2025;17:50:00;3,6; m/s
19-01-2025;18:00:00;2,9; m/s
19-01-2025;18:10:00;2,8; m/s
19-01-2025;18:20:00;3,2; m/s
19-01-2025;18:30:00;3,1; m/s
19-01-2025;18:40:00;3; m/s
19-01-2025;18:50:00;3,1; m/s
19-01-2025;19:00:00;2,6; m/s
19-01-2025;19:10:00;2,5; m/s
19-01-2025;19:20:00;2,1; m/s
19-01-2025;19:30:00;2,8; m/s
19-01-2025;19:40:00;2,9; m/s
19-01-2025;19:50:00;3,5; m/s
19-01-2025;20:00:00;4,1; m/s
19-01-2025;20:10:00;3,9; m/s
19-01-2025;20:20:00;3,6; m/s
19-01-2025;20:30:00;2,9; m/s
19-01-2025;20:40:00;3,1; m/s
19-01-2025;20:50:00;3,6; m/s
19-01-2025;21:00:00;3,9; m/s
19-01-2025;21:10:00;3,5; m/s
19-01-2025;21:20:00;3,9; m/s
19-01-2025;21:30:00;3,2; m/s
19-01-2025;21:40:00;3,7; m/s
19-01-2025;21:50:00;3,3; m/s
19-01-2025;22:00:00;3,3; m/s
19-01-2025;22:10:00;3,7; m/s
19-01-2025;22:20:00;3,2; m/s
19-01-2025;22:30:00;3,7; m/s
19-01-2025;22:40:00;3,7; m/s
19-01-2025;22:50:00;4,1; m/s
19-01-2025;23:00:00;4,2; m/s
19-01-2025;23:10:00;3,9; m/s
19-01-2025;23:20:00;4; m/s
19-01-2025;23:30:00;3,9; m/s
19-01-2025;23:40:00;3,8; m/s
19-01-2025;23:50:00;4; m/s
20-01-2025;00:00:00;4,2; m/s
20-01-2025;00:10:00;4,5; m/s
20-01-2025;00:20:00;4,5; m/s
20-01-2025;00:30:00;4,6; m/s
20-01-2025;00:40:00;4,4; m/s
20-01-2025;00:50:00;3,9; m/s
20-01-2025;01:00:00;2,5; m/s
20-01-2025;01:10:00;5,5; m/s
20-01-2025;01:20:00;6; m/s
20-01-2025;01:30:00;5,2; m/s
20-01-2025;01:40:00;6; m/s
20-01-2025;01:50:00;4,4; m/s
20-01-2025;02:00:00;3,5; m/s
20-01-2025;02:10:00;3,1; m/s
20-01-2025;02:20:00;3,9; m/s
20-01-2025;02:30:00;3,7; m/s
20-01-2025;02:40:00;5,1; m/s
20-01-2025;02:50:00;4,2; m/s
20-01-2025;03:00:00;4; m/s
20-01-2025;03:10:00;3,8; m/s
20-01-2025;03:20:00;4,8; m/s
20-01-2025;03:30:00;4,6; m/s
20-01-2025;03:40:00;4,8; m/s
20-01-2025;03:50:00;5,5; m/s
20-01-2025;04:00:00;5,5; m/s
20-01-2025;04:10:00;4; m/s
20-01-2025;04:20:00;3,9; m/s
20-01-2025;04:30:00;5,4; m/s
20-01-2025;04:40:00;5,3; m/s
20-01-2025;04:50:00;4,1; m/s
20-01-2025;05:00:00;3,3; m/s
20-01-2025;05:10:00;3,9; m/s
20-01-2025;05:20:00;4,1; m/s
20-01-2025;05:30:00;3,9; m/s
20-01-2025;05:40:00;4; m/s
20-01-2025;05:50:00;4,7; m/s
20-01-2025;06:00:00;4,3; m/s
20-01-2025;06:10:00;4,6; m/s
20-01-2025;06:20:00;4,8; m/s
20-01-2025;06:30:00;4,3; m/s
20-01-2025;06:40:00;4; m/s
20-01-2025;06:50:00;3; m/s
20-01-2025;07:00:00;2,2; m/s
20-01-2025;07:10:00;1,5; m/s
20-01-2025;07:20:00;1,1; m/s
20-01-2025;07:30:00;2,9; m/s
20-01-2025;07:40:00;2,9; m/s
20-01-2025;07:50:00;3,2; m/s
20-01-2025;08:00:00;3,5; m/s
20-01-2025;08:10:00;3,8; m/s
20-01-2025;08:20:00;3,6; m/s
20-01-2025;08:30:00;3,2; m/s
20-01-2025;08:40:00;2,3; m/s
20-01-2025;08:50:00;1,9; m/s
20-01-2025;09:00:00;0,9; m/s
20-01-2025;09:10:00;0,7; m/s
20-01-2025;09:20:00;1,2; m/s
20-01-2025;09:30:00;1,1; m/s
20-01-2025;09:40:00;2,7; m/s
20-01-2025;09:50:00;2; m/s
20-01-2025;10:00:00;2,1; m/s
20-01-2025;10:10:00;3,3; m/s
20-01-2025;10:20:00;2,9; m/s
20-01-2025;10:30:00;2,8; m/s
20-01-2025;10:40:00;3,6; m/s
20-01-2025;10:50:00;3,9; m/s
20-01-2025;11:00:00;5; m/s
20-01-2025;11:10:00;4,3; m/s
20-01-2025;11:20:00;4,2; m/s
20-01-2025;11:30:00;4,1; m/s
20-01-2025;11:40:00;4,2; m/s
20-01-2025;11:50:00;2,7; m/s
20-01-2025;12:00:00;3,2; m/s
20-01-2025;12:10:00;3,2; m/s
20-01-2025;12:20:00;3,4; m/s
20-01-2025;12:30:00;3,6; m/s
20-01-2025;12:40:00;3,5; m/s
20-01-2025;12:50:00;3,2; m/s
20-01-2025;13:00:00;2,7; m/s
20-01-2025;13:10:00;2,6; m/s
20-01-2025;13:20:00;3; m/s
20-01-2025;13:30:00;3,1; m/s
20-01-2025;13:40:00;2,5; m/s
20-01-2025;13:50:00;1,9; m/s
20-01-2025;14:00:00;2,4; m/s
20-01-2025;14:10:00;2,5; m/s
20-01-2025;14:20:00;3,3; m/s
20-01-2025;14:30:00;3; m/s
20-01-2025;14:40:00;3,3; m/s
20-01-2025;14:50:00;3,5; m/s
20-01-2025;15:00:00;3,5; m/s
20-01-2025;15:10:00;3,2; m/s
20-01-2025;15:20:00;2,7; m/s
20-01-2025;15:30:00;2,1; m/s
20-01-2025;15:40:00;1,9; m/s
20-01-2025;15:50:00;1,7; m/s
20-01-2025;16:00:00;1,7; m/s
20-01-2025;16:10:00;1,6; m/s
20-01-2025;16:20:00;2,1; m/s
20-01-2025;16:30:00;2,5; m/s
20-01-2025;16:40:00;2,3; m/s
20-01-2025;16:50:00;2,4; m/s
20-01-2025;17:00:00;2,6; m/s
20-01-2025;17:10:00;2,4; m/s
20-01-2025;17:20:00;1,7; m/s
20-01-2025;17:30:00;1,9; m/s
20-01-2025;17:40:00;3; m/s
20-01-2025;17:50:00;1,6; m/s
20-01-2025;18:00:00;2,7; m/s
20-01-2025;18:10:00;1,9; m/s
20-01-2025;18:20:00;2,7; m/s
20-01-2025;18:30:00;2,6; m/s
20-01-2025;18:40:00;2,6; m/s
20-01-2025;18:50:00;2; m/s
20-01-2025;19:00:00;2,6; m/s
20-01-2025;19:10:00;2,6; m/s
20-01-2025;19:20:00;2,1; m/s
20-01-2025;19:30:00;2,3; m/s
20-01-2025;19:40:00;2,4; m/s
20-01-2025;19:50:00;3,1; m/s
20-01-2025;20:00:00;2,1; m/s
20-01-2025;20:10:00;1,8; m/s
20-01-2025;20:20:00;2; m/s
20-01-2025;20:30:00;1,7; m/s
20-01-2025;20:40:00;1,8; m/s
20-01-2025;20:50:00;2; m/s
20-01-2025;21:00:00;2,4; m/s
20-01-2025;21:10:00;2,2; m/s
20-01-2025;21:20:00;2; m/s
20-01-2025;21:30:00;1,9; m/s
20-01-2025;21:40:00;2,6; m/s
20-01-2025;21:50:00;2; m/s
20-01-2025;22:00:00;2; m/s
20-01-2025;22:10:00;2,2; m/s
20-01-2025;22:20:00;2,6; m/s
20-01-2025;22:30:00;3,3; m/s
20-01-2025;22:40:00;3,5; m/s
20-01-2025;22:50:00;3,3; m/s
20-01-2025;23:00:00;2,3; m/s
20-01-2025;23:10:00;2,4; m/s
20-01-2025;23:20:00;2,4; m/s
20-01-2025;23:30:00;2,1; m/s
20-01-2025;23:40:00;3; m/s
20-01-2025;23:50:00;3,3; m/s
21-01-2025;00:00:00;3,4; m/s
21-01-2025;00:10:00;3,2; m/s
21-01-2025;00:20:00;2,9; m/s
21-01-2025;00:30:00;3; m/s
21-01-2025;00:40:00;3,5; m/s
21-01-2025;00:50:00;2,5; m/s
21-01-2025;01:00:00;2,4; m/s
21-01-2025;01:10:00;3,2; m/s
21-01-2025;01:20:00;2,6; m/s
21-01-2025;01:30:00;3,2; m/s
21-01-2025;01:40:00;3,3; m/s
21-01-2025;01:50:00;3,5; m/s
21-01-2025;02:00:00;3,3; m/s
21-01-2025;02:10:00;3,5; m/s
21-01-2025;02:20:00;3,7; m/s
21-01-2025;02:30:00;2,6; m/s
21-01-2025;02:40:00;2,3; m/s
21-01-2025;02:50:00;3; m/s
21-01-2025;03:00:00;2,9; m/s
21-01-2025;03:10:00;3,6; m/s
21-01-2025;03:20:00;3,6; m/s
21-01-2025;03:30:00;1,9; m/s
21-01-2025;03:40:00;2,1; m/s
21-01-2025;03:50:00;2,1; m/s
21-01-2025;04:00:00;1,9; m/s
21-01-2025;04:10:00;1,4; m/s
21-01-2025;04:20:00;1,8; m/s
21-01-2025;04:30:00;2,5; m/s
21-01-2025;04:40:00;2,8; m/s
21-01-2025;04:50:00;2,8; m/s
21-01-2025;05:00:00;2,7; m/s
21-01-2025;05:10:00;2,1; m/s
21-01-2025;05:20:00;2,6; m/s
21-01-2025;05:30:00;3; m/s
21-01-2025;05:40:00;3; m/s
21-01-2025;05:50:00;2,5; m/s
21-01-2025;06:00:00;2,3; m/s
21-01-2025;06:10:00;2,7; m/s
21-01-2025;06:20:00;2,9; m/s
21-01-2025;06:30:00;3,2; m/s
21-01-2025;06:40:00;2; m/s
21-01-2025;06:50:00;3,4; m/s
21-01-2025;07:00:00;3,8; m/s
21-01-2025;07:10:00;2,8; m/s
21-01-2025;07:20:00;2,4; m/s
21-01-2025;07:30:00;2,3; m/s
21-01-2025;07:40:00;2,5; m/s
21-01-2025;07:50:00;3,1; m/s
21-01-2025;08:00:00;3,3; m/s
21-01-2025;08:10:00;2,5; m/s
21-01-2025;08:20:00;3,7; m/s
21-01-2025;08:30:00;2,5; m/s
21-01-2025;08:40:00;3,1; m/s
21-01-2025;08:50:00;3; m/s
21-01-2025;09:00:00;2,3; m/s
21-01-2025;09:10:00;2,4; m/s
21-01-2025;09:20:00;2,5; m/s
21-01-2025;09:30:00;2,4; m/s
21-01-2025;09:40:00;2,4; m/s
21-01-2025;09:50:00;2,5; m/s
21-01-2025;10:00:00;2,2; m/s
21-01-2025;10:10:00;2,2; m/s
21-01-2025;10:20:00;2,1; m/s
21-01-2025;10:30:00;2,1; m/s
21-01-2025;10:40:00;2,1; m/s
21-01-2025;10:50:00;1,9; m/s
21-01-2025;11:00:00;1,5; m/s
21-01-2025;11:10:00;1,2; m/s
21-01-2025;11:20:00;1,4; m/s
21-01-2025;11:30:00;1,1; m/s
21-01-2025;11:40:00;1,9; m/s
21-01-2025;11:50:00;1,6; m/s
21-01-2025;12:00:00;1,7; m/s
21-01-2025;12:10:00;1,6; m/s
21-01-2025;12:20:00;1,6; m/s
21-01-2025;12:30:00;2,9; m/s
21-01-2025;12:40:00;9,5; m/s
21-01-2025;12:50:00;7,9; m/s
21-01-2025;13:00:00;5,6; m/s
21-01-2025;13:10:00;4,5; m/s
21-01-2025;13:20:00;3,5; m/s
21-01-2025;13:30:00;2,3; m/s
21-01-2025;13:40:00;1,9; m/s
21-01-2025;13:50:00;1,3; m/s
21-01-2025;14:00:00;1,3; m/s
21-01-2025;14:10:00;1,5; m/s
21-01-2025;14:20:00;1,2; m/s
21-01-2025;14:30:00;2; m/s
21-01-2025;14:40:00;3,9; m/s
21-01-2025;14:50:00;3,7; m/s
21-01-2025;15:00:00;3; m/s
21-01-2025;15:10:00;2,4; m/s
21-01-2025;15:20:00;3,5; m/s
21-01-2025;15:30:00;3,9; m/s
21-01-2025;15:40:00;4,2; m/s
21-01-2025;15:50:00;3,8; m/s
21-01-2025;16:00:00;4,2; m/s
21-01-2025;16:10:00;4,6; m/s
21-01-2025;16:20:00;4,5; m/s
21-01-2025;16:30:00;2,6; m/s
21-01-2025;16:40:00;3,3; m/s
21-01-2025;16:50:00;2,4; m/s
21-01-2025;17:00:00;2,6; m/s
21-01-2025;17:10:00;3; m/s
21-01-2025;17:20:00;3,2; m/s
21-01-2025;17:30:00;3,2; m/s
21-01-2025;17:40:00;3,5; m/s
21-01-2025;17:50:00;3,1; m/s
21-01-2025;18:00:00;3,5; m/s
21-01-2025;18:10:00;2,8; m/s
21-01-2025;18:20:00;3,4; m/s
21-01-2025;18:30:00;3,9; m/s
21-01-2025;18:40:00;3,1; m/s
21-01-2025;18:50:00;3; m/s
21-01-2025;19:00:00;2,9; m/s
21-01-2025;19:10:00;3,3; m/s
21-01-2025;19:20:00;2,8; m/s
21-01-2025;19:30:00;3,3; m/s
21-01-2025;19:40:00;3,7; m/s
21-01-2025;19:50:00;4,2; m/s
21-01-2025;20:00:00;4,7; m/s
21-01-2025;20:10:00;4,4; m/s
21-01-2025;20:20:00;4; m/s
21-01-2025;20:30:00;4,3; m/s
21-01-2025;20:40:00;3,6; m/s
21-01-2025;20:50:00;3,1; m/s
21-01-2025;21:00:00;2,2; m/s
21-01-2025;21:10:00;3,7; m/s
21-01-2025;21:20:00;3,1; m/s
21-01-2025;21:30:00;2,9; m/s
21-01-2025;21:40:00;2,6; m/s
21-01-2025;21:50:00;2,4; m/s
21-01-2025;22:00:00;2,1; m/s
21-01-2025;22:10:00;1,5; m/s
21-01-2025;22:20:00;1,7; m/s
21-01-2025;22:30:00;1,4; m/s
21-01-2025;22:40:00;0,9; m/s
21-01-2025;22:50:00;1,1; m/s
21-01-2025;23:00:00;2,5; m/s
21-01-2025;23:10:00;2,6; m/s
21-01-2025;23:20:00;3; m/s
21-01-2025;23:30:00;2,6; m/s
21-01-2025;23:40:00;2,7; m/s
21-01-2025;23:50:00;3,1; m/s
22-01-2025;00:00:00;2,4; m/s
22-01-2025;00:10:00;2,3; m/s
22-01-2025;00:20:00;2,8; m/s
22-01-2025;00:30:00;3,3; m/s
22-01-2025;00:40:00;3,5; m/s
22-01-2025;00:50:00;2,6; m/s
22-01-2025;01:00:00;2,3; m/s
22-01-2025;01:10:00;3; m/s
22-01-2025;01:20:00;2,8; m/s
22-01-2025;01:30:00;2,7; m/s
22-01-2025;01:40:00;2,9; m/s
22-01-2025;01:50:00;2,9; m/s
22-01-2025;02:00:00;2,6; m/s
22-01-2025;02:10:00;2,8; m/s
22-01-2025;02:20:00;2,2; m/s
22-01-2025;02:30:00;3,3; m/s
22-01-2025;02:40:00;3,1; m/s
22-01-2025;02:50:00;3,5; m/s
22-01-2025;03:00:00;3,4; m/s
22-01-2025;03:10:00;3,8; m/s
22-01-2025;03:20:00;3,4; m/s
22-01-2025;03:30:00;2,9; m/s
22-01-2025;03:40:00;2,9; m/s
22-01-2025;03:50:00;2,8; m/s
22-01-2025;04:00:00;2,7; m/s
22-01-2025;04:10:00;2,7; m/s
22-01-2025;04:20:00;2,5; m/s
22-01-2025;04:30:00;2,7; m/s
22-01-2025;04:40:00;3,1; m/s
22-01-2025;04:50:00;3,1; m/s
22-01-2025;05:00:00;2,9; m/s
22-01-2025;05:10:00;3,2; m/s
22-01-2025;05:20:00;3,4; m/s
22-01-2025;05:30:00;3,7; m/s
22-01-2025;05:40:00;3,3; m/s
22-01-2025;05:50:00;3,4; m/s
22-01-2025;06:00:00;3,4; m/s
22-01-2025;06:10:00;3,5; m/s
22-01-2025;06:20:00;3,6; m/s
22-01-2025;06:30:00;3,5; m/s
22-01-2025;06:40:00;3,3; m/s
22-01-2025;06:50:00;3,7; m/s
22-01-2025;07:00:00;3,5; m/s
22-01-2025;07:10:00;3,2; m/s
22-01-2025;07:20:00;3,8; m/s
22-01-2025;07:30:00;3,2; m/s
22-01-2025;07:40:00;3; m/s
22-01-2025;07:50:00;3,3; m/s
22-01-2025;08:00:00;2,9; m/s
22-01-2025;08:10:00;2,8; m/s
22-01-2025;08:20:00;2,8; m/s
22-01-2025;08:30:00;3; m/s
22-01-2025;08:40:00;3,3; m/s
22-01-2025;08:50:00;3,6; m/s
22-01-2025;09:00:00;3,4; m/s
22-01-2025;09:10:00;3,8; m/s
22-01-2025;09:20:00;3,9; m/s
22-01-2025;09:30:00;3,8; m/s
22-01-2025;09:40:00;3,4; m/s
22-01-2025;09:50:00;3,5; m/s
22-01-2025;10:00:00;4,3; m/s
22-01-2025;10:10:00;3,4; m/s
22-01-2025;10:20:00;3,2; m/s
22-01-2025;10:30:00;3,7; m/s
22-01-2025;10:40:00;3,5; m/s
22-01-2025;10:50:00;3,1; m/s
22-01-2025;11:00:00;3,4; m/s
22-01-2025;11:10:00;3,8; m/s
22-01-2025;11:20:00;3,7; m/s
22-01-2025;11:30:00;3; m/s
22-01-2025;11:40:00;2; m/s
22-01-2025;11:50:00;2,2; m/s
22-01-2025;12:00:00;2,3; m/s
22-01-2025;12:10:00;2,3; m/s
22-01-2025;12:20:00;2,2; m/s
22-01-2025;12:30:00;2; m/s
22-01-2025;12:40:00;2,1; m/s
22-01-2025;12:50:00;2,4; m/s
22-01-2025;13:00:00;2; m/s
22-01-2025;13:10:00;2,2; m/s
22-01-2025;13:20:00;2,1; m/s
22-01-2025;13:30:00;1,7; m/s
22-01-2025;13:40:00;2,1; m/s
22-01-2025;13:50:00;1,6; m/s
22-01-2025;14:00:00;2; m/s
22-01-2025;14:10:00;2,3; m/s
22-01-2025;14:20:00;2,1; m/s
22-01-2025;14:30:00;2,2; m/s
22-01-2025;14:40:00;1,8; m/s
22-01-2025;14:50:00;2,2; m/s
22-01-2025;15:00:00;1,7; m/s
22-01-2025;15:10:00;1,8; m/s
22-01-2025;15:20:00;2,1; m/s
22-01-2025;15:30:00;2,5; m/s
22-01-2025;15:40:00;2,6; m/s
22-01-2025;15:50:00;2,8; m/s
22-01-2025;16:00:00;2,9; m/s
22-01-2025;16:10:00;2,4; m/s
22-01-2025;16:20:00;2,3; m/s
22-01-2025;16:30:00;2,9; m/s
22-01-2025;16:40:00;2,7; m/s
22-01-2025;16:50:00;3,3; m/s
22-01-2025;17:00:00;3,1; m/s
22-01-2025;17:10:00;1,8; m/s
22-01-2025;17:20:00;2; m/s
22-01-2025;17:30:00;2,5; m/s
22-01-2025;17:40:00;2,4; m/s
22-01-2025;17:50:00;3; m/s
22-01-2025;18:00:00;2,9; m/s
22-01-2025;18:10:00;3,6; m/s
22-01-2025;18:20:00;3,3; m/s
22-01-2025;18:30:00;2,9; m/s
22-01-2025;18:40:00;2; m/s
22-01-2025;18:50:00;2,4; m/s
22-01-2025;19:00:00;3,3; m/s
22-01-2025;19:10:00;2,9; m/s
22-01-2025;19:20:00;2,6; m/s
22-01-2025;19:30:00;3,3; m/s
22-01-2025;19:40:00;3,7; m/s
22-01-2025;19:50:00;3,8; m/s
22-01-2025;20:00:00;4,2; m/s
22-01-2025;20:10:00;3,2; m/s
22-01-2025;20:20:00;2,7; m/s
22-01-2025;20:30:00;3,2; m/s
22-01-2025;20:40:00;2,9; m/s
22-01-2025;20:50:00;3,2; m/s
22-01-2025;21:00:00;3; m/s
22-01-2025;21:10:00;2,3; m/s
22-01-2025;21:20:00;2,8; m/s
22-01-2025;21:30:00;3; m/s
22-01-2025;21:40:00;3; m/s
22-01-2025;21:50:00;2,3; m/s
22-01-2025;22:00:00;2,9; m/s
22-01-2025;22:10:00;2,7; m/s
22-01-2025;22:20:00;3,1; m/s
22-01-2025;22:30:00;3; m/s
22-01-2025;22:40:00;2,9; m/s
22-01-2025;22:50:00;3; m/s
22-01-2025;23:00:00;3,3; m/s
22-01-2025;23:10:00;3,6; m/s
22-01-2025;23:20:00;3; m/s
22-01-2025;23:30:00;3,5; m/s
22-01-2025;23:40:00;2,9; m/s
22-01-2025;23:50:00;2,7; m/s
23-01-2025;00:00:00;3,3; m/s
23-01-2025;00:10:00;3,1; m/s
23-01-2025;00:20:00;3,1; m/s
23-01-2025;00:30:00;3; m/s
23-01-2025;00:40:00;2,4; m/s
23-01-2025;00:50:00;2,7; m/s
23-01-2025;01:00:00;2,5; m/s
23-01-2025;01:10:00;2,7; m/s
23-01-2025;01:20:00;2,8; m/s
23-01-2025;01:30:00;2,7; m/s
23-01-2025;01:40:00;2,8; m/s
23-01-2025;01:50:00;2,9; m/s
23-01-2025;02:00:00;3,2; m/s
23-01-2025;02:10:00;3,2; m/s
23-01-2025;02:20:00;3,3; m/s
23-01-2025;02:30:00;3,2; m/s
23-01-2025;02:40:00;2,7; m/s
23-01-2025;02:50:00;2,8; m/s
23-01-2025;03:00:00;2,3; m/s
23-01-2025;03:10:00;1,9; m/s
23-01-2025;03:20:00;1,8; m/s
23-01-2025;03:30:00;1,6; m/s
23-01-2025;03:40:00;1,3; m/s
23-01-2025;03:50:00;1,3; m/s
23-01-2025;04:00:00;1,2; m/s
23-01-2025;04:10:00;1,7; m/s
23-01-2025;04:20:00;2,9; m/s
23-01-2025;04:30:00;2,9; m/s
23-01-2025;04:40:00;2,9; m/s
23-01-2025;04:50:00;3,2; m/s
23-01-2025;05:00:00;3,1; m/s
23-01-2025;05:10:00;3,2; m/s
23-01-2025;05:20:00;3,5; m/s
23-01-2025;05:30:00;3,9; m/s
23-01-2025;05:40:00;3,7; m/s
23-01-2025;05:50:00;3,7; m/s
23-01-2025;06:00:00;4,1; m/s
23-01-2025;06:10:00;3,7; m/s
23-01-2025;06:20:00;3,9; m/s
23-01-2025;06:30:00;3,9; m/s
23-01-2025;06:40:00;3,2; m/s
23-01-2025;06:50:00;2,8; m/s
23-01-2025;07:00:00;3; m/s
23-01-2025;07:10:00;2,9; m/s
23-01-2025;07:20:00;2,8; m/s
23-01-2025;07:30:00;3; m/s
23-01-2025;07:40:00;3,2; m/s
23-01-2025;07:50:00;2,9; m/s
23-01-2025;08:00:00;3; m/s
23-01-2025;08:10:00;3,3; m/s
23-01-2025;08:20:00;3,1; m/s
23-01-2025;08:30:00;2,7; m/s
23-01-2025;08:40:00;2,5; m/s
23-01-2025;08:50:00;2,6; m/s
23-01-2025;09:00:00;3,1; m/s
23-01-2025;09:10:00;2,8; m/s
23-01-2025;09:20:00;2,5; m/s
23-01-2025;09:30:00;2,5; m/s
23-01-2025;09:40:00;2,1; m/s
23-01-2025;09:50:00;2,4; m/s
23-01-2025;10:00:00;2,3; m/s
23-01-2025;10:10:00;2,6; m/s
23-01-2025;10:20:00;2,5; m/s
23-01-2025;10:30:00;2,5; m/s
23-01-2025;10:40:00;2,7; m/s
23-01-2025;10:50:00;2,6; m/s
23-01-2025;11:00:00;2,7; m/s
23-01-2025;11:10:00;3; m/s
23-01-2025;11:20:00;3,4; m/s
23-01-2025;11:30:00;3,3; m/s
23-01-2025;11:40:00;3,4; m/s
23-01-2025;11:50:00;3,1; m/s
23-01-2025;12:00:00;3,4; m/s
23-01-2025;12:10:00;2,8; m/s
23-01-2025;12:20:00;2,8; m/s
23-01-2025;12:30:00;2,8; m/s
23-01-2025;12:40:00;2,9; m/s
23-01-2025;12:50:00;2,8; m/s
23-01-2025;13:00:00;2,6; m/s
23-01-2025;13:10:00;2,1; m/s
23-01-2025;13:20:00;2; m/s
23-01-2025;13:30:00;2,3; m/s
23-01-2025;13:40:00;2,1; m/s
23-01-2025;13:50:00;2,1; m/s
23-01-2025;14:00:00;1,9; m/s
23-01-2025;14:10:00;2; m/s
23-01-2025;14:20:00;2,3; m/s
23-01-2025;14:30:00;1,9; m/s
23-01-2025;14:40:00;1,8; m/s
23-01-2025;14:50:00;1,8; m/s
23-01-2025;15:00:00;1,5; m/s
23-01-2025;15:10:00;1,8; m/s
23-01-2025;15:20:00;1,9; m/s
23-01-2025;15:30:00;1,1; m/s
23-01-2025;15:40:00;1,4; m/s
23-01-2025;15:50:00;1,4; m/s
23-01-2025;16:00:00;1,4; m/s
23-01-2025;16:10:00;1,8; m/s
23-01-2025;16:20:00;2,1; m/s
23-01-2025;16:30:00;1,9; m/s
23-01-2025;16:40:00;2; m/s
23-01-2025;16:50:00;1,9; m/s
23-01-2025;17:00:00;2; m/s
23-01-2025;17:10:00;1,6; m/s
23-01-2025;17:20:00;1,5; m/s
23-01-2025;17:30:00;1,7; m/s
23-01-2025;17:40:00;1,7; m/s
23-01-2025;17:50:00;2; m/s
23-01-2025;18:00:00;1,4; m/s
23-01-2025;18:10:00;1,7; m/s
23-01-2025;18:20:00;2,1; m/s
23-01-2025;18:30:00;3; m/s
23-01-2025;18:40:00;2,7; m/s
23-01-2025;18:50:00;2,6; m/s
23-01-2025;19:00:00;2,1; m/s
23-01-2025;19:10:00;2,2; m/s
23-01-2025;19:20:00;2,3; m/s
23-01-2025;19:30:00;1,3; m/s
23-01-2025;19:40:00;0,6; m/s
23-01-2025;19:50:00;0,2; m/s
23-01-2025;20:00:00;1; m/s
23-01-2025;20:10:00;1,1; m/s
23-01-2025;20:20:00;1,1; m/s
23-01-2025;20:30:00;1,5; m/s
23-01-2025;20:40:00;0,8; m/s
23-01-2025;20:50:00;1,3; m/s
23-01-2025;21:00:00;1,5; m/s
23-01-2025;21:10:00;1; m/s
23-01-2025;21:20:00;0,7; m/s
23-01-2025;21:30:00;1,2; m/s
23-01-2025;21:40:00;1,1; m/s
23-01-2025;21:50:00;0,5; m/s
23-01-2025;22:00:00;0,7; m/s
23-01-2025;22:10:00;0,8; m/s
23-01-2025;22:20:00;0,9; m/s
23-01-2025;22:30:00;1,2; m/s
23-01-2025;22:40:00;1,6; m/s
23-01-2025;22:50:00;1,6; m/s
23-01-2025;23:00:00;2,2; m/s
23-01-2025;23:10:00;3; m/s
23-01-2025;23:20:00;3,4; m/s
23-01-2025;23:30:00;3,3; m/s
23-01-2025;23:40:00;2,9; m/s
23-01-2025;23:50:00;2,8; m/s
24-01-2025;00:00:00;3,1; m/s
24-01-2025;00:10:00;3,4; m/s
24-01-2025;00:20:00;3,2; m/s
24-01-2025;00:30:00;3,1; m/s
24-01-2025;00:40:00;3,8; m/s
24-01-2025;00:50:00;3,6; m/s
24-01-2025;01:00:00;3,2; m/s
24-01-2025;01:10:00;2,9; m/s
24-01-2025;01:20:00;3,3; m/s
24-01-2025;01:30:00;3,4; m/s
24-01-2025;01:40:00;3,3; m/s
24-01-2025;01:50:00;3,3; m/s
24-01-2025;02:00:00;3; m/s
24-01-2025;02:10:00;3; m/s
24-01-2025;02:20:00;2,9; m/s
24-01-2025;02:30:00;2,6; m/s
24-01-2025;02:40:00;3,2; m/s
24-01-2025;02:50:00;3,2; m/s
24-01-2025;03:00:00;3,1; m/s
24-01-2025;03:10:00;2,8; m/s
24-01-2025;03:20:00;3,1; m/s
24-01-2025;03:30:00;2,7; m/s
24-01-2025;03:40:00;2,9; m/s
24-01-2025;03:50:00;2,7; m/s
24-01-2025;04:00:00;3,4; m/s
24-01-2025;04:10:00;3,6; m/s
24-01-2025;04:20:00;3,1; m/s
24-01-2025;04:30:00;3,5; m/s
24-01-2025;04:40:00;3,2; m/s
24-01-2025;04:50:00;3; m/s
24-01-2025;05:00:00;2,8; m/s
24-01-2025;05:10:00;2,2; m/s
24-01-2025;05:20:00;2,2; m/s
24-01-2025;05:30:00;2,3; m/s
24-01-2025;05:40:00;2,2; m/s
24-01-2025;05:50:00;2,1; m/s
24-01-2025;06:00:00;2,5; m/s
24-01-2025;06:10:00;2,6; m/s
24-01-2025;06:20:00;1,9; m/s
24-01-2025;06:30:00;1,8; m/s
24-01-2025;06:40:00;1,9; m/s
24-01-2025;06:50:00;2; m/s
24-01-2025;07:00:00;2; m/s
24-01-2025;07:10:00;2,9; m/s
24-01-2025;07:20:00;3,3; m/s
24-01-2025;07:30:00;4,5; m/s
24-01-2025;07:40:00;5,1; m/s
24-01-2025;07:50:00;4,3; m/s
24-01-2025;08:00:00;3,6; m/s
24-01-2025;08:10:00;2,8; m/s
24-01-2025;08:20:00;3,2; m/s
24-01-2025;08:30:00;2,8; m/s
24-01-2025;08:40:00;1,9; m/s
24-01-2025;08:50:00;1,7; m/s
24-01-2025;09:00:00;1,9; m/s
24-01-2025;09:10:00;1,8; m/s
24-01-2025;09:20:00;1,2; m/s
24-01-2025;09:30:00;1,7; m/s
24-01-2025;09:40:00;1; m/s
24-01-2025;09:50:00;0,7; m/s
24-01-2025;10:00:00;0,9; m/s
24-01-2025;10:10:00;0,9; m/s
24-01-2025;10:20:00;0,9; m/s
24-01-2025;10:30:00;0,7; m/s
24-01-2025;10:40:00;0,7; m/s
24-01-2025;10:50:00;1,2; m/s
24-01-2025;11:00:00;2,3; m/s
24-01-2025;11:10:00;1,6; m/s
24-01-2025;11:20:00;1,4; m/s
24-01-2025;11:30:00;1,1; m/s
24-01-2025;11:40:00;1,1; m/s
24-01-2025;11:50:00;1,5; m/s
24-01-2025;12:00:00;1,8; m/s
24-01-2025;12:10:00;2; m/s
24-01-2025;12:20:00;1,3; m/s
24-01-2025;12:30:00;1,4; m/s
24-01-2025;12:40:00;1,7; m/s
24-01-2025;12:50:00;2,1; m/s
24-01-2025;13:00:00;1,7; m/s
24-01-2025;13:10:00;1,8; m/s
24-01-2025;13:20:00;1,7; m/s
24-01-2025;13:30:00;1,5; m/s
24-01-2025;13:40:00;1,7; m/s
24-01-2025;13:50:00;2,1; m/s
24-01-2025;14:00:00;2,5; m/s
24-01-2025;14:10:00;3,5; m/s
24-01-2025;14:20:00;3,7; m/s
24-01-2025;14:30:00;3,9; m/s
24-01-2025;14:40:00;4,2; m/s
24-01-2025;14:50:00;4,8; m/s
24-01-2025;15:00:00;5,1; m/s
24-01-2025;15:10:00;6; m/s
24-01-2025;15:20:00;5,5; m/s
24-01-2025;15:30:00;4,6; m/s
24-01-2025;15:40:00;4,1; m/s
24-01-2025;15:50:00;3,7; m/s
24-01-2025;16:00:00;3,9; m/s
24-01-2025;16:10:00;3,3; m/s
24-01-2025;16:20:00;4,2; m/s
24-01-2025;16:30:00;4,5; m/s
24-01-2025;16:40:00;5,1; m/s
24-01-2025;16:50:00;6,3; m/s
24-01-2025;17:00:00;4,9; m/s
24-01-2025;17:10:00;3,9; m/s
24-01-2025;17:20:00;4,3; m/s
24-01-2025;17:30:00;3,5; m/s
24-01-2025;17:40:00;2,8; m/s
24-01-2025;17:50:00;2,9; m/s
24-01-2025;18:00:00;3,1; m/s
24-01-2025;18:10:00;3,3; m/s
24-01-2025;18:20:00;3,7; m/s
24-01-2025;18:30:00;3,4; m/s
24-01-2025;18:40:00;3,5; m/s
24-01-2025;18:50:00;3,6; m/s
24-01-2025;19:00:00;3,4; m/s
24-01-2025;19:10:00;3,2; m/s
24-01-2025;19:20:00;3,1; m/s
24-01-2025;19:30:00;3,3; m/s
24-01-2025;19:40:00;3,4; m/s
24-01-2025;19:50:00;3,5; m/s
24-01-2025;20:00:00;3,6; m/s
24-01-2025;20:10:00;3,9; m/s
24-01-2025;20:20:00;3,6; m/s
24-01-2025;20:30:00;3,3; m/s
24-01-2025;20:40:00;2,9; m/s
24-01-2025;20:50:00;2,9; m/s
24-01-2025;21:00:00;2,7; m/s
24-01-2025;21:10:00;2,9; m/s
24-01-2025;21:20:00;2,7; m/s
24-01-2025;21:30:00;2,9; m/s
24-01-2025;21:40:00;3; m/s
24-01-2025;21:50:00;2,6; m/s
24-01-2025;22:00:00;2,2; m/s
24-01-2025;22:10:00;2,3; m/s
24-01-2025;22:20:00;2,5; m/s
24-01-2025;22:30:00;2,4; m/s
24-01-2025;22:40:00;2,3; m/s
24-01-2025;22:50:00;2,3; m/s
24-01-2025;23:00:00;2,5; m/s
24-01-2025;23:10:00;2,3; m/s
24-01-2025;23:20:00;2; m/s
24-01-2025;23:30:00;1,4; m/s
24-01-2025;23:40:00;0,5; m/s
24-01-2025;23:50:00;1,3; m/s
25-01-2025;00:00:00;1,6; m/s
25-01-2025;00:10:00;2; m/s
25-01-2025;00:20:00;2,9; m/s
25-01-2025;00:30:00;3,1; m/s
25-01-2025;00:40:00;3,1; m/s
25-01-2025;00:50:00;2,9; m/s
25-01-2025;01:00:00;3; m/s
25-01-2025;01:10:00;3,4; m/s
25-01-2025;01:20:00;3,5; m/s
25-01-2025;01:30:00;3,3; m/s
25-01-2025;01:40:00;3,2; m/s
25-01-2025;01:50:00;3,5; m/s
25-01-2025;02:00:00;3,3; m/s
25-01-2025;02:10:00;3,5; m/s
25-01-2025;02:20:00;3,7; m/s
25-01-2025;02:30:00;3,7; m/s
25-01-2025;02:40:00;3,9; m/s
25-01-2025;02:50:00;3,1; m/s
25-01-2025;03:00:00;2,7; m/s
25-01-2025;03:10:00;3,4; m/s
25-01-2025;03:20:00;3,4; m/s
25-01-2025;03:30:00;3; m/s
25-01-2025;03:40:00;3,2; m/s
25-01-2025;03:50:00;3,4; m/s
25-01-2025;04:00:00;2,9; m/s
25-01-2025;04:10:00;2,6; m/s
25-01-2025;04:20:00;2,3; m/s
25-01-2025;04:30:00;2,6; m/s
25-01-2025;04:40:00;2,4; m/s
25-01-2025;04:50:00;2,3; m/s
25-01-2025;05:00:00;2,2; m/s
25-01-2025;05:10:00;1,5; m/s
25-01-2025;05:20:00;1,6; m/s
25-01-2025;05:30:00;1,5; m/s
25-01-2025;05:40:00;1,9; m/s
25-01-2025;05:50:00;1,2; m/s
25-01-2025;06:00:00;0,6; m/s
25-01-2025;06:10:00;1,5; m/s
25-01-2025;06:20:00;1,4; m/s
25-01-2025;06:30:00;1,2; m/s
25-01-2025;06:40:00;1,6; m/s
25-01-2025;06:50:00;1,5; m/s
25-01-2025;07:00:00;1,3; m/s
25-01-2025;07:10:00;0,9; m/s
25-01-2025;07:20:00;0,8; m/s
25-01-2025;07:30:00;0,9; m/s
25-01-2025;07:40:00;0,7; m/s
25-01-2025;07:50:00;0,5; m/s
25-01-2025;08:00:00;0,4; m/s
25-01-2025;08:10:00;0,7; m/s
25-01-2025;08:20:00;0,7; m/s
25-01-2025;08:30:00;1,5; m/s
25-01-2025;08:40:00;2,1; m/s
25-01-2025;08:50:00;3; m/s
25-01-2025;09:00:00;2,6; m/s
25-01-2025;09:10:00;2,3; m/s
25-01-2025;09:20:00;1,7; m/s
25-01-2025;09:30:00;1,4; m/s
25-01-2025;09:40:00;1,5; m/s
25-01-2025;09:50:00;1; m/s
25-01-2025;10:00:00;1,2; m/s
25-01-2025;10:10:00;1,4; m/s
25-01-2025;10:20:00;1,2; m/s
25-01-2025;10:30:00;1,6; m/s
25-01-2025;10:40:00;1,4; m/s
25-01-2025;10:50:00;1,7; m/s
25-01-2025;11:00:00;1,8; m/s
25-01-2025;11:10:00;1,5; m/s
25-01-2025;11:20:00;1,7; m/s
25-01-2025;11:30:00;1,5; m/s
25-01-2025;11:40:00;0,8; m/s
25-01-2025;11:50:00;0,7; m/s
25-01-2025;12:00:00;1,2; m/s
25-01-2025;12:10:00;1,1; m/s
25-01-2025;12:20:00;0,9; m/s
25-01-2025;12:30:00;1,5; m/s
25-01-2025;12:40:00;1,6; m/s
25-01-2025;12:50:00;1,6; m/s
25-01-2025;13:00:00;1,7; m/s
25-01-2025;13:10:00;1,6; m/s
25-01-2025;13:20:00;1,6; m/s
25-01-2025;13:30:00;1,6; m/s
25-01-2025;13:40:00;1,8; m/s
25-01-2025;13:50:00;2,2; m/s
25-01-2025;14:00:00;1,6; m/s
25-01-2025;14:10:00;1,9; m/s
25-01-2025;14:20:00;1,7; m/s
25-01-2025;14:30:00;1,8; m/s
25-01-2025;14:40:00;1,9; m/s
25-01-2025;14:50:00;1,7; m/s
25-01-2025;15:00:00;1,7; m/s
25-01-2025;15:10:00;1,6; m/s
25-01-2025;15:20:00;1,8; m/s
25-01-2025;15:30:00;1,9; m/s
25-01-2025;15:40:00;2,3; m/s
25-01-2025;15:50:00;2,2; m/s
25-01-2025;16:00:00;1,5; m/s
25-01-2025;16:10:00;1,4; m/s
25-01-2025;16:20:00;1,3; m/s
25-01-2025;16:30:00;1,1; m/s
25-01-2025;16:40:00;1,2; m/s
25-01-2025;16:50:00;1,5; m/s
25-01-2025;17:00:00;1,6; m/s
25-01-2025;17:10:00;2; m/s
25-01-2025;17:20:00;1,6; m/s
25-01-2025;17:30:00;1,6; m/s
25-01-2025;17:40:00;1,2; m/s
25-01-2025;17:50:00;0,8; m/s
25-01-2025;18:00:00;1; m/s
25-01-2025;18:10:00;0,9; m/s
25-01-2025;18:20:00;1,3; m/s
25-01-2025;18:30:00;1,3; m/s
25-01-2025;18:40:00;0,8; m/s
25-01-2025;18:50:00;0,5; m/s
25-01-2025;19:00:00;0,6; m/s
25-01-2025;19:10:00;0,9; m/s
25-01-2025;19:20:00;0,7; m/s
25-01-2025;19:30:00;0,9; m/s
25-01-2025;19:40:00;0,6; m/s
25-01-2025;19:50:00;0,6; m/s
25-01-2025;20:00:00;1; m/s
25-01-2025;20:10:00;1,3; m/s
25-01-2025;20:20:00;1,6; m/s
25-01-2025;20:30:00;1,8; m/s
25-01-2025;20:40:00;1,7; m/s
25-01-2025;20:50:00;2; m/s
25-01-2025;21:00:00;2,1; m/s
25-01-2025;21:10:00;2,2; m/s
25-01-2025;21:20:00;2; m/s
25-01-2025;21:30:00;2,4; m/s
25-01-2025;21:40:00;2,2; m/s
25-01-2025;21:50:00;1,8; m/s
25-01-2025;22:00:00;1,5; m/s
25-01-2025;22:10:00;0,8; m/s
25-01-2025;22:20:00;0,8; m/s
25-01-2025;22:30:00;1,2; m/s
25-01-2025;22:40:00;1,5; m/s
25-01-2025;22:50:00;1,9; m/s
25-01-2025;23:00:00;2; m/s
25-01-2025;23:10:00;1,4; m/s
25-01-2025;23:20:00;1,4; m/s
25-01-2025;23:30:00;1,2; m/s
25-01-2025;23:40:00;1,4; m/s
25-01-2025;23:50:00;1,6; m/s
26-01-2025;00:00:00;1,1; m/s
26-01-2025;00:10:00;0,3; m/s
26-01-2025;00:20:00;0,6; m/s
26-01-2025;00:30:00;1,4; m/s
26-01-2025;00:40:00;1,1; m/s
26-01-2025;00:50:00;1,8; m/s
26-01-2025;01:00:00;1,1; m/s
26-01-2025;01:10:00;1; m/s
26-01-2025;01:20:00;1,3; m/s
26-01-2025;01:30:00;1,9; m/s
26-01-2025;01:40:00;1,6; m/s
26-01-2025;01:50:00;1,5; m/s
26-01-2025;02:00:00;2,4; m/s
26-01-2025;02:10:00;2; m/s
26-01-2025;02:20:00;1,9; m/s
26-01-2025;02:30:00;2,2; m/s
26-01-2025;02:40:00;1,6; m/s
26-01-2025;02:50:00;1,7; m/s
26-01-2025;03:00:00;1,9; m/s
26-01-2025;03:10:00;2,4; m/s
26-01-2025;03:20:00;2,4; m/s
26-01-2025;03:30:00;2,7; m/s
26-01-2025;03:40:00;3; m/s
26-01-2025;03:50:00;2,6; m/s
26-01-2025;04:00:00;2,7; m/s
26-01-2025;04:10:00;2,6; m/s
26-01-2025;04:20:00;2,9; m/s
26-01-2025;04:30:00;2,9; m/s
26-01-2025;04:40:00;3; m/s
26-01-2025;04:50:00;3,1; m/s
26-01-2025;05:00:00;2,2; m/s
26-01-2025;05:10:00;2,8; m/s
26-01-2025;05:20:00;2,9; m/s
26-01-2025;05:30:00;3; m/s
26-01-2025;05:40:00;2,9; m/s
26-01-2025;05:50:00;2,7; m/s
26-01-2025;06:00:00;1,6; m/s
26-01-2025;06:10:00;1,6; m/s
26-01-2025;06:20:00;1,9; m/s
26-01-2025;06:30:00;2,1; m/s
26-01-2025;06:40:00;1,6; m/s
26-01-2025;06:50:00;1,8; m/s
26-01-2025;07:00:00;1,6; m/s
26-01-2025;07:10:00;2,2; m/s
26-01-2025;07:20:00;2,4; m/s
26-01-2025;07:30:00;2,6; m/s
26-01-2025;07:40:00;3,1; m/s
26-01-2025;07:50:00;2,4; m/s
26-01-2025;08:00:00;2,1; m/s
26-01-2025;08:10:00;1,9; m/s
26-01-2025;08:20:00;2,2; m/s
26-01-2025;08:30:00;1,9; m/s
26-01-2025;08:40:00;2,2; m/s
26-01-2025;08:50:00;2,1; m/s
26-01-2025;09:00:00;2,3; m/s
26-01-2025;09:10:00;2,2; m/s
26-01-2025;09:20:00;2,3; m/s
26-01-2025;09:30:00;2,4; m/s
26-01-2025;09:40:00;2,2; m/s
26-01-2025;09:50:00;2,4; m/s
26-01-2025;10:00:00;3; m/s
26-01-2025;10:10:00;4,4; m/s
26-01-2025;10:20:00;3,5; m/s
26-01-2025;10:30:00;4,1; m/s
26-01-2025;10:40:00;4; m/s
26-01-2025;10:50:00;2,7; m/s
26-01-2025;11:00:00;2,7; m/s
26-01-2025;11:10:00;2,7; m/s
26-01-2025;11:20:00;2,4; m/s
26-01-2025;11:30:00;2,2; m/s
26-01-2025;11:40:00;3,6; m/s
26-01-2025;11:50:00;4,5; m/s
26-01-2025;12:00:00;3,3; m/s
26-01-2025;12:10:00;2,5; m/s
26-01-2025;12:20:00;2,2; m/s
26-01-2025;12:30:00;2,2; m/s
26-01-2025;12:40:00;1,7; m/s
26-01-2025;12:50:00;1,8; m/s
26-01-2025;13:00:00;1,8; m/s
26-01-2025;13:10:00;2,1; m/s
26-01-2025;13:20:00;1,9; m/s
26-01-2025;13:30:00;1,9; m/s
26-01-2025;13:40:00;1,9; m/s
26-01-2025;13:50:00;2,2; m/s
26-01-2025;14:00:00;2,8; m/s
26-01-2025;14:10:00;2,6; m/s
26-01-2025;14:20:00;2,6; m/s
26-01-2025;14:30:00;2,5; m/s
26-01-2025;14:40:00;2,9; m/s
26-01-2025;14:50:00;3,1; m/s
26-01-2025;15:00:00;3,3; m/s
26-01-2025;15:10:00;3,4; m/s
26-01-2025;15:20:00;4; m/s
26-01-2025;15:30:00;3,9; m/s
26-01-2025;15:40:00;3,5; m/s
26-01-2025;15:50:00;3,2; m/s
26-01-2025;16:00:00;3; m/s
26-01-2025;16:10:00;2,7; m/s
26-01-2025;16:20:00;2,8; m/s
26-01-2025;16:30:00;2,5; m/s
26-01-2025;16:40:00;2,5; m/s
26-01-2025;16:50:00;2,4; m/s
26-01-2025;17:00:00;2,7; m/s
26-01-2025;17:10:00;3,1; m/s
26-01-2025;17:20:00;3,2; m/s
26-01-2025;17:30:00;3,4; m/s
26-01-2025;17:40:00;3,4; m/s
26-01-2025;17:50:00;3,3; m/s
26-01-2025;18:00:00;3,2; m/s
26-01-2025;18:10:00;2,9; m/s
26-01-2025;18:20:00;3,1; m/s
26-01-2025;18:30:00;3,1; m/s
26-01-2025;18:40:00;3,4; m/s
26-01-2025;18:50:00;3,8; m/s
26-01-2025;19:00:00;2,9; m/s
26-01-2025;19:10:00;2,8; m/s
26-01-2025;19:20:00;2,9; m/s
26-01-2025;19:30:00;2,8; m/s
26-01-2025;19:40:00;3; m/s
26-01-2025;19:50:00;3,6; m/s
26-01-2025;20:00:00;3,1; m/s
26-01-2025;20:10:00;2,6; m/s
26-01-2025;20:20:00;2,9; m/s
26-01-2025;20:30:00;2,6; m/s
26-01-2025;20:40:00;2,7; m/s
26-01-2025;20:50:00;2,7; m/s
26-01-2025;21:00:00;2,3; m/s
26-01-2025;21:10:00;2,6; m/s
26-01-2025;21:20:00;2,9; m/s
26-01-2025;21:30:00;2,3; m/s
26-01-2025;21:40:00;2,3; m/s
26-01-2025;21:50:00;2,4; m/s
26-01-2025;22:00:00;2,5; m/s
26-01-2025;22:10:00;2,6; m/s
26-01-2025;22:20:00;2,1; m/s
26-01-2025;22:30:00;2; m/s
26-01-2025;22:40:00;1,7; m/s
26-01-2025;22:50:00;1,6; m/s
26-01-2025;23:00:00;1,6; m/s
26-01-2025;23:10:00;1,4; m/s
26-01-2025;23:20:00;1,6; m/s
26-01-2025;23:30:00;1,4; m/s
26-01-2025;23:40:00;1,7; m/s
26-01-2025;23:50:00;1,4; m/s
27-01-2025;00:00:00;1,5; m/s
27-01-2025;00:10:00;1,6; m/s
27-01-2025;00:20:00;1,2; m/s
27-01-2025;00:30:00;1,3; m/s
27-01-2025;00:40:00;1,1; m/s
27-01-2025;00:50:00;1,2; m/s
27-01-2025;01:00:00;1,7; m/s
27-01-2025;01:10:00;1,4; m/s
27-01-2025;01:20:00;1,7; m/s
27-01-2025;01:30:00;1,5; m/s
27-01-2025;01:40:00;2; m/s
27-01-2025;01:50:00;2; m/s
27-01-2025;02:00:00;1,6; m/s
27-01-2025;02:10:00;2; m/s
27-01-2025;02:20:00;1,8; m/s
27-01-2025;02:30:00;2,1; m/s
27-01-2025;02:40:00;1,5; m/s
27-01-2025;02:50:00;1,8; m/s
27-01-2025;03:00:00;1,8; m/s
27-01-2025;03:10:00;1,8; m/s
27-01-2025;03:20:00;1,7; m/s
27-01-2025;03:30:00;1,1; m/s
27-01-2025;03:40:00;1,7; m/s
27-01-2025;03:50:00;1,9; m/s
27-01-2025;04:00:00;2; m/s
27-01-2025;04:10:00;1,9; m/s
27-01-2025;04:20:00;2,3; m/s
27-01-2025;04:30:00;1,8; m/s
27-01-2025;04:40:00;1,8; m/s
27-01-2025;04:50:00;1,7; m/s
27-01-2025;05:00:00;1,8; m/s
27-01-2025;05:10:00;2,2; m/s
27-01-2025;05:20:00;1,7; m/s
27-01-2025;05:30:00;2,3; m/s
27-01-2025;05:40:00;2,4; m/s
27-01-2025;05:50:00;2,1; m/s
27-01-2025;06:00:00;2,6; m/s
27-01-2025;06:10:00;3; m/s
27-01-2025;06:20:00;2,9; m/s
27-01-2025;06:30:00;3,4; m/s
27-01-2025;06:40:00;3,9; m/s
27-01-2025;06:50:00;3,4; m/s
27-01-2025;07:00:00;3,9; m/s
27-01-2025;07:10:00;3,5; m/s
27-01-2025;07:20:00;4,1; m/s
27-01-2025;07:30:00;3,8; m/s
27-01-2025;07:40:00;3,9; m/s
27-01-2025;07:50:00;3,6; m/s
27-01-2025;08:00:00;3,6; m/s
27-01-2025;08:10:00;4,2; m/s
27-01-2025;08:20:00;3,6; m/s
27-01-2025;08:30:00;3,4; m/s
27-01-2025;08:40:00;2,6; m/s
27-01-2025;08:50:00;2,9; m/s
27-01-2025;09:00:00;2,8; m/s
27-01-2025;09:10:00;2,7; m/s
27-01-2025;09:20:00;2,5; m/s
27-01-2025;09:30:00;2,4; m/s
27-01-2025;09:40:00;2,2; m/s
27-01-2025;09:50:00;1,9; m/s
27-01-2025;10:00:00;2,4; m/s
27-01-2025;10:10:00;2,2; m/s
27-01-2025;10:20:00;2,2; m/s
27-01-2025;10:30:00;2,5; m/s
27-01-2025;10:40:00;2,3; m/s
27-01-2025;10:50:00;2,6; m/s
27-01-2025;11:00:00;2,4; m/s
27-01-2025;11:10:00;2,7; m/s
27-01-2025;11:20:00;2,6; m/s
27-01-2025;11:30:00;2,5; m/s
27-01-2025;11:40:00;2,5; m/s
27-01-2025;11:50:00;2,7; m/s
27-01-2025;12:00:00;2,6; m/s
27-01-2025;12:10:00;2,6; m/s
27-01-2025;12:20:00;2,5; m/s
27-01-2025;12:30:00;2,1; m/s
27-01-2025;12:40:00;2,3; m/s
27-01-2025;12:50:00;2,5; m/s
27-01-2025;13:00:00;2,5; m/s
27-01-2025;13:10:00;2,2; m/s
27-01-2025;13:20:00;2,1; m/s
27-01-2025;13:30:00;2,4; m/s
27-01-2025;13:40:00;2,4; m/s
27-01-2025;13:50:00;2,8; m/s
27-01-2025;14:00:00;2,5; m/s
27-01-2025;14:10:00;2,9; m/s
27-01-2025;14:20:00;2,6; m/s
27-01-2025;14:30:00;2,9; m/s
27-01-2025;14:40:00;2,5; m/s
27-01-2025;14:50:00;2,6; m/s
27-01-2025;15:00:00;2,6; m/s
27-01-2025;15:10:00;2,9; m/s
27-01-2025;15:20:00;2,5; m/s
27-01-2025;15:30:00;2,2; m/s
27-01-2025;15:40:00;3,4; m/s
27-01-2025;15:50:00;3,1; m/s
27-01-2025;16:00:00;3,4; m/s
27-01-2025;16:10:00;2,8; m/s
27-01-2025;16:20:00;2,7; m/s
27-01-2025;16:30:00;3; m/s
27-01-2025;16:40:00;2,6; m/s
27-01-2025;16:50:00;3,4; m/s
27-01-2025;17:00:00;2,7; m/s
27-01-2025;17:10:00;2,8; m/s
27-01-2025;17:20:00;3,1; m/s
27-01-2025;17:30:00;3,9; m/s
27-01-2025;17:40:00;3,7; m/s
27-01-2025;17:50:00;3,9; m/s
27-01-2025;18:00:00;3,6; m/s
27-01-2025;18:10:00;3,9; m/s
27-01-2025;18:20:00;3,4; m/s
27-01-2025;18:30:00;3,8; m/s
27-01-2025;18:40:00;4,3; m/s
27-01-2025;18:50:00;3,7; m/s
27-01-2025;19:00:00;4,8; m/s
27-01-2025;19:10:00;3,9; m/s
27-01-2025;19:20:00;3,8; m/s
27-01-2025;19:30:00;4,1; m/s
27-01-2025;19:40:00;5; m/s
27-01-2025;19:50:00;4,7; m/s
27-01-2025;20:00:00;4,9; m/s
27-01-2025;20:10:00;4; m/s
27-01-2025;20:20:00;5,1; m/s
27-01-2025;20:30:00;4,3; m/s
27-01-2025;20:40:00;4,3; m/s
27-01-2025;20:50:00;5; m/s
27-01-2025;21:00:00;4,7; m/s
27-01-2025;21:10:00;4,6; m/s
27-01-2025;21:20:00;5,9; m/s
27-01-2025;21:30:00;5,4; m/s
27-01-2025;21:40:00;4,5; m/s
27-01-2025;21:50:00;5; m/s
27-01-2025;22:00:00;4,4; m/s
27-01-2025;22:10:00;5,4; m/s
27-01-2025;22:20:00;4,8; m/s
27-01-2025;22:30:00;4; m/s
27-01-2025;22:40:00;5,2; m/s
27-01-2025;22:50:00;5,4; m/s
27-01-2025;23:00:00;5,8; m/s
27-01-2025;23:10:00;5,7; m/s
27-01-2025;23:20:00;5,6; m/s
27-01-2025;23:30:00;4,8; m/s
27-01-2025;23:40:00;5,7; m/s
27-01-2025;23:50:00;5,3; m/s
28-01-2025;00:00:00;5,1; m/s
28-01-2025;00:10:00;4,6; m/s
28-01-2025;00:20:00;5; m/s
28-01-2025;00:30:00;5,9; m/s
28-01-2025;00:40:00;6; m/s
28-01-2025;00:50:00;6,5; m/s
28-01-2025;01:00:00;5,9; m/s
28-01-2025;01:10:00;5,3; m/s
28-01-2025;01:20:00;5; m/s
28-01-2025;01:30:00;4,7; m/s
28-01-2025;01:40:00;4,2; m/s
28-01-2025;01:50:00;4,8; m/s
28-01-2025;02:00:00;5,4; m/s
28-01-2025;02:10:00;4,9; m/s
28-01-2025;02:20:00;5,6; m/s
28-01-2025;02:30:00;5,8; m/s
28-01-2025;02:40:00;6,2; m/s
28-01-2025;02:50:00;5,4; m/s
28-01-2025;03:00:00;6,6; m/s
28-01-2025;03:10:00;6,9; m/s
28-01-2025;03:20:00;5,8; m/s
28-01-2025;03:30:00;5,1; m/s
28-01-2025;03:40:00;5,1; m/s
28-01-2025;03:50:00;5,5; m/s
28-01-2025;04:00:00;5; m/s
28-01-2025;04:10:00;4,5; m/s
28-01-2025;04:20:00;5,2; m/s
28-01-2025;04:30:00;4,9; m/s
28-01-2025;04:40:00;4,8; m/s
28-01-2025;04:50:00;5; m/s
28-01-2025;05:00:00;5,4; m/s
28-01-2025;05:10:00;4,7; m/s
28-01-2025;05:20:00;3,6; m/s
28-01-2025;05:30:00;4,5; m/s
28-01-2025;05:40:00;4,6; m/s
28-01-2025;05:50:00;5,3; m/s
28-01-2025;06:00:00;5,1; m/s
28-01-2025;06:10:00;4,6; m/s
28-01-2025;06:20:00;4,7; m/s
28-01-2025;06:30:00;4,3; m/s
28-01-2025;06:40:00;5,2; m/s
28-01-2025;06:50:00;4,6; m/s
28-01-2025;07:00:00;4,5; m/s
28-01-2025;07:10:00;4,7; m/s
28-01-2025;07:20:00;5,7; m/s
28-01-2025;07:30:00;6,1; m/s
28-01-2025;07:40:00;5,5; m/s
28-01-2025;07:50:00;5; m/s
28-01-2025;08:00:00;5,1; m/s
28-01-2025;08:10:00;4,6; m/s
28-01-2025;08:20:00;5; m/s
28-01-2025;08:30:00;4,7; m/s
28-01-2025;08:40:00;4,6; m/s
28-01-2025;08:50:00;5,1; m/s
28-01-2025;09:00:00;5,6; m/s
28-01-2025;09:10:00;6,2; m/s
28-01-2025;09:20:00;5,6; m/s
28-01-2025;09:30:00;5,5; m/s
28-01-2025;09:40:00;5,5; m/s
28-01-2025;09:50:00;5,2; m/s
28-01-2025;10:00:00;5; m/s
28-01-2025;10:10:00;4,7; m/s
28-01-2025;10:20:00;5,3; m/s
28-01-2025;10:30:00;5; m/s
28-01-2025;10:40:00;4,5; m/s
28-01-2025;10:50:00;4,6; m/s
28-01-2025;11:00:00;5; m/s
28-01-2025;11:10:00;5,2; m/s
28-01-2025;11:20:00;5; m/s
28-01-2025;11:30:00;5,5; m/s
28-01-2025;11:40:00;5,3; m/s
28-01-2025;11:50:00;5; m/s
28-01-2025;12:00:00;5,3; m/s
28-01-2025;12:10:00;5,5; m/s
28-01-2025;12:20:00;5,5; m/s
28-01-2025;12:30:00;5,5; m/s
28-01-2025;12:40:00;4,8; m/s
28-01-2025;12:50:00;4,6; m/s
28-01-2025;13:00:00;5; m/s
28-01-2025;13:10:00;5,5; m/s
28-01-2025;13:20:00;4,6; m/s
28-01-2025;13:30:00;5,2; m/s
28-01-2025;13:40:00;6; m/s
28-01-2025;13:50:00;6,2; m/s
28-01-2025;14:00:00;5,9; m/s
28-01-2025;14:10:00;5,4; m/s
28-01-2025;14:20:00;6,5; m/s
28-01-2025;14:30:00;7; m/s
28-01-2025;14:40:00;7,2; m/s
28-01-2025;14:50:00;6,7; m/s
28-01-2025;15:00:00;7,3; m/s
28-01-2025;15:10:00;7,3; m/s
28-01-2025;15:20:00;7,1; m/s
28-01-2025;15:30:00;7,5; m/s
28-01-2025;15:40:00;6,9; m/s
28-01-2025;15:50:00;5,6; m/s
28-01-2025;16:00:00;6,2; m/s
28-01-2025;16:10:00;6,3; m/s
28-01-2025;16:20:00;7; m/s
28-01-2025;16:30:00;8,4; m/s
28-01-2025;16:40:00;9,5; m/s
28-01-2025;16:50:00;9,1; m/s
28-01-2025;17:00:00;9,3; m/s
28-01-2025;17:10:00;9,8; m/s
28-01-2025;17:20:00;9,9; m/s
28-01-2025;17:30:00;9,7; m/s
28-01-2025;17:40:00;8,8; m/s
28-01-2025;17:50:00;10,1; m/s
28-01-2025;18:00:00;10,6; m/s
28-01-2025;18:10:00;10; m/s
28-01-2025;18:20:00;8,7; m/s
28-01-2025;18:30:00;8,6; m/s
28-01-2025;18:40:00;9,1; m/s
28-01-2025;18:50:00;9,4; m/s
28-01-2025;19:00:00;10,3; m/s
28-01-2025;19:10:00;10; m/s
28-01-2025;19:20:00;9,7; m/s
28-01-2025;19:30:00;12,1; m/s
28-01-2025;19:40:00;13,4; m/s
28-01-2025;19:50:00;13,7; m/s
28-01-2025;20:00:00;11,8; m/s
28-01-2025;20:10:00;12,6; m/s
28-01-2025;20:20:00;11,9; m/s
28-01-2025;20:30:00;12,4; m/s
28-01-2025;20:40:00;12,6; m/s
28-01-2025;20:50:00;12,3; m/s
28-01-2025;21:00:00;14,6; m/s
28-01-2025;21:10:00;12,8; m/s
28-01-2025;21:20:00;12,1; m/s
28-01-2025;21:30:00;13,2; m/s
28-01-2025;21:40:00;12,5; m/s
28-01-2025;21:50:00;11,3; m/s
28-01-2025;22:00:00;10; m/s
28-01-2025;22:10:00;9; m/s
28-01-2025;22:20:00;8,6; m/s
28-01-2025;22:30:00;7,4; m/s
28-01-2025;22:40:00;7,2; m/s
28-01-2025;22:50:00;7,2; m/s
28-01-2025;23:00:00;4,4; m/s
28-01-2025;23:20:00;4,1; m/s
28-01-2025;23:30:00;4,1; m/s
28-01-2025;23:40:00;3; m/s
28-01-2025;23:50:00;2; m/s
29-01-2025;00:00:00;3,3; m/s
29-01-2025;00:10:00;3,4; m/s
29-01-2025;00:20:00;2,3; m/s
29-01-2025;00:30:00;0,9; m/s
29-01-2025;00:40:00;2,6; m/s
29-01-2025;00:50:00;2,1; m/s
29-01-2025;01:00:00;2,2; m/s
29-01-2025;01:10:00;1,4; m/s
29-01-2025;01:20:00;0,9; m/s
29-01-2025;01:30:00;1; m/s
29-01-2025;01:40:00;0,9; m/s
29-01-2025;01:50:00;1,7; m/s
29-01-2025;02:00:00;2,5; m/s
29-01-2025;02:10:00;2,3; m/s
29-01-2025;02:20:00;2,4; m/s
29-01-2025;02:30:00;3,7; m/s
29-01-2025;02:40:00;3,1; m/s
29-01-2025;02:50:00;2,8; m/s
29-01-2025;03:00:00;2,7; m/s
29-01-2025;03:10:00;3,3; m/s
29-01-2025;03:20:00;2,7; m/s
29-01-2025;03:30:00;3; m/s
29-01-2025;03:40:00;2,6; m/s
29-01-2025;03:50:00;3,4; m/s
29-01-2025;04:00:00;2,7; m/s
29-01-2025;04:10:00;2,7; m/s
29-01-2025;04:20:00;3; m/s
29-01-2025;04:30:00;3,1; m/s
29-01-2025;04:40:00;3,2; m/s
29-01-2025;04:50:00;2,5; m/s
29-01-2025;05:00:00;2,7; m/s
29-01-2025;05:10:00;3,6; m/s
29-01-2025;05:20:00;3,2; m/s
29-01-2025;05:30:00;3,3; m/s
29-01-2025;05:40:00;2,5; m/s
29-01-2025;05:50:00;2,7; m/s
29-01-2025;06:00:00;2,6; m/s
29-01-2025;06:10:00;2,6; m/s
29-01-2025;06:20:00;2,7; m/s
29-01-2025;06:30:00;3,4; m/s
29-01-2025;06:40:00;3,3; m/s
29-01-2025;06:50:00;2,8; m/s
29-01-2025;07:00:00;3,2; m/s
29-01-2025;07:10:00;3,7; m/s
29-01-2025;07:20:00;3,9; m/s
29-01-2025;07:30:00;3,6; m/s
29-01-2025;07:40:00;3,7; m/s
29-01-2025;07:50:00;3,3; m/s
29-01-2025;08:00:00;2,6; m/s
29-01-2025;08:10:00;2,8; m/s
29-01-2025;08:20:00;3,5; m/s
29-01-2025;08:30:00;3,4; m/s
29-01-2025;08:40:00;2,8; m/s
29-01-2025;08:50:00;2,7; m/s
29-01-2025;09:00:00;2,4; m/s
29-01-2025;09:10:00;2,5; m/s
29-01-2025;09:20:00;2,7; m/s
29-01-2025;09:30:00;3; m/s
29-01-2025;09:40:00;3,1; m/s
29-01-2025;09:50:00;3,3; m/s
29-01-2025;10:00:00;2,9; m/s
29-01-2025;10:10:00;2,7; m/s
29-01-2025;10:20:00;2,7; m/s
29-01-2025;10:30:00;3,3; m/s
29-01-2025;10:40:00;3,9; m/s
29-01-2025;10:50:00;4; m/s
29-01-2025;11:00:00;3,5; m/s
29-01-2025;11:10:00;2,7; m/s
29-01-2025;11:20:00;3,4; m/s
29-01-2025;11:30:00;3,5; m/s
29-01-2025;11:40:00;3,1; m/s
29-01-2025;11:50:00;3,5; m/s
29-01-2025;12:00:00;3,8; m/s
29-01-2025;12:10:00;3,6; m/s
29-01-2025;12:20:00;4; m/s
29-01-2025;12:30:00;3,4; m/s
29-01-2025;12:40:00;3,5; m/s
29-01-2025;12:50:00;4; m/s
29-01-2025;13:00:00;3,5; m/s
29-01-2025;13:10:00;3,1; m/s
29-01-2025;13:20:00;2,8; m/s
29-01-2025;13:30:00;2,8; m/s
29-01-2025;13:40:00;2,7; m/s
29-01-2025;13:50:00;2,6; m/s
29-01-2025;14:00:00;2,8; m/s
29-01-2025;14:10:00;2,5; m/s
29-01-2025;14:20:00;2; m/s
29-01-2025;14:30:00;1,9; m/s
29-01-2025;14:40:00;2; m/s
29-01-2025;14:50:00;1,7; m/s
29-01-2025;15:00:00;1,9; m/s
29-01-2025;15:10:00;2; m/s
29-01-2025;15:20:00;2,8; m/s
29-01-2025;15:30:00;2,8; m/s
29-01-2025;15:40:00;3,6; m/s
29-01-2025;15:50:00;3,6; m/s
29-01-2025;16:00:00;4; m/s
29-01-2025;16:10:00;4,3; m/s
29-01-2025;16:20:00;3,6; m/s
29-01-2025;16:30:00;3,6; m/s
29-01-2025;16:40:00;3,6; m/s
29-01-2025;16:50:00;3,1; m/s
29-01-2025;17:00:00;2,4; m/s
29-01-2025;17:10:00;2,9; m/s
29-01-2025;17:20:00;3,5; m/s
29-01-2025;17:30:00;3,6; m/s
29-01-2025;17:40:00;3,5; m/s
29-01-2025;17:50:00;2,8; m/s
29-01-2025;18:00:00;4; m/s
29-01-2025;18:10:00;3,8; m/s
29-01-2025;18:20:00;1,9; m/s
29-01-2025;18:30:00;1; m/s
29-01-2025;18:40:00;0,8; m/s
29-01-2025;18:50:00;1,1; m/s
29-01-2025;19:00:00;1,6; m/s
29-01-2025;19:10:00;0,6; m/s
29-01-2025;19:20:00;0,6; m/s
29-01-2025;19:30:00;1; m/s
29-01-2025;19:40:00;1,9; m/s
29-01-2025;19:50:00;0,8; m/s
29-01-2025;20:00:00;1,1; m/s
29-01-2025;20:10:00;0,9; m/s
29-01-2025;20:20:00;1,6; m/s
29-01-2025;20:30:00;1,9; m/s
29-01-2025;20:40:00;1,9; m/s
29-01-2025;20:50:00;2,3; m/s
29-01-2025;21:00:00;1,9; m/s
29-01-2025;21:10:00;1,8; m/s
29-01-2025;21:20:00;1,3; m/s
29-01-2025;21:30:00;1,8; m/s
29-01-2025;21:40:00;3,3; m/s
29-01-2025;21:50:00;3,5; m/s
29-01-2025;22:00:00;4; m/s
29-01-2025;22:10:00;4,3; m/s
29-01-2025;22:20:00;3,6; m/s
29-01-2025;22:30:00;4,7; m/s
29-01-2025;22:40:00;4,8; m/s
29-01-2025;22:50:00;4,8; m/s
29-01-2025;23:00:00;3,4; m/s
29-01-2025;23:10:00;2,3; m/s
29-01-2025;23:20:00;1,2; m/s
29-01-2025;23:30:00;1,3; m/s
29-01-2025;23:40:00;2,2; m/s
29-01-2025;23:50:00;3,5; m/s
30-01-2025;00:00:00;3,3; m/s
30-01-2025;00:10:00;3,8; m/s
30-01-2025;00:20:00;4,2; m/s
30-01-2025;00:30:00;4,2; m/s
30-01-2025;00:40:00;4,4; m/s
30-01-2025;00:50:00;4,5; m/s
30-01-2025;01:00:00;4,3; m/s
30-01-2025;01:10:00;4,5; m/s
30-01-2025;01:20:00;4,1; m/s
30-01-2025;01:30:00;4,1; m/s
30-01-2025;01:40:00;3,2; m/s
30-01-2025;01:50:00;2,7; m/s
30-01-2025;02:00:00;3,4; m/s
30-01-2025;02:10:00;3,1; m/s
30-01-2025;02:20:00;2,5; m/s
30-01-2025;02:30:00;1,9; m/s
30-01-2025;02:40:00;2,5; m/s
30-01-2025;02:50:00;2,8; m/s
30-01-2025;03:00:00;2,6; m/s
30-01-2025;03:10:00;2,8; m/s
30-01-2025;03:20:00;3,8; m/s
30-01-2025;03:30:00;4,6; m/s
30-01-2025;03:40:00;4,9; m/s
30-01-2025;03:50:00;4,7; m/s
30-01-2025;04:00:00;5,2; m/s
30-01-2025;04:10:00;3,4; m/s
30-01-2025;04:20:00;2,5; m/s
30-01-2025;04:30:00;2,9; m/s
30-01-2025;04:40:00;3; m/s
30-01-2025;04:50:00;2,9; m/s
30-01-2025;05:00:00;2,2; m/s
30-01-2025;05:10:00;2; m/s
30-01-2025;05:20:00;1,7; m/s
30-01-2025;05:30:00;1,7; m/s
30-01-2025;05:40:00;2,3; m/s
30-01-2025;05:50:00;2; m/s
30-01-2025;06:00:00;2,1; m/s
30-01-2025;06:10:00;2,1; m/s
30-01-2025;06:20:00;2,6; m/s
30-01-2025;06:30:00;1,2; m/s
30-01-2025;06:40:00;1; m/s
30-01-2025;06:50:00;1,2; m/s
30-01-2025;07:00:00;1,4; m/s
30-01-2025;07:10:00;1,1; m/s
30-01-2025;07:20:00;1,5; m/s
30-01-2025;07:30:00;1,9; m/s
30-01-2025;07:40:00;2,4; m/s
30-01-2025;07:50:00;2,3; m/s
30-01-2025;08:00:00;3,2; m/s
30-01-2025;08:10:00;2,6; m/s
30-01-2025;08:20:00;2,6; m/s
30-01-2025;08:30:00;3; m/s
30-01-2025;08:40:00;2,7; m/s
30-01-2025;08:50:00;1,4; m/s
30-01-2025;09:00:00;0,9; m/s
30-01-2025;09:10:00;1,2; m/s
30-01-2025;09:20:00;1,2; m/s
30-01-2025;09:30:00;0,9; m/s
30-01-2025;09:40:00;1,6; m/s
30-01-2025;09:50:00;1,4; m/s
30-01-2025;10:00:00;1,3; m/s
30-01-2025;10:10:00;1,9; m/s
30-01-2025;10:20:00;2; m/s
30-01-2025;10:30:00;1,7; m/s
30-01-2025;10:40:00;1,9; m/s
30-01-2025;10:50:00;1; m/s
30-01-2025;11:00:00;1,2; m/s
30-01-2025;11:10:00;2; m/s
30-01-2025;11:20:00;2; m/s
30-01-2025;11:30:00;1,2; m/s
30-01-2025;11:40:00;1,7; m/s
30-01-2025;11:50:00;1,2; m/s
30-01-2025;12:00:00;1,3; m/s
30-01-2025;12:10:00;1,8; m/s
30-01-2025;12:20:00;2,5; m/s
30-01-2025;12:30:00;5; m/s
30-01-2025;12:40:00;5,1; m/s
30-01-2025;12:50:00;5,8; m/s
30-01-2025;13:00:00;6; m/s
30-01-2025;13:10:00;6,2; m/s
30-01-2025;13:20:00;6,5; m/s
30-01-2025;13:30:00;5,9; m/s
30-01-2025;13:40:00;5,7; m/s
30-01-2025;13:50:00;5,4; m/s
30-01-2025;14:00:00;3,9; m/s
30-01-2025;14:10:00;1,8; m/s
30-01-2025;14:20:00;2,3; m/s
30-01-2025;14:30:00;3,3; m/s
30-01-2025;14:40:00;2,7; m/s
30-01-2025;14:50:00;4,6; m/s
30-01-2025;15:00:00;5; m/s
30-01-2025;15:10:00;5,2; m/s
30-01-2025;15:20:00;5,5; m/s
30-01-2025;15:30:00;5,4; m/s
30-01-2025;15:40:00;5; m/s
30-01-2025;15:50:00;5,1; m/s
30-01-2025;16:00:00;5,3; m/s
30-01-2025;16:10:00;5,4; m/s
30-01-2025;16:20:00;5,4; m/s
30-01-2025;16:30:00;5,1; m/s
30-01-2025;16:40:00;5,2; m/s
30-01-2025;16:50:00;4,4; m/s
30-01-2025;17:00:00;4; m/s
30-01-2025;17:10:00;3,8; m/s
30-01-2025;17:20:00;3,7; m/s
30-01-2025;17:30:00;3; m/s
30-01-2025;17:40:00;3; m/s
30-01-2025;17:50:00;2,3; m/s
30-01-2025;18:00:00;2; m/s
30-01-2025;18:10:00;2,2; m/s
30-01-2025;18:20:00;2,7; m/s
30-01-2025;18:30:00;2,8; m/s
30-01-2025;18:40:00;3,3; m/s
30-01-2025;18:50:00;3,1; m/s
30-01-2025;19:00:00;2,6; m/s
30-01-2025;19:10:00;1,9; m/s
30-01-2025;19:20:00;2,3; m/s
30-01-2025;19:30:00;1,7; m/s
30-01-2025;19:40:00;2,2; m/s
30-01-2025;19:50:00;1,9; m/s
30-01-2025;20:00:00;1,6; m/s
30-01-2025;20:10:00;1,8; m/s
30-01-2025;20:20:00;1,6; m/s
30-01-2025;20:30:00;1,6; m/s
30-01-2025;20:40:00;2; m/s
30-01-2025;20:50:00;1,2; m/s
30-01-2025;21:00:00;1,1; m/s
30-01-2025;21:10:00;1,3; m/s
30-01-2025;21:20:00;1,9; m/s
30-01-2025;21:30:00;2,2; m/s
30-01-2025;21:40:00;2,5; m/s
30-01-2025;21:50:00;2,4; m/s
30-01-2025;22:00:00;2,5; m/s
30-01-2025;22:10:00;2,7; m/s
30-01-2025;22:20:00;3,1; m/s
30-01-2025;22:30:00;2,9; m/s
30-01-2025;22:40:00;3,5; m/s
30-01-2025;22:50:00;2,9; m/s
30-01-2025;23:00:00;3,4; m/s
30-01-2025;23:10:00;3; m/s
30-01-2025;23:20:00;2,7; m/s
30-01-2025;23:30:00;2,7; m/s
30-01-2025;23:40:00;2,5; m/s
30-01-2025;23:50:00;2,9; m/s
31-01-2025;00:00:00;2,7; m/s
31-01-2025;00:10:00;2,9; m/s
31-01-2025;00:20:00;3,3; m/s
31-01-2025;00:30:00;3,5; m/s
31-01-2025;00:40:00;3,6; m/s
31-01-2025;00:50:00;3,8; m/s
31-01-2025;01:00:00;3,5; m/s
31-01-2025;01:10:00;3; m/s
31-01-2025;01:20:00;2,9; m/s
31-01-2025;01:30:00;2,6; m/s
31-01-2025;01:40:00;2,5; m/s
31-01-2025;01:50:00;2,7; m/s
31-01-2025;02:00:00;2,7; m/s
31-01-2025;02:10:00;2,6; m/s
31-01-2025;02:20:00;2,9; m/s
31-01-2025;02:30:00;3,1; m/s
31-01-2025;02:40:00;2,9; m/s
31-01-2025;02:50:00;3; m/s
31-01-2025;03:00:00;3,1; m/s
31-01-2025;03:10:00;3; m/s
31-01-2025;03:20:00;3,5; m/s
31-01-2025;03:30:00;3,3; m/s
31-01-2025;03:40:00;3,3; m/s
31-01-2025;03:50:00;3,4; m/s
31-01-2025;04:00:00;3,4; m/s
31-01-2025;04:10:00;3,5; m/s
31-01-2025;04:20:00;3,2; m/s
31-01-2025;04:30:00;2,8; m/s
31-01-2025;04:40:00;3,2; m/s
31-01-2025;04:50:00;3,2; m/s
31-01-2025;05:00:00;2,9; m/s
31-01-2025;05:10:00;3,1; m/s
31-01-2025;05:20:00;3,5; m/s
31-01-2025;05:30:00;3,9; m/s
31-01-2025;05:40:00;3,4; m/s
31-01-2025;05:50:00;3,1; m/s
31-01-2025;06:00:00;3,6; m/s
31-01-2025;06:10:00;3,8; m/s
31-01-2025;06:20:00;3,6; m/s
31-01-2025;06:30:00;3,1; m/s
31-01-2025;06:40:00;3; m/s
31-01-2025;06:50:00;2,3; m/s
31-01-2025;07:00:00;2,8; m/s
31-01-2025;07:10:00;3,1; m/s
31-01-2025;07:30:00;3,2; m/s
31-01-2025;07:40:00;3,1; m/s
31-01-2025;07:50:00;3,1; m/s
31-01-2025;08:00:00;3,2; m/s
31-01-2025;08:10:00;3,2; m/s
31-01-2025;08:20:00;3; m/s
31-01-2025;08:30:00;3; m/s
31-01-2025;08:40:00;2,7; m/s
31-01-2025;08:50:00;2,7; m/s
31-01-2025;09:00:00;1,9; m/s
31-01-2025;09:10:00;2,1; m/s
31-01-2025;09:20:00;2,4; m/s
31-01-2025;09:30:00;2,2; m/s
31-01-2025;09:40:00;2; m/s
31-01-2025;09:50:00;2; m/s
31-01-2025;10:00:00;2; m/s
31-01-2025;10:10:00;2,3; m/s
31-01-2025;10:20:00;2,6; m/s
31-01-2025;10:30:00;1,5; m/s
31-01-2025;10:40:00;2,6; m/s
31-01-2025;10:50:00;2,6; m/s
31-01-2025;11:00:00;2; m/s
31-01-2025;11:10:00;1,7; m/s
31-01-2025;11:20:00;1,8; m/s
31-01-2025;11:30:00;1,6; m/s
31-01-2025;11:40:00;1,5; m/s
31-01-2025;11:50:00;1,2; m/s
31-01-2025;12:00:00;1,1; m/s
31-01-2025;12:10:00;1; m/s
31-01-2025;12:20:00;1,5; m/s
31-01-2025;12:30:00;1,5; m/s
31-01-2025;12:40:00;1,6; m/s
31-01-2025;12:50:00;1,6; m/s
31-01-2025;13:00:00;1,8; m/s
31-01-2025;13:10:00;1,9; m/s
31-01-2025;13:20:00;1,9; m/s
31-01-2025;13:30:00;1,7; m/s
31-01-2025;13:40:00;1,8; m/s
31-01-2025;13:50:00;1,8; m/s
31-01-2025;14:00:00;1,9; m/s
31-01-2025;14:10:00;1,8; m/s
31-01-2025;14:20:00;1,6; m/s
31-01-2025;14:30:00;1,5; m/s
31-01-2025;14:40:00;1,7; m/s
31-01-2025;14:50:00;2,2; m/s
31-01-2025;15:00:00;2,5; m/s
31-01-2025;15:10:00;2,6; m/s
31-01-2025;15:20:00;2,7; m/s
31-01-2025;15:30:00;2,9; m/s
31-01-2025;15:40:00;3; m/s
31-01-2025;15:50:00;2,9; m/s
31-01-2025;16:00:00;2,9; m/s
31-01-2025;16:10:00;3,1; m/s
31-01-2025;16:20:00;3,2; m/s
31-01-2025;16:30:00;4; m/s
31-01-2025;16:40:00;4; m/s
31-01-2025;16:50:00;4,2; m/s
31-01-2025;17:00:00;4,1; m/s
31-01-2025;17:10:00;2,2; m/s
31-01-2025;17:20:00;3,3; m/s
31-01-2025;17:30:00;2,9; m/s
31-01-2025;17:40:00;2,5; m/s
31-01-2025;17:50:00;3,3; m/s
31-01-2025;18:00:00;2,6; m/s
31-01-2025;18:10:00;1,9; m/s
31-01-2025;18:20:00;2,4; m/s
31-01-2025;18:30:00;3; m/s
31-01-2025;18:40:00;3,2; m/s
31-01-2025;18:50:00;3,2; m/s
31-01-2025;19:00:00;3,4; m/s
31-01-2025;19:10:00;2,9; m/s
31-01-2025;19:20:00;3,5; m/s
31-01-2025;19:30:00;3,4; m/s
31-01-2025;19:40:00;3,2; m/s
31-01-2025;19:50:00;2,7; m/s
31-01-2025;20:00:00;1,9; m/s
31-01-2025;20:10:00;2,1; m/s
31-01-2025;20:20:00;2,5; m/s
31-01-2025;20:30:00;2,8; m/s
31-01-2025;20:40:00;2,7; m/s
31-01-2025;20:50:00;2,6; m/s
31-01-2025;21:00:00;1,8; m/s
31-01-2025;21:10:00;1,6; m/s
31-01-2025;21:20:00;1,5; m/s
31-01-2025;21:30:00;2,4; m/s
31-01-2025;21:40:00;3,3; m/s
31-01-2025;21:50:00;3,5; m/s
31-01-2025;22:00:00;3,7; m/s
31-01-2025;22:10:00;3,4; m/s
31-01-2025;22:20:00;3,2; m/s
31-01-2025;22:30:00;3,3; m/s
31-01-2025;22:40:00;3,7; m/s
31-01-2025;22:50:00;3,9; m/s
31-01-2025;23:00:00;3,3; m/s
31-01-2025;23:10:00;4; m/s
31-01-2025;23:20:00;3,8; m/s
31-01-2025;23:30:00;3,4; m/s
31-01-2025;23:40:00;2,3; m/s
31-01-2025;23:50:00;1,4; m/s
01-02-2025;00:00:00;1,8; m/s
01-02-2025;00:10:00;1,9; m/s
01-02-2025;00:20:00;2,8; m/s
01-02-2025;00:30:00;2,9; m/s
01-02-2025;00:40:00;3,1; m/s
01-02-2025;00:50:00;3; m/s
01-02-2025;01:00:00;2,8; m/s
01-02-2025;01:10:00;2,1; m/s
01-02-2025;01:20:00;2; m/s
01-02-2025;01:30:00;1,7; m/s
01-02-2025;01:40:00;1,4; m/s
01-02-2025;01:50:00;0,9; m/s
01-02-2025;02:00:00;1,1; m/s
01-02-2025;02:10:00;1; m/s
01-02-2025;02:20:00;0,9; m/s
01-02-2025;02:30:00;1,2; m/s
01-02-2025;02:40:00;0,8; m/s
01-02-2025;02:50:00;0,3; m/s
01-02-2025;03:00:00;1,3; m/s
01-02-2025;03:10:00;1,5; m/s
01-02-2025;03:20:00;1,5; m/s
01-02-2025;03:30:00;1,1; m/s
01-02-2025;03:40:00;0,9; m/s
01-02-2025;03:50:00;0,2; m/s
01-02-2025;04:00:00;0,4; m/s
01-02-2025;04:10:00;1,2; m/s
01-02-2025;04:20:00;0,5; m/s
01-02-2025;04:30:00;0,6; m/s
01-02-2025;04:40:00;0,9; m/s
01-02-2025;04:50:00;1,1; m/s
01-02-2025;05:00:00;1,4; m/s
01-02-2025;05:10:00;1,6; m/s
01-02-2025;05:20:00;1,6; m/s
01-02-2025;05:30:00;1,8; m/s
01-02-2025;05:40:00;2,3; m/s
01-02-2025;05:50:00;2,2; m/s
01-02-2025;06:00:00;2,8; m/s
01-02-2025;06:10:00;2,4; m/s
01-02-2025;06:20:00;2,2; m/s
01-02-2025;06:30:00;1,9; m/s
01-02-2025;06:40:00;2,5; m/s
01-02-2025;06:50:00;2,8; m/s
01-02-2025;07:00:00;2,4; m/s
01-02-2025;07:10:00;2,2; m/s
01-02-2025;07:20:00;2,4; m/s
01-02-2025;07:30:00;2,4; m/s
01-02-2025;07:40:00;2,5; m/s
01-02-2025;07:50:00;2,3; m/s
01-02-2025;08:00:00;3,1; m/s
01-02-2025;08:10:00;3,2; m/s
01-02-2025;08:20:00;3,6; m/s
01-02-2025;08:30:00;4; m/s
01-02-2025;08:40:00;3,8; m/s
01-02-2025;08:50:00;3,5; m/s
01-02-2025;09:00:00;3,1; m/s
01-02-2025;09:10:00;2,5; m/s
01-02-2025;09:20:00;2,7; m/s
01-02-2025;09:30:00;2,6; m/s
01-02-2025;09:40:00;2,4; m/s
01-02-2025;09:50:00;1,9; m/s
01-02-2025;10:00:00;1,7; m/s
01-02-2025;10:10:00;2,3; m/s
01-02-2025;10:20:00;2,2; m/s
01-02-2025;10:30:00;2,7; m/s
01-02-2025;10:40:00;2,9; m/s
01-02-2025;10:50:00;3,2; m/s
01-02-2025;11:00:00;4,2; m/s
01-02-2025;11:10:00;3,5; m/s
01-02-2025;11:20:00;3,3; m/s
01-02-2025;11:30:00;3,5; m/s
01-02-2025;11:40:00;4; m/s
01-02-2025;11:50:00;4; m/s
01-02-2025;12:00:00;4,4; m/s
01-02-2025;12:10:00;3,7; m/s
01-02-2025;12:20:00;3,8; m/s
01-02-2025;12:30:00;4,3; m/s
01-02-2025;12:40:00;4,4; m/s
01-02-2025;12:50:00;4,9; m/s
01-02-2025;13:00:00;4,6; m/s
01-02-2025;13:10:00;5; m/s
01-02-2025;13:20:00;4,8; m/s
01-02-2025;13:30:00;4; m/s
01-02-2025;13:40:00;3,5; m/s
01-02-2025;13:50:00;2,5; m/s
01-02-2025;14:00:00;2,7; m/s
01-02-2025;14:10:00;3,4; m/s
01-02-2025;14:20:00;2,8; m/s
01-02-2025;14:30:00;2,4; m/s
01-02-2025;14:40:00;2,5; m/s
01-02-2025;14:50:00;2,6; m/s
01-02-2025;15:00:00;2,9; m/s
01-02-2025;15:10:00;2,3; m/s
01-02-2025;15:20:00;2; m/s
01-02-2025;15:30:00;2,5; m/s
01-02-2025;15:40:00;1,7; m/s
01-02-2025;15:50:00;1,6; m/s
01-02-2025;16:00:00;1,9; m/s
01-02-2025;16:10:00;2,2; m/s
01-02-2025;16:20:00;3,3; m/s
01-02-2025;16:30:00;3,2; m/s
01-02-2025;16:40:00;3,4; m/s
01-02-2025;16:50:00;3,5; m/s
01-02-2025;17:00:00;3,9; m/s
01-02-2025;17:10:00;3,9; m/s
01-02-2025;17:20:00;3,3; m/s
01-02-2025;17:30:00;2,8; m/s
01-02-2025;17:40:00;2,7; m/s
01-02-2025;17:50:00;2,5; m/s
01-02-2025;18:00:00;2,8; m/s
01-02-2025;18:10:00;2,2; m/s
01-02-2025;18:20:00;2,4; m/s
01-02-2025;18:30:00;2; m/s
01-02-2025;18:40:00;1,5; m/s
01-02-2025;18:50:00;1,6; m/s
01-02-2025;19:00:00;1,6; m/s
01-02-2025;19:10:00;1,9; m/s
01-02-2025;19:20:00;2,4; m/s
01-02-2025;19:30:00;3,4; m/s
01-02-2025;19:40:00;3,4; m/s
01-02-2025;19:50:00;3,2; m/s
01-02-2025;20:00:00;3,3; m/s
01-02-2025;20:10:00;3,1; m/s
01-02-2025;20:20:00;3,1; m/s
01-02-2025;20:30:00;3,1; m/s
01-02-2025;20:40:00;2,7; m/s
01-02-2025;20:50:00;3,5; m/s
01-02-2025;21:00:00;3,8; m/s
01-02-2025;21:10:00;3,7; m/s
01-02-2025;21:20:00;3,2; m/s
01-02-2025;21:30:00;3,5; m/s
01-02-2025;21:40:00;3,3; m/s
01-02-2025;21:50:00;3,6; m/s
01-02-2025;22:00:00;4,1; m/s
01-02-2025;22:10:00;3,5; m/s
01-02-2025;22:20:00;3,2; m/s
01-02-2025;22:30:00;3,4; m/s
01-02-2025;22:40:00;3,7; m/s
01-02-2025;22:50:00;3,6; m/s
01-02-2025;23:00:00;3,6; m/s
01-02-2025;23:10:00;3,1; m/s
01-02-2025;23:20:00;3,5; m/s
01-02-2025;23:30:00;2,9; m/s
01-02-2025;23:40:00;2,8; m/s
01-02-2025;23:50:00;3,3; m/s
02-02-2025;00:00:00;3,7; m/s
02-02-2025;00:10:00;3,7; m/s
02-02-2025;00:20:00;3,4; m/s
02-02-2025;00:30:00;3,3; m/s
02-02-2025;00:40:00;3,2; m/s
02-02-2025;00:50:00;3,5; m/s
02-02-2025;01:00:00;3,8; m/s
02-02-2025;01:10:00;3,9; m/s
02-02-2025;01:20:00;3,8; m/s
02-02-2025;01:30:00;4,2; m/s
02-02-2025;01:40:00;3,9; m/s
02-02-2025;01:50:00;3,6; m/s
02-02-2025;02:00:00;4,2; m/s
02-02-2025;02:10:00;3,9; m/s
02-02-2025;02:20:00;3,5; m/s
02-02-2025;02:30:00;3,6; m/s
02-02-2025;02:40:00;3,4; m/s
02-02-2025;02:50:00;2,5; m/s
02-02-2025;03:00:00;3,2; m/s
02-02-2025;03:10:00;3,4; m/s
02-02-2025;03:20:00;3,3; m/s
02-02-2025;03:30:00;3,8; m/s
02-02-2025;03:40:00;3,5; m/s
02-02-2025;03:50:00;3,5; m/s
02-02-2025;04:00:00;2,9; m/s
02-02-2025;04:10:00;3,8; m/s
02-02-2025;04:20:00;4,4; m/s
02-02-2025;04:30:00;4,1; m/s
02-02-2025;04:40:00;3,7; m/s
02-02-2025;04:50:00;3,7; m/s
02-02-2025;05:00:00;3,8; m/s
02-02-2025;05:10:00;3,6; m/s
02-02-2025;05:20:00;4; m/s
02-02-2025;05:30:00;4,3; m/s
02-02-2025;05:40:00;4,6; m/s
02-02-2025;05:50:00;4,7; m/s
02-02-2025;06:00:00;4,6; m/s
02-02-2025;06:10:00;5,1; m/s
02-02-2025;06:20:00;5; m/s
02-02-2025;06:30:00;4,7; m/s
02-02-2025;06:40:00;4,7; m/s
02-02-2025;06:50:00;5,5; m/s
02-02-2025;07:00:00;4,8; m/s
02-02-2025;07:10:00;4,4; m/s
02-02-2025;07:20:00;4,4; m/s
02-02-2025;07:30:00;4,1; m/s
02-02-2025;07:40:00;4,4; m/s
02-02-2025;07:50:00;5,1; m/s
02-02-2025;08:00:00;4,8; m/s
02-02-2025;08:10:00;4,5; m/s
02-02-2025;08:20:00;4,1; m/s
02-02-2025;08:30:00;4,5; m/s
02-02-2025;08:40:00;4,5; m/s
02-02-2025;08:50:00;4,7; m/s
02-02-2025;09:00:00;4; m/s
02-02-2025;09:10:00;4,9; m/s
02-02-2025;09:20:00;4,8; m/s
02-02-2025;09:30:00;4,6; m/s
02-02-2025;09:40:00;4,5; m/s
02-02-2025;09:50:00;4,1; m/s
02-02-2025;10:00:00;4,4; m/s
02-02-2025;10:10:00;4,3; m/s
02-02-2025;10:20:00;5,1; m/s
02-02-2025;10:30:00;4,5; m/s
02-02-2025;10:40:00;4,8; m/s
02-02-2025;10:50:00;5,4; m/s
02-02-2025;11:00:00;5,1; m/s
02-02-2025;11:10:00;4,7; m/s
02-02-2025;11:20:00;4,9; m/s
02-02-2025;11:30:00;5; m/s
02-02-2025;11:40:00;5; m/s
02-02-2025;11:50:00;4,5; m/s
02-02-2025;12:00:00;4,4; m/s
02-02-2025;12:10:00;4,1; m/s
02-02-2025;12:20:00;3,7; m/s
02-02-2025;12:30:00;2,8; m/s
02-02-2025;12:40:00;2; m/s
02-02-2025;12:50:00;2,2; m/s
02-02-2025;13:00:00;2,2; m/s
02-02-2025;13:10:00;2,7; m/s
02-02-2025;13:20:00;2,9; m/s
02-02-2025;13:30:00;3; m/s
02-02-2025;13:40:00;2,2; m/s
02-02-2025;13:50:00;1,9; m/s
02-02-2025;14:00:00;1,5; m/s
02-02-2025;14:10:00;1,8; m/s
02-02-2025;14:20:00;1,8; m/s
02-02-2025;14:30:00;1,8; m/s
02-02-2025;14:40:00;1,7; m/s
02-02-2025;14:50:00;1,2; m/s
02-02-2025;15:00:00;1; m/s
02-02-2025;15:10:00;1; m/s
02-02-2025;15:20:00;0,9; m/s
02-02-2025;15:30:00;1; m/s
02-02-2025;15:40:00;1,5; m/s
02-02-2025;15:50:00;3,3; m/s
02-02-2025;16:00:00;5,3; m/s
02-02-2025;16:10:00;6; m/s
02-02-2025;16:20:00;6,4; m/s
02-02-2025;16:30:00;6,4; m/s
02-02-2025;16:40:00;5,3; m/s
02-02-2025;16:50:00;5,9; m/s
02-02-2025;17:00:00;5,5; m/s
02-02-2025;17:10:00;6,6; m/s
02-02-2025;17:20:00;7,6; m/s
02-02-2025;17:30:00;6,9; m/s
02-02-2025;17:40:00;6,1; m/s
02-02-2025;17:50:00;6,3; m/s
02-02-2025;18:00:00;7; m/s
02-02-2025;18:10:00;7,3; m/s
02-02-2025;18:20:00;7,9; m/s
02-02-2025;18:30:00;7,4; m/s
02-02-2025;18:40:00;7,6; m/s
02-02-2025;18:50:00;7,7; m/s
02-02-2025;19:00:00;7,8; m/s
02-02-2025;19:10:00;7,8; m/s
02-02-2025;19:20:00;6,7; m/s
02-02-2025;19:30:00;6,2; m/s
02-02-2025;19:40:00;5,7; m/s
02-02-2025;19:50:00;5,1; m/s
02-02-2025;20:00:00;4,4; m/s
02-02-2025;20:10:00;4,3; m/s
02-02-2025;20:20:00;4,1; m/s
02-02-2025;20:30:00;4; m/s
02-02-2025;20:40:00;3,6; m/s
02-02-2025;20:50:00;4,1; m/s
02-02-2025;21:00:00;4; m/s
02-02-2025;21:10:00;3,9; m/s
02-02-2025;21:20:00;4,4; m/s
02-02-2025;21:30:00;3,4; m/s
02-02-2025;21:40:00;3,8; m/s
02-02-2025;21:50:00;4,7; m/s
02-02-2025;22:00:00;5,4; m/s
02-02-2025;22:10:00;5,5; m/s
02-02-2025;22:20:00;4,8; m/s
02-02-2025;22:30:00;3,8; m/s
02-02-2025;22:40:00;4,2; m/s
02-02-2025;22:50:00;4,2; m/s
02-02-2025;23:00:00;4,6; m/s
02-02-2025;23:10:00;5,6; m/s
02-02-2025;23:20:00;6,7; m/s
02-02-2025;23:30:00;7; m/s
02-02-2025;23:40:00;6,9; m/s
02-02-2025;23:50:00;6,1; m/s
03-02-2025;00:00:00;5,7; m/s
03-02-2025;00:10:00;6,2; m/s
03-02-2025;00:20:00;5,1; m/s
03-02-2025;00:30:00;3,7; m/s
03-02-2025;00:40:00;3,7; m/s
03-02-2025;00:50:00;4,2; m/s
03-02-2025;01:00:00;3,5; m/s
03-02-2025;01:10:00;4,7; m/s
03-02-2025;01:20:00;4,2; m/s
03-02-2025;01:30:00;3,7; m/s
03-02-2025;01:40:00;3,2; m/s
03-02-2025;01:50:00;3,2; m/s
03-02-2025;02:00:00;3,2; m/s
03-02-2025;02:10:00;3,7; m/s
03-02-2025;02:20:00;3,8; m/s
03-02-2025;02:30:00;3,1; m/s
03-02-2025;02:40:00;2,8; m/s
03-02-2025;02:50:00;2,8; m/s
03-02-2025;03:00:00;2,6; m/s
03-02-2025;03:10:00;2,7; m/s
03-02-2025;03:20:00;2,5; m/s
03-02-2025;03:30:00;2,4; m/s
03-02-2025;03:40:00;2,4; m/s
03-02-2025;03:50:00;2,6; m/s
03-02-2025;04:00:00;2,3; m/s
03-02-2025;04:10:00;2,6; m/s
03-02-2025;04:20:00;2,5; m/s
03-02-2025;04:30:00;2,4; m/s
03-02-2025;04:40:00;2,7; m/s
03-02-2025;04:50:00;2,8; m/s
03-02-2025;05:00:00;2,4; m/s
03-02-2025;05:10:00;2,1; m/s
03-02-2025;05:20:00;2,3; m/s
03-02-2025;05:30:00;2; m/s
03-02-2025;05:40:00;2,4; m/s
03-02-2025;05:50:00;3; m/s
03-02-2025;06:00:00;2,7; m/s
03-02-2025;06:10:00;1,9; m/s
03-02-2025;06:20:00;1,6; m/s
03-02-2025;06:30:00;1,9; m/s
03-02-2025;06:40:00;2,5; m/s
03-02-2025;06:50:00;2; m/s
03-02-2025;07:00:00;2,2; m/s
03-02-2025;07:10:00;2,2; m/s
03-02-2025;07:20:00;2,5; m/s
03-02-2025;07:30:00;2,5; m/s
03-02-2025;07:40:00;2; m/s
03-02-2025;07:50:00;1,1; m/s
03-02-2025;08:00:00;0,6; m/s
03-02-2025;08:10:00;1,1; m/s
03-02-2025;08:20:00;2,6; m/s
03-02-2025;08:30:00;2,2; m/s
03-02-2025;08:40:00;2,6; m/s
03-02-2025;08:50:00;2,7; m/s
03-02-2025;09:00:00;2; m/s
03-02-2025;09:10:00;1,6; m/s
03-02-2025;09:20:00;1,7; m/s
03-02-2025;09:30:00;1; m/s
03-02-2025;09:40:00;0,5; m/s
03-02-2025;09:50:00;1,2; m/s
03-02-2025;10:00:00;1,2; m/s
03-02-2025;10:10:00;0,5; m/s
03-02-2025;10:20:00;2; m/s
03-02-2025;10:30:00;1,9; m/s
03-02-2025;10:40:00;1,3; m/s
03-02-2025;10:50:00;1,4; m/s
03-02-2025;11:00:00;1,2; m/s
03-02-2025;11:10:00;1,3; m/s
03-02-2025;11:20:00;1,6; m/s
03-02-2025;11:30:00;1,7; m/s
03-02-2025;11:40:00;1,9; m/s
03-02-2025;11:50:00;1,6; m/s
03-02-2025;12:00:00;1,7; m/s
03-02-2025;12:10:00;1,5; m/s
03-02-2025;12:20:00;0,9; m/s
03-02-2025;12:30:00;0,8; m/s
03-02-2025;12:40:00;1; m/s
03-02-2025;12:50:00;1,4; m/s
03-02-2025;13:00:00;1,6; m/s
03-02-2025;13:10:00;1,5; m/s
03-02-2025;13:20:00;1,5; m/s
03-02-2025;13:30:00;0,9; m/s
03-02-2025;13:40:00;0,7; m/s
03-02-2025;13:50:00;1,2; m/s
03-02-2025;14:00:00;1,1; m/s
03-02-2025;14:10:00;1,5; m/s
03-02-2025;14:20:00;1,6; m/s
03-02-2025;14:30:00;1; m/s
03-02-2025;14:40:00;0,9; m/s
03-02-2025;14:50:00;0,6; m/s
03-02-2025;15:00:00;0,8; m/s
03-02-2025;15:10:00;0,7; m/s
03-02-2025;15:20:00;0,4; m/s
03-02-2025;15:30:00;0,4; m/s
03-02-2025;15:40:00;0,8; m/s
03-02-2025;15:50:00;1,2; m/s
03-02-2025;16:00:00;1,2; m/s
03-02-2025;16:10:00;1,5; m/s
03-02-2025;16:20:00;1,6; m/s
03-02-2025;16:30:00;0,9; m/s
03-02-2025;16:40:00;2,7; m/s
03-02-2025;16:50:00;2,4; m/s
03-02-2025;17:00:00;1,9; m/s
03-02-2025;17:10:00;2,2; m/s
03-02-2025;17:20:00;2,2; m/s
03-02-2025;17:30:00;2,1; m/s
03-02-2025;17:40:00;1,3; m/s
03-02-2025;17:50:00;1,4; m/s
03-02-2025;18:00:00;2,1; m/s
03-02-2025;18:10:00;2,2; m/s
03-02-2025;18:20:00;3,5; m/s
03-02-2025;18:30:00;3,2; m/s
03-02-2025;18:40:00;2,7; m/s
03-02-2025;18:50:00;2,6; m/s
03-02-2025;19:00:00;2,7; m/s
03-02-2025;19:10:00;2,6; m/s
03-02-2025;19:20:00;3,1; m/s
03-02-2025;19:30:00;3; m/s
03-02-2025;19:40:00;3; m/s
03-02-2025;19:50:00;3,4; m/s
03-02-2025;20:00:00;2,2; m/s
03-02-2025;20:10:00;4,1; m/s
03-02-2025;20:20:00;3,2; m/s
03-02-2025;20:30:00;3,6; m/s
03-02-2025;20:40:00;3,6; m/s
03-02-2025;20:50:00;3,1; m/s
03-02-2025;21:00:00;3,5; m/s
03-02-2025;21:10:00;5,4; m/s
03-02-2025;21:20:00;5,7; m/s
03-02-2025;21:30:00;6,3; m/s
03-02-2025;21:40:00;5,7; m/s
03-02-2025;21:50:00;6; m/s
03-02-2025;22:00:00;6,3; m/s
03-02-2025;22:10:00;5,9; m/s
03-02-2025;22:20:00;5,1; m/s
03-02-2025;22:30:00;5,7; m/s
03-02-2025;22:40:00;6; m/s
03-02-2025;22:50:00;5,7; m/s
03-02-2025;23:00:00;5,9; m/s
03-02-2025;23:10:00;3,9; m/s
03-02-2025;23:20:00;5,8; m/s
03-02-2025;23:30:00;6,2; m/s
03-02-2025;23:40:00;4,3; m/s
03-02-2025;23:50:00;4,1; m/s
04-02-2025;00:00:00;4; m/s
04-02-2025;00:10:00;3,1; m/s
04-02-2025;00:20:00;2,7; m/s
04-02-2025;00:30:00;2,3; m/s
04-02-2025;00:40:00;3,2; m/s
04-02-2025;00:50:00;2,4; m/s
04-02-2025;01:00:00;2,5; m/s
04-02-2025;01:10:00;2,7; m/s
04-02-2025;01:20:00;2,5; m/s
04-02-2025;01:30:00;2,3; m/s
04-02-2025;01:40:00;3,8; m/s
04-02-2025;01:50:00;2,7; m/s
04-02-2025;02:00:00;2,9; m/s
04-02-2025;02:10:00;2,5; m/s
04-02-2025;02:20:00;3,5; m/s
04-02-2025;02:30:00;3,3; m/s
04-02-2025;02:40:00;3,1; m/s
04-02-2025;02:50:00;2,8; m/s
04-02-2025;03:00:00;3,6; m/s
04-02-2025;03:10:00;3,2; m/s
04-02-2025;03:20:00;3,9; m/s
04-02-2025;03:30:00;4,3; m/s
04-02-2025;03:40:00;4,9; m/s
04-02-2025;03:50:00;5,2; m/s
04-02-2025;04:00:00;3,6; m/s
04-02-2025;04:10:00;4; m/s
04-02-2025;04:20:00;3,7; m/s
04-02-2025;04:30:00;3,8; m/s
04-02-2025;04:40:00;4,1; m/s
04-02-2025;04:50:00;3,9; m/s
04-02-2025;05:00:00;3,7; m/s
04-02-2025;05:10:00;4,6; m/s
04-02-2025;05:20:00;2,7; m/s
04-02-2025;05:30:00;2,6; m/s
04-02-2025;05:40:00;3,5; m/s
04-02-2025;05:50:00;2,1; m/s
04-02-2025;06:00:00;1,9; m/s
04-02-2025;06:10:00;2,6; m/s
04-02-2025;06:20:00;1,8; m/s
04-02-2025;06:30:00;2,1; m/s
04-02-2025;06:40:00;2,9; m/s
04-02-2025;06:50:00;2,4; m/s
04-02-2025;07:00:00;1,9; m/s
04-02-2025;07:10:00;3,2; m/s
04-02-2025;07:20:00;2,8; m/s
04-02-2025;07:30:00;2,1; m/s
04-02-2025;07:40:00;2,6; m/s
04-02-2025;07:50:00;2,7; m/s
04-02-2025;08:00:00;2,2; m/s
04-02-2025;08:10:00;2,7; m/s
04-02-2025;08:20:00;2,1; m/s
04-02-2025;08:30:00;2,3; m/s
04-02-2025;08:40:00;2; m/s
04-02-2025;08:50:00;2,1; m/s
04-02-2025;09:00:00;2,2; m/s
04-02-2025;09:10:00;2,3; m/s
04-02-2025;09:20:00;2; m/s
04-02-2025;09:30:00;2,6; m/s
04-02-2025;09:40:00;2; m/s
04-02-2025;09:50:00;2,4; m/s
04-02-2025;10:00:00;2,9; m/s
04-02-2025;10:10:00;2,5; m/s
04-02-2025;10:20:00;3; m/s
04-02-2025;10:30:00;2,4; m/s
04-02-2025;10:40:00;2,9; m/s
04-02-2025;10:50:00;3,6; m/s
04-02-2025;11:00:00;3,3; m/s
04-02-2025;11:10:00;2,6; m/s
04-02-2025;11:20:00;2,2; m/s
04-02-2025;11:30:00;1,9; m/s
04-02-2025;11:40:00;2,6; m/s
04-02-2025;11:50:00;1,7; m/s
04-02-2025;12:00:00;1,8; m/s
04-02-2025;12:10:00;1,6; m/s
04-02-2025;12:20:00;1,4; m/s
04-02-2025;12:30:00;1,5; m/s
04-02-2025;12:40:00;1,1; m/s
04-02-2025;12:50:00;1,6; m/s
04-02-2025;13:00:00;1,7; m/s
04-02-2025;13:10:00;2,1; m/s
04-02-2025;13:20:00;1,6; m/s
04-02-2025;13:30:00;1,7; m/s
04-02-2025;13:40:00;1,8; m/s
04-02-2025;13:50:00;1,7; m/s
04-02-2025;14:00:00;1,6; m/s
04-02-2025;14:10:00;2,1; m/s
04-02-2025;14:20:00;2,1; m/s
04-02-2025;14:30:00;2,3; m/s
04-02-2025;14:40:00;2,6; m/s
04-02-2025;14:50:00;2,4; m/s
04-02-2025;15:00:00;2,9; m/s
04-02-2025;15:10:00;2,9; m/s
04-02-2025;15:20:00;2,7; m/s
04-02-2025;15:30:00;2,8; m/s
04-02-2025;15:40:00;2,8; m/s
04-02-2025;15:50:00;3; m/s
04-02-2025;16:00:00;3,3; m/s
04-02-2025;16:10:00;2,9; m/s
04-02-2025;16:20:00;2,9; m/s
04-02-2025;16:30:00;2,9; m/s
04-02-2025;16:40:00;2,5; m/s
04-02-2025;16:50:00;2,3; m/s
04-02-2025;17:00:00;2,1; m/s
04-02-2025;17:10:00;1,8; m/s
04-02-2025;17:20:00;1,4; m/s
04-02-2025;17:30:00;1,4; m/s
04-02-2025;17:40:00;1,7; m/s
04-02-2025;17:50:00;2,3; m/s
04-02-2025;18:00:00;2,8; m/s
04-02-2025;18:10:00;2,7; m/s
04-02-2025;18:20:00;3,5; m/s
04-02-2025;18:30:00;2,2; m/s
04-02-2025;18:40:00;2; m/s
04-02-2025;18:50:00;2; m/s
04-02-2025;19:00:00;3; m/s
04-02-2025;19:10:00;2,6; m/s
04-02-2025;19:20:00;2,1; m/s
04-02-2025;19:30:00;3,6; m/s
04-02-2025;19:40:00;3,9; m/s
04-02-2025;19:50:00;4,3; m/s
04-02-2025;20:00:00;4,9; m/s
04-02-2025;20:10:00;5,6; m/s
04-02-2025;20:20:00;5,2; m/s
04-02-2025;20:30:00;4,9; m/s
04-02-2025;20:40:00;3,8; m/s
04-02-2025;20:50:00;4,1; m/s
04-02-2025;21:00:00;2,9; m/s
04-02-2025;21:10:00;2,8; m/s
04-02-2025;21:20:00;2,1; m/s
04-02-2025;21:30:00;2,7; m/s
04-02-2025;21:40:00;3,4; m/s
04-02-2025;21:50:00;3,4; m/s
04-02-2025;22:00:00;3,9; m/s
04-02-2025;22:10:00;4; m/s
04-02-2025;22:20:00;4; m/s
04-02-2025;22:30:00;3,9; m/s
04-02-2025;22:40:00;3,9; m/s
04-02-2025;22:50:00;4,6; m/s
04-02-2025;23:00:00;5,8; m/s
04-02-2025;23:10:00;5,5; m/s
04-02-2025;23:20:00;5,3; m/s
04-02-2025;23:30:00;4,6; m/s
04-02-2025;23:40:00;3,4; m/s
04-02-2025;23:50:00;3,7; m/s
05-02-2025;00:00:00;4,1; m/s
05-02-2025;00:10:00;4,8; m/s
05-02-2025;00:20:00;5,2; m/s
05-02-2025;00:30:00;5,1; m/s
05-02-2025;00:40:00;5,5; m/s
05-02-2025;00:50:00;5,7; m/s
05-02-2025;01:00:00;6,1; m/s
05-02-2025;01:10:00;6,8; m/s
05-02-2025;01:20:00;5,3; m/s
05-02-2025;01:30:00;5,3; m/s
05-02-2025;01:40:00;4,1; m/s
05-02-2025;01:50:00;4; m/s
05-02-2025;02:00:00;3,9; m/s
05-02-2025;02:10:00;4,5; m/s
05-02-2025;02:20:00;4,1; m/s
05-02-2025;02:30:00;4,6; m/s
05-02-2025;02:40:00;4,1; m/s
05-02-2025;02:50:00;3,4; m/s
05-02-2025;03:00:00;2,9; m/s
05-02-2025;03:10:00;3,1; m/s
05-02-2025;03:20:00;3,6; m/s
05-02-2025;03:30:00;3,6; m/s
05-02-2025;03:40:00;3,2; m/s
05-02-2025;03:50:00;2,8; m/s
05-02-2025;04:00:00;2,2; m/s
05-02-2025;04:10:00;1,9; m/s
05-02-2025;04:20:00;2,7; m/s
05-02-2025;04:30:00;2,6; m/s
05-02-2025;04:40:00;1,3; m/s
05-02-2025;04:50:00;1,3; m/s
05-02-2025;05:00:00;3,3; m/s
05-02-2025;05:10:00;3,5; m/s
05-02-2025;05:20:00;3,4; m/s
05-02-2025;05:30:00;3,5; m/s
05-02-2025;05:40:00;2,4; m/s
05-02-2025;05:50:00;1,8; m/s
05-02-2025;06:00:00;1,7; m/s
05-02-2025;06:10:00;2,8; m/s
05-02-2025;06:20:00;3,5; m/s
05-02-2025;06:30:00;4,3; m/s
05-02-2025;06:40:00;5,1; m/s
05-02-2025;06:50:00;5,5; m/s
05-02-2025;07:00:00;5,2; m/s
05-02-2025;07:10:00;3,8; m/s
05-02-2025;07:20:00;3; m/s
05-02-2025;07:30:00;2,1; m/s
05-02-2025;07:40:00;2,4; m/s
05-02-2025;07:50:00;2,8; m/s
05-02-2025;08:00:00;2,4; m/s
05-02-2025;08:10:00;2,4; m/s
05-02-2025;08:20:00;2,4; m/s
05-02-2025;08:30:00;2,4; m/s
05-02-2025;08:40:00;2,3; m/s
05-02-2025;08:50:00;1,7; m/s
05-02-2025;09:00:00;1,8; m/s
05-02-2025;09:10:00;1,9; m/s
05-02-2025;09:20:00;1,6; m/s
05-02-2025;09:30:00;1; m/s
05-02-2025;09:40:00;1,6; m/s
05-02-2025;09:50:00;1,8; m/s
05-02-2025;10:00:00;1,4; m/s
05-02-2025;10:10:00;1,8; m/s
05-02-2025;10:20:00;1,8; m/s
05-02-2025;10:30:00;1,8; m/s
05-02-2025;10:40:00;1,6; m/s
05-02-2025;10:50:00;2,1; m/s
05-02-2025;11:00:00;2,3; m/s
05-02-2025;11:10:00;2,4; m/s
05-02-2025;11:20:00;2,3; m/s
05-02-2025;11:30:00;1,9; m/s
05-02-2025;11:40:00;2,1; m/s
05-02-2025;11:50:00;2; m/s
05-02-2025;12:00:00;1,5; m/s
05-02-2025;12:10:00;1,6; m/s
05-02-2025;12:20:00;1,8; m/s
05-02-2025;12:30:00;1,7; m/s
05-02-2025;12:40:00;1,9; m/s
05-02-2025;12:50:00;1,8; m/s
05-02-2025;13:00:00;2,5; m/s
05-02-2025;13:10:00;2,3; m/s
05-02-2025;13:20:00;1,6; m/s
05-02-2025;13:30:00;2,2; m/s
05-02-2025;13:40:00;2,9; m/s
05-02-2025;13:50:00;2,5; m/s
05-02-2025;14:00:00;2,8; m/s
05-02-2025;14:10:00;2,5; m/s
05-02-2025;14:20:00;1,9; m/s
05-02-2025;14:30:00;2,2; m/s
05-02-2025;14:40:00;2,2; m/s
05-02-2025;14:50:00;2,2; m/s
05-02-2025;15:00:00;2,6; m/s
05-02-2025;15:10:00;1,8; m/s
05-02-2025;15:20:00;1,5; m/s
05-02-2025;15:30:00;1,5; m/s
05-02-2025;15:40:00;1,4; m/s
05-02-2025;15:50:00;1,7; m/s
05-02-2025;16:00:00;1,5; m/s
05-02-2025;16:10:00;1,7; m/s
05-02-2025;16:20:00;1,4; m/s
05-02-2025;16:30:00;1,5; m/s
05-02-2025;16:40:00;1; m/s
05-02-2025;16:50:00;1,4; m/s
05-02-2025;17:00:00;0,7; m/s
05-02-2025;17:10:00;2,2; m/s
05-02-2025;17:20:00;1,5; m/s
05-02-2025;17:30:00;0,7; m/s
05-02-2025;17:40:00;0,9; m/s
05-02-2025;17:50:00;1,1; m/s
05-02-2025;18:00:00;1,4; m/s
05-02-2025;18:10:00;1,9; m/s
05-02-2025;18:20:00;2; m/s
05-02-2025;18:30:00;2,3; m/s
05-02-2025;18:40:00;2,8; m/s
05-02-2025;18:50:00;2,6; m/s
05-02-2025;19:00:00;3; m/s
05-02-2025;19:10:00;1,6; m/s
05-02-2025;19:20:00;2,6; m/s
05-02-2025;19:30:00;2,9; m/s
05-02-2025;19:40:00;2,3; m/s
05-02-2025;19:50:00;2,4; m/s
05-02-2025;20:00:00;3,1; m/s
05-02-2025;20:10:00;2,6; m/s
05-02-2025;20:20:00;3; m/s
05-02-2025;20:30:00;3,5; m/s
05-02-2025;20:40:00;3,4; m/s
05-02-2025;20:50:00;3; m/s
05-02-2025;21:00:00;2,2; m/s
05-02-2025;21:10:00;2,3; m/s
05-02-2025;21:20:00;2,2; m/s
05-02-2025;21:30:00;2,3; m/s
05-02-2025;21:40:00;2,5; m/s
05-02-2025;21:50:00;2; m/s
05-02-2025;22:00:00;2,5; m/s
05-02-2025;22:10:00;2,8; m/s
05-02-2025;22:20:00;2,3; m/s
05-02-2025;22:30:00;2,1; m/s
05-02-2025;22:40:00;2,3; m/s
05-02-2025;22:50:00;3,2; m/s
05-02-2025;23:00:00;3,8; m/s
05-02-2025;23:10:00;2,9; m/s
05-02-2025;23:20:00;2,9; m/s
05-02-2025;23:30:00;2,4; m/s
05-02-2025;23:40:00;2,6; m/s
05-02-2025;23:50:00;1,6; m/s
06-02-2025;00:00:00;2,9; m/s
06-02-2025;00:10:00;2,3; m/s
06-02-2025;00:20:00;1,7; m/s
06-02-2025;00:30:00;1,5; m/s
06-02-2025;00:40:00;2; m/s
06-02-2025;00:50:00;1,9; m/s
06-02-2025;01:00:00;1,6; m/s
06-02-2025;01:10:00;2,9; m/s
06-02-2025;01:20:00;3,2; m/s
06-02-2025;01:30:00;2,2; m/s
06-02-2025;01:40:00;2,1; m/s
06-02-2025;01:50:00;2,5; m/s
06-02-2025;02:00:00;3,1; m/s
06-02-2025;02:10:00;2,4; m/s
06-02-2025;02:20:00;2,3; m/s
06-02-2025;02:30:00;1,4; m/s
06-02-2025;02:40:00;0,9; m/s
06-02-2025;02:50:00;1,4; m/s
06-02-2025;03:00:00;1,4; m/s
06-02-2025;03:10:00;1,5; m/s
06-02-2025;03:20:00;1,7; m/s
06-02-2025;03:30:00;2; m/s
06-02-2025;03:40:00;2; m/s
06-02-2025;03:50:00;2,2; m/s
06-02-2025;04:00:00;2,6; m/s
06-02-2025;04:10:00;2,6; m/s
06-02-2025;04:20:00;2,3; m/s
06-02-2025;04:30:00;2,3; m/s
06-02-2025;04:40:00;2,4; m/s
06-02-2025;04:50:00;2,8; m/s
06-02-2025;05:00:00;2,4; m/s
06-02-2025;05:10:00;3,2; m/s
06-02-2025;05:20:00;3,6; m/s
06-02-2025;05:30:00;2,9; m/s
06-02-2025;05:40:00;3,2; m/s
06-02-2025;05:50:00;2,4; m/s
06-02-2025;06:00:00;1,6; m/s
06-02-2025;06:10:00;2,3; m/s
06-02-2025;06:20:00;2,5; m/s
06-02-2025;06:30:00;2,3; m/s
06-02-2025;06:40:00;2; m/s
06-02-2025;06:50:00;1,9; m/s
06-02-2025;07:00:00;2; m/s
06-02-2025;07:10:00;2,3; m/s
06-02-2025;07:20:00;2,8; m/s
06-02-2025;07:30:00;2,1; m/s
06-02-2025;07:40:00;2,1; m/s
06-02-2025;07:50:00;2,6; m/s
06-02-2025;08:00:00;3,3; m/s
06-02-2025;08:10:00;2; m/s
06-02-2025;08:20:00;1,4; m/s
06-02-2025;08:30:00;2,8; m/s
06-02-2025;08:40:00;2,7; m/s
06-02-2025;08:50:00;2,2; m/s
06-02-2025;09:00:00;1,5; m/s
06-02-2025;09:10:00;1,8; m/s
06-02-2025;09:20:00;2; m/s
06-02-2025;09:30:00;1,9; m/s
06-02-2025;09:40:00;1,7; m/s
06-02-2025;09:50:00;1,1; m/s
06-02-2025;10:00:00;0,8; m/s
06-02-2025;10:10:00;1,4; m/s
06-02-2025;10:20:00;1,3; m/s
06-02-2025;10:30:00;1,3; m/s
06-02-2025;10:40:00;1,3; m/s
06-02-2025;10:50:00;1,2; m/s
06-02-2025;11:00:00;1,3; m/s
06-02-2025;11:10:00;1,6; m/s
06-02-2025;11:20:00;1,7; m/s
06-02-2025;11:30:00;1,4; m/s
06-02-2025;11:40:00;1,9; m/s
06-02-2025;11:50:00;1,6; m/s
06-02-2025;12:00:00;1,6; m/s
06-02-2025;12:10:00;1,7; m/s
06-02-2025;12:20:00;2,2; m/s
06-02-2025;12:30:00;2; m/s
06-02-2025;12:40:00;2,2; m/s
06-02-2025;12:50:00;1,3; m/s
06-02-2025;13:00:00;1,4; m/s
06-02-2025;13:10:00;1,7; m/s
06-02-2025;13:20:00;1,6; m/s
06-02-2025;13:30:00;1,6; m/s
06-02-2025;13:40:00;2; m/s
06-02-2025;13:50:00;2,3; m/s
06-02-2025;14:00:00;2,8; m/s
06-02-2025;14:10:00;2,9; m/s
06-02-2025;14:20:00;2,6; m/s
06-02-2025;14:30:00;2,3; m/s
06-02-2025;14:40:00;2; m/s
06-02-2025;14:50:00;1,8; m/s
06-02-2025;15:00:00;1,7; m/s
06-02-2025;15:10:00;1,9; m/s
06-02-2025;15:20:00;1,9; m/s
06-02-2025;15:30:00;1,8; m/s
06-02-2025;15:40:00;1,6; m/s
06-02-2025;15:50:00;1,9; m/s
06-02-2025;16:00:00;1,8; m/s
06-02-2025;16:10:00;1,9; m/s
06-02-2025;16:20:00;1,8; m/s
06-02-2025;16:30:00;1,7; m/s
06-02-2025;16:40:00;1,6; m/s
06-02-2025;16:50:00;1,5; m/s
06-02-2025;17:00:00;1,6; m/s
06-02-2025;17:10:00;1,8; m/s
06-02-2025;17:20:00;1,4; m/s
06-02-2025;17:30:00;1,8; m/s
06-02-2025;17:40:00;1,5; m/s
06-02-2025;17:50:00;1,5; m/s
06-02-2025;18:00:00;1; m/s
06-02-2025;18:10:00;1,1; m/s
06-02-2025;18:20:00;1; m/s
06-02-2025;18:30:00;0,8; m/s
06-02-2025;18:40:00;0,1; m/s
06-02-2025;18:50:00;0; m/s
06-02-2025;19:00:00;0,7; m/s
06-02-2025;19:10:00;0,9; m/s
06-02-2025;19:20:00;1,2; m/s
06-02-2025;19:30:00;0,8; m/s
06-02-2025;19:40:00;0,7; m/s
06-02-2025;19:50:00;1,1; m/s
06-02-2025;20:00:00;1,3; m/s
06-02-2025;20:10:00;1; m/s
06-02-2025;20:20:00;1,2; m/s
06-02-2025;20:30:00;1,3; m/s
06-02-2025;20:40:00;1,4; m/s
06-02-2025;20:50:00;1,6; m/s
06-02-2025;21:00:00;2; m/s
06-02-2025;21:10:00;2,3; m/s
06-02-2025;21:20:00;2,3; m/s
06-02-2025;21:30:00;3,1; m/s
06-02-2025;21:40:00;3; m/s
06-02-2025;21:50:00;2,6; m/s
06-02-2025;22:00:00;2; m/s
06-02-2025;22:10:00;1,8; m/s
06-02-2025;22:20:00;2,8; m/s
06-02-2025;22:30:00;3,9; m/s
06-02-2025;22:40:00;2,6; m/s
06-02-2025;22:50:00;2,9; m/s
06-02-2025;23:00:00;3,1; m/s
06-02-2025;23:10:00;3,5; m/s
06-02-2025;23:20:00;2,9; m/s
06-02-2025;23:30:00;1,8; m/s
06-02-2025;23:40:00;1,8; m/s
06-02-2025;23:50:00;2,3; m/s
07-02-2025;00:00:00;2,1; m/s
07-02-2025;00:10:00;2,7; m/s
07-02-2025;00:20:00;2,1; m/s
07-02-2025;00:30:00;2,4; m/s
07-02-2025;00:40:00;2,9; m/s
07-02-2025;00:50:00;2,6; m/s
07-02-2025;01:00:00;2,5; m/s
07-02-2025;01:10:00;1,7; m/s
07-02-2025;01:20:00;1,8; m/s
07-02-2025;01:30:00;1,9; m/s
07-02-2025;01:40:00;1,9; m/s
07-02-2025;01:50:00;2,1; m/s
07-02-2025;02:00:00;2,5; m/s
07-02-2025;02:10:00;2,7; m/s
07-02-2025;02:20:00;2,7; m/s
07-02-2025;02:30:00;2,8; m/s
07-02-2025;02:40:00;2,7; m/s
07-02-2025;02:50:00;1,8; m/s
07-02-2025;03:00:00;2,1; m/s
07-02-2025;03:10:00;2,7; m/s
07-02-2025;03:20:00;3; m/s
07-02-2025;03:30:00;3,4; m/s
07-02-2025;03:40:00;2,9; m/s
07-02-2025;03:50:00;3; m/s
07-02-2025;04:00:00;3,2; m/s
07-02-2025;04:10:00;3,2; m/s
07-02-2025;04:20:00;3,6; m/s
07-02-2025;04:30:00;3,6; m/s
07-02-2025;04:40:00;3,5; m/s
07-02-2025;04:50:00;3,3; m/s
07-02-2025;05:00:00;2,8; m/s
07-02-2025;05:10:00;3,2; m/s
07-02-2025;05:20:00;2,9; m/s
07-02-2025;05:30:00;3,3; m/s
07-02-2025;05:40:00;3,5; m/s
07-02-2025;05:50:00;3,4; m/s
07-02-2025;06:00:00;3,4; m/s
07-02-2025;06:10:00;3,2; m/s
07-02-2025;06:20:00;3,2; m/s
07-02-2025;06:30:00;3,2; m/s
07-02-2025;06:40:00;3,3; m/s
07-02-2025;06:50:00;3,4; m/s
07-02-2025;07:00:00;2,9; m/s
07-02-2025;07:10:00;3; m/s
07-02-2025;07:20:00;3,2; m/s
07-02-2025;07:30:00;3; m/s
07-02-2025;07:40:00;3,3; m/s
07-02-2025;07:50:00;3,5; m/s
07-02-2025;08:00:00;3,1; m/s
07-02-2025;08:10:00;3,2; m/s
07-02-2025;08:20:00;3,3; m/s
07-02-2025;08:30:00;3,5; m/s
07-02-2025;08:40:00;3,2; m/s
07-02-2025;08:50:00;3; m/s
07-02-2025;09:00:00;2,8; m/s
07-02-2025;09:10:00;3,5; m/s
07-02-2025;09:20:00;3,1; m/s
07-02-2025;09:30:00;3,1; m/s
07-02-2025;09:40:00;2,5; m/s
07-02-2025;09:50:00;3,3; m/s
07-02-2025;10:00:00;3,3; m/s
07-02-2025;10:10:00;3,7; m/s
07-02-2025;10:20:00;3,4; m/s
07-02-2025;10:30:00;3,7; m/s
07-02-2025;10:40:00;3,3; m/s
07-02-2025;10:50:00;2,6; m/s
07-02-2025;11:00:00;3,6; m/s
07-02-2025;11:10:00;3,4; m/s
07-02-2025;11:20:00;3,5; m/s
07-02-2025;11:30:00;3; m/s
07-02-2025;11:40:00;3; m/s
07-02-2025;11:50:00;3,3; m/s
07-02-2025;12:00:00;3; m/s
07-02-2025;12:10:00;3; m/s
07-02-2025;12:20:00;2,9; m/s
07-02-2025;12:30:00;3; m/s
07-02-2025;12:40:00;3,1; m/s
07-02-2025;12:50:00;2,5; m/s
07-02-2025;13:00:00;2,9; m/s
07-02-2025;13:10:00;3,4; m/s
07-02-2025;13:20:00;2,8; m/s
07-02-2025;13:30:00;2,5; m/s
07-02-2025;13:40:00;2,2; m/s
07-02-2025;13:50:00;2,2; m/s
07-02-2025;14:00:00;1,9; m/s
07-02-2025;14:10:00;1,8; m/s
07-02-2025;14:20:00;1,6; m/s
07-02-2025;14:30:00;1,7; m/s
07-02-2025;14:40:00;1,7; m/s
07-02-2025;14:50:00;1,6; m/s
07-02-2025;15:00:00;1,5; m/s
07-02-2025;15:10:00;1,6; m/s
07-02-2025;15:20:00;1,8; m/s
07-02-2025;15:30:00;1,5; m/s
07-02-2025;15:40:00;1,8; m/s
07-02-2025;15:50:00;1,5; m/s
07-02-2025;16:00:00;1,4; m/s
07-02-2025;16:10:00;1,2; m/s
07-02-2025;16:20:00;1,6; m/s
07-02-2025;16:30:00;1,9; m/s
07-02-2025;16:40:00;2; m/s
07-02-2025;16:50:00;1,2; m/s
07-02-2025;17:00:00;1,7; m/s
07-02-2025;17:10:00;1,6; m/s
07-02-2025;17:20:00;2; m/s
07-02-2025;17:30:00;1,8; m/s
07-02-2025;17:40:00;1,4; m/s
07-02-2025;17:50:00;1,6; m/s
07-02-2025;18:00:00;1,9; m/s
07-02-2025;18:10:00;1,3; m/s
07-02-2025;18:20:00;1,1; m/s
07-02-2025;18:30:00;1,4; m/s
07-02-2025;18:40:00;0,9; m/s
07-02-2025;18:50:00;0,9; m/s
07-02-2025;19:00:00;0,9; m/s
07-02-2025;19:10:00;1; m/s
07-02-2025;19:20:00;1,5; m/s
07-02-2025;19:30:00;1,8; m/s
07-02-2025;19:40:00;2,1; m/s
07-02-2025;19:50:00;2,4; m/s
07-02-2025;20:00:00;2,5; m/s
07-02-2025;20:10:00;3,3; m/s
07-02-2025;20:20:00;3,9; m/s
07-02-2025;20:30:00;3,5; m/s
07-02-2025;20:40:00;3,7; m/s
07-02-2025;20:50:00;3,6; m/s
07-02-2025;21:00:00;3,6; m/s
07-02-2025;21:10:00;3,5; m/s
07-02-2025;21:20:00;3,5; m/s
07-02-2025;21:30:00;3,1; m/s
07-02-2025;21:40:00;2,9; m/s
07-02-2025;21:50:00;2,5; m/s
07-02-2025;22:00:00;2,2; m/s
07-02-2025;22:10:00;2,2; m/s
07-02-2025;22:20:00;2; m/s
07-02-2025;22:30:00;3; m/s
07-02-2025;22:40:00;3,2; m/s
07-02-2025;22:50:00;3,6; m/s
07-02-2025;23:00:00;3,6; m/s
07-02-2025;23:10:00;2,6; m/s
07-02-2025;23:20:00;2,4; m/s
07-02-2025;23:30:00;2,5; m/s
07-02-2025;23:40:00;3; m/s
07-02-2025;23:50:00;2,6; m/s
08-02-2025;00:00:00;2,3; m/s
08-02-2025;00:10:00;2,8; m/s
08-02-2025;00:20:00;2,7; m/s
08-02-2025;00:30:00;2,6; m/s
08-02-2025;00:40:00;2,8; m/s
08-02-2025;00:50:00;2,3; m/s
08-02-2025;01:00:00;2,7; m/s
08-02-2025;01:10:00;2,1; m/s
08-02-2025;01:20:00;2,8; m/s
08-02-2025;01:30:00;3,4; m/s
08-02-2025;01:40:00;2,9; m/s
08-02-2025;01:50:00;2,5; m/s
08-02-2025;02:00:00;2,6; m/s
08-02-2025;02:10:00;2,3; m/s
08-02-2025;02:20:00;2,2; m/s
08-02-2025;02:30:00;2,4; m/s
08-02-2025;02:40:00;2,1; m/s
08-02-2025;02:50:00;2,8; m/s
08-02-2025;03:00:00;2,7; m/s
08-02-2025;03:10:00;2,4; m/s
08-02-2025;03:20:00;2,7; m/s
08-02-2025;03:30:00;2,8; m/s
08-02-2025;03:40:00;2,8; m/s
08-02-2025;03:50:00;2,2; m/s
08-02-2025;04:00:00;1,9; m/s
08-02-2025;04:10:00;2; m/s
08-02-2025;04:20:00;3; m/s
08-02-2025;04:30:00;2,9; m/s
08-02-2025;04:40:00;2,5; m/s
08-02-2025;04:50:00;2,2; m/s
08-02-2025;05:00:00;2,3; m/s
08-02-2025;05:10:00;2; m/s
08-02-2025;05:20:00;2,1; m/s
08-02-2025;05:30:00;2,4; m/s
08-02-2025;05:40:00;2,5; m/s
08-02-2025;05:50:00;2,8; m/s
08-02-2025;06:00:00;2,8; m/s
08-02-2025;06:10:00;3,2; m/s
08-02-2025;06:20:00;2,9; m/s
08-02-2025;06:30:00;3; m/s
08-02-2025;06:40:00;2,8; m/s
08-02-2025;06:50:00;3,6; m/s
08-02-2025;07:00:00;3,6; m/s
08-02-2025;07:10:00;3,9; m/s
08-02-2025;07:20:00;4,2; m/s
08-02-2025;07:30:00;4,3; m/s
08-02-2025;07:40:00;4,6; m/s
08-02-2025;07:50:00;5,2; m/s
08-02-2025;08:00:00;5; m/s
08-02-2025;08:10:00;5,6; m/s
08-02-2025;08:20:00;5,2; m/s
08-02-2025;08:30:00;5,2; m/s
08-02-2025;08:40:00;5,3; m/s
08-02-2025;08:50:00;5,4; m/s
08-02-2025;09:00:00;4,9; m/s
08-02-2025;09:10:00;4,9; m/s
08-02-2025;09:20:00;3,6; m/s
08-02-2025;09:30:00;4,1; m/s
08-02-2025;09:40:00;4,8; m/s
08-02-2025;09:50:00;5,1; m/s
08-02-2025;10:00:00;5; m/s
08-02-2025;10:10:00;5,3; m/s
08-02-2025;10:20:00;6,4; m/s
08-02-2025;10:30:00;5,8; m/s
08-02-2025;10:40:00;5,1; m/s
08-02-2025;10:50:00;5,1; m/s
08-02-2025;11:00:00;4,8; m/s
08-02-2025;11:10:00;5,4; m/s
08-02-2025;11:20:00;5,2; m/s
08-02-2025;11:30:00;5,1; m/s
08-02-2025;11:40:00;5,7; m/s
08-02-2025;11:50:00;4,6; m/s
08-02-2025;12:00:00;4,4; m/s
08-02-2025;12:10:00;4,6; m/s
08-02-2025;12:20:00;4,4; m/s
08-02-2025;12:30:00;4,8; m/s
08-02-2025;12:40:00;5,5; m/s
08-02-2025;12:50:00;4,9; m/s
08-02-2025;13:00:00;3,8; m/s
08-02-2025;13:10:00;4; m/s
08-02-2025;13:20:00;3,8; m/s
08-02-2025;13:30:00;3,9; m/s
08-02-2025;13:40:00;3,6; m/s
08-02-2025;13:50:00;3,8; m/s
08-02-2025;14:00:00;4,1; m/s
08-02-2025;14:10:00;4,5; m/s
08-02-2025;14:20:00;4,2; m/s
08-02-2025;14:30:00;3,6; m/s
08-02-2025;14:40:00;3,4; m/s
08-02-2025;14:50:00;3,3; m/s
08-02-2025;15:00:00;3,4; m/s
08-02-2025;15:10:00;3; m/s
08-02-2025;15:20:00;2,8; m/s
08-02-2025;15:30:00;2,7; m/s
08-02-2025;15:40:00;3; m/s
08-02-2025;15:50:00;3,3; m/s
08-02-2025;16:00:00;3,1; m/s
08-02-2025;16:10:00;3,2; m/s
08-02-2025;16:20:00;3,2; m/s
08-02-2025;16:30:00;2,6; m/s
08-02-2025;16:40:00;2,5; m/s
08-02-2025;16:50:00;2,8; m/s
08-02-2025;17:00:00;2,7; m/s
08-02-2025;17:10:00;3; m/s
08-02-2025;17:20:00;2,6; m/s
08-02-2025;17:30:00;2,7; m/s
08-02-2025;17:40:00;2,8; m/s
08-02-2025;17:50:00;2,6; m/s
08-02-2025;18:00:00;2,6; m/s
08-02-2025;18:10:00;2,5; m/s
08-02-2025;18:20:00;3; m/s
08-02-2025;18:30:00;3,2; m/s
08-02-2025;18:40:00;2,7; m/s
08-02-2025;18:50:00;2,4; m/s
08-02-2025;19:00:00;2,4; m/s
08-02-2025;19:10:00;3,1; m/s
08-02-2025;19:20:00;3,5; m/s
08-02-2025;19:30:00;3,5; m/s
08-02-2025;19:40:00;3; m/s
08-02-2025;19:50:00;3,6; m/s
08-02-2025;20:00:00;3,3; m/s
08-02-2025;20:10:00;3,3; m/s
08-02-2025;20:20:00;3,8; m/s
08-02-2025;20:30:00;3,7; m/s
08-02-2025;20:40:00;3,1; m/s
08-02-2025;20:50:00;3,6; m/s
08-02-2025;21:00:00;3,2; m/s
08-02-2025;21:10:00;3,4; m/s
08-02-2025;21:20:00;3,4; m/s
08-02-2025;21:30:00;3,2; m/s
08-02-2025;21:40:00;3,3; m/s
08-02-2025;21:50:00;3; m/s
08-02-2025;22:00:00;3,4; m/s
08-02-2025;22:10:00;2,9; m/s
08-02-2025;22:20:00;3,5; m/s
08-02-2025;22:30:00;4,3; m/s
08-02-2025;22:40:00;4,1; m/s
08-02-2025;22:50:00;4,1; m/s
08-02-2025;23:00:00;4,3; m/s
08-02-2025;23:10:00;3,5; m/s
08-02-2025;23:20:00;3,7; m/s
08-02-2025;23:30:00;3,2; m/s
08-02-2025;23:40:00;3,4; m/s
08-02-2025;23:50:00;3,8; m/s
09-02-2025;00:00:00;3,4; m/s
09-02-2025;00:10:00;3,3; m/s
09-02-2025;00:20:00;3,9; m/s
09-02-2025;00:30:00;3,2; m/s
09-02-2025;00:40:00;3,1; m/s
09-02-2025;00:50:00;3,5; m/s
09-02-2025;01:00:00;3,2; m/s
09-02-2025;01:10:00;3,3; m/s
09-02-2025;01:20:00;4,1; m/s
09-02-2025;01:30:00;3,1; m/s
09-02-2025;01:40:00;3,6; m/s
09-02-2025;01:50:00;3,7; m/s
09-02-2025;02:00:00;4,1; m/s
09-02-2025;02:10:00;3,4; m/s
09-02-2025;02:20:00;2,9; m/s
09-02-2025;02:30:00;3; m/s
09-02-2025;02:40:00;4,1; m/s
09-02-2025;02:50:00;4,2; m/s
09-02-2025;03:00:00;2,9; m/s
09-02-2025;03:10:00;3,3; m/s
09-02-2025;03:20:00;3,8; m/s
09-02-2025;03:30:00;3,2; m/s
09-02-2025;03:40:00;2,9; m/s
09-02-2025;03:50:00;2,7; m/s
09-02-2025;04:00:00;2,9; m/s
09-02-2025;04:10:00;2,8; m/s
09-02-2025;04:20:00;2,5; m/s
09-02-2025;04:30:00;2,9; m/s
09-02-2025;04:40:00;2,6; m/s
09-02-2025;04:50:00;2,6; m/s
09-02-2025;05:00:00;2,7; m/s
09-02-2025;05:10:00;2,7; m/s
09-02-2025;05:20:00;3; m/s
09-02-2025;05:30:00;3,4; m/s
09-02-2025;05:40:00;3,1; m/s
09-02-2025;05:50:00;3,2; m/s
09-02-2025;06:00:00;3,2; m/s
09-02-2025;06:10:00;2,7; m/s
09-02-2025;06:20:00;3,4; m/s
09-02-2025;06:30:00;3,7; m/s
09-02-2025;06:40:00;3,8; m/s
09-02-2025;06:50:00;2,2; m/s
09-02-2025;07:00:00;2,8; m/s
09-02-2025;07:10:00;2,2; m/s
09-02-2025;07:20:00;2,5; m/s
09-02-2025;07:30:00;1,8; m/s
09-02-2025;07:40:00;2,3; m/s
09-02-2025;07:50:00;2,8; m/s
09-02-2025;08:00:00;2,6; m/s
09-02-2025;08:10:00;2,8; m/s
09-02-2025;08:20:00;2,8; m/s
09-02-2025;08:30:00;3; m/s
09-02-2025;08:40:00;2,7; m/s
09-02-2025;08:50:00;2,9; m/s
09-02-2025;09:00:00;2,9; m/s
09-02-2025;09:10:00;2,4; m/s
09-02-2025;09:20:00;1,9; m/s
09-02-2025;09:30:00;2,2; m/s
09-02-2025;09:40:00;2,2; m/s
09-02-2025;09:50:00;2,2; m/s
09-02-2025;10:00:00;1,9; m/s
09-02-2025;10:10:00;1,7; m/s
09-02-2025;10:20:00;1,9; m/s
09-02-2025;10:30:00;2,1; m/s
09-02-2025;10:40:00;2,3; m/s
09-02-2025;10:50:00;2,2; m/s
09-02-2025;11:00:00;2; m/s
09-02-2025;11:10:00;1,9; m/s
09-02-2025;11:20:00;1,6; m/s
09-02-2025;11:30:00;1,9; m/s
09-02-2025;11:40:00;1,9; m/s
09-02-2025;11:50:00;2,1; m/s
09-02-2025;12:00:00;2,3; m/s
09-02-2025;12:10:00;2,4; m/s
09-02-2025;12:20:00;2,3; m/s
09-02-2025;12:30:00;1,8; m/s
09-02-2025;12:40:00;1,9; m/s
09-02-2025;12:50:00;1,5; m/s
09-02-2025;13:00:00;1,5; m/s
09-02-2025;13:10:00;1,5; m/s
09-02-2025;13:20:00;1,5; m/s
09-02-2025;13:30:00;1,7; m/s
09-02-2025;13:40:00;1,7; m/s
09-02-2025;13:50:00;1,6; m/s
09-02-2025;14:00:00;1,6; m/s
09-02-2025;14:10:00;1,7; m/s
09-02-2025;14:20:00;1,9; m/s
09-02-2025;14:30:00;2; m/s
09-02-2025;14:40:00;1,9; m/s
09-02-2025;14:50:00;1,9; m/s
09-02-2025;15:00:00;1,9; m/s
09-02-2025;15:10:00;2; m/s
09-02-2025;15:20:00;2; m/s
09-02-2025;15:30:00;1,7; m/s
09-02-2025;15:40:00;1,8; m/s
09-02-2025;15:50:00;1,8; m/s
09-02-2025;16:00:00;1,5; m/s
09-02-2025;16:10:00;1,7; m/s
09-02-2025;16:20:00;1,6; m/s
09-02-2025;16:30:00;1,5; m/s
09-02-2025;16:40:00;1,6; m/s
09-02-2025;16:50:00;1; m/s
09-02-2025;17:00:00;1,9; m/s
09-02-2025;17:10:00;1,4; m/s
09-02-2025;17:20:00;1,5; m/s
09-02-2025;17:30:00;1,5; m/s
09-02-2025;17:40:00;1,4; m/s
09-02-2025;17:50:00;1,2; m/s
09-02-2025;18:00:00;1,3; m/s
09-02-2025;18:10:00;1,1; m/s
09-02-2025;18:20:00;1; m/s
09-02-2025;18:30:00;1,1; m/s
09-02-2025;18:40:00;0,8; m/s
09-02-2025;18:50:00;0,6; m/s
09-02-2025;19:00:00;1,4; m/s
09-02-2025;19:10:00;1,5; m/s
09-02-2025;19:20:00;2; m/s
09-02-2025;19:30:00;1,7; m/s
09-02-2025;19:40:00;1,8; m/s
09-02-2025;19:50:00;2,5; m/s
09-02-2025;20:00:00;2,9; m/s
09-02-2025;20:10:00;3,2; m/s
09-02-2025;20:20:00;3; m/s
09-02-2025;20:30:00;3,2; m/s
09-02-2025;20:40:00;3,9; m/s
09-02-2025;20:50:00;4,3; m/s
09-02-2025;21:00:00;3,6; m/s
09-02-2025;21:10:00;3,5; m/s
09-02-2025;21:20:00;3,4; m/s
09-02-2025;21:30:00;4,3; m/s
09-02-2025;21:40:00;4,8; m/s
09-02-2025;21:50:00;4,7; m/s
09-02-2025;22:00:00;4,7; m/s
09-02-2025;22:10:00;4; m/s
09-02-2025;22:20:00;3,4; m/s
09-02-2025;22:30:00;3,7; m/s
09-02-2025;22:40:00;3,8; m/s
09-02-2025;22:50:00;4,1; m/s
09-02-2025;23:00:00;3,9; m/s
09-02-2025;23:10:00;4,4; m/s
09-02-2025;23:20:00;4,3; m/s
09-02-2025;23:30:00;4,7; m/s
09-02-2025;23:40:00;5,1; m/s
09-02-2025;23:50:00;4,9; m/s
10-02-2025;00:00:00;4,9; m/s
10-02-2025;00:10:00;3,4; m/s
10-02-2025;00:20:00;2,3; m/s
10-02-2025;00:30:00;3,1; m/s
10-02-2025;00:40:00;3,4; m/s
10-02-2025;00:50:00;3,1; m/s
10-02-2025;01:00:00;3,6; m/s
10-02-2025;01:10:00;3,2; m/s
10-02-2025;01:20:00;2,7; m/s
10-02-2025;01:30:00;3,2; m/s
10-02-2025;01:40:00;2,3; m/s
10-02-2025;01:50:00;2,7; m/s
10-02-2025;02:00:00;2,9; m/s
10-02-2025;02:10:00;3,3; m/s
10-02-2025;02:20:00;3; m/s
10-02-2025;02:30:00;3,8; m/s
10-02-2025;02:40:00;3,3; m/s
10-02-2025;02:50:00;3,2; m/s
10-02-2025;03:00:00;3; m/s
10-02-2025;03:10:00;3,4; m/s
10-02-2025;03:20:00;3,4; m/s
10-02-2025;03:30:00;3,6; m/s
10-02-2025;03:40:00;3,3; m/s
10-02-2025;03:50:00;2,5; m/s
10-02-2025;04:00:00;2,5; m/s
10-02-2025;04:10:00;3,2; m/s
10-02-2025;04:20:00;3,5; m/s
10-02-2025;04:30:00;4,1; m/s
10-02-2025;04:40:00;4,1; m/s
10-02-2025;04:50:00;3,7; m/s
10-02-2025;05:00:00;3,6; m/s
10-02-2025;05:10:00;3,1; m/s
10-02-2025;05:20:00;2,6; m/s
10-02-2025;05:30:00;2,7; m/s
10-02-2025;05:40:00;1,7; m/s
10-02-2025;05:50:00;1,7; m/s
10-02-2025;06:00:00;1,9; m/s
10-02-2025;06:10:00;1,8; m/s
10-02-2025;06:20:00;1,8; m/s
10-02-2025;06:30:00;1,6; m/s
10-02-2025;06:40:00;1,7; m/s
10-02-2025;06:50:00;2,3; m/s
10-02-2025;07:00:00;3; m/s
10-02-2025;07:10:00;3,1; m/s
10-02-2025;07:20:00;3; m/s
10-02-2025;07:30:00;2,8; m/s
10-02-2025;07:40:00;2,8; m/s
10-02-2025;07:50:00;2,2; m/s
10-02-2025;08:00:00;1,7; m/s
10-02-2025;08:10:00;1,2; m/s
10-02-2025;08:20:00;1,4; m/s
10-02-2025;08:30:00;1,7; m/s
10-02-2025;08:40:00;1,8; m/s
10-02-2025;08:50:00;1,6; m/s
10-02-2025;09:00:00;1,6; m/s
10-02-2025;09:10:00;1,4; m/s
10-02-2025;09:20:00;1,5; m/s
10-02-2025;09:30:00;1,4; m/s
10-02-2025;09:40:00;1,2; m/s
10-02-2025;09:50:00;0,6; m/s
10-02-2025;10:00:00;1; m/s
10-02-2025;10:10:00;1,4; m/s
10-02-2025;10:20:00;1,8; m/s
10-02-2025;10:30:00;2,1; m/s
10-02-2025;10:40:00;2,1; m/s
10-02-2025;10:50:00;1,8; m/s
10-02-2025;11:00:00;0,9; m/s
10-02-2025;11:10:00;1,2; m/s
10-02-2025;11:20:00;1,4; m/s
10-02-2025;11:30:00;1,4; m/s
10-02-2025;11:40:00;1,5; m/s
10-02-2025;11:50:00;1,5; m/s
10-02-2025;12:00:00;1,9; m/s
10-02-2025;12:10:00;1,8; m/s
10-02-2025;12:20:00;1,7; m/s
10-02-2025;12:30:00;1,8; m/s
10-02-2025;12:40:00;1,8; m/s
10-02-2025;12:50:00;1,9; m/s
10-02-2025;13:00:00;1,9; m/s
10-02-2025;13:10:00;2,1; m/s
10-02-2025;13:20:00;2,2; m/s
10-02-2025;13:30:00;2,9; m/s
10-02-2025;13:40:00;2,9; m/s
10-02-2025;13:50:00;2,9; m/s
10-02-2025;14:00:00;3,1; m/s
10-02-2025;14:10:00;3,2; m/s
10-02-2025;14:20:00;2,7; m/s
10-02-2025;14:30:00;3,3; m/s
10-02-2025;14:40:00;3,3; m/s
10-02-2025;14:50:00;3,5; m/s
10-02-2025;15:00:00;3,5; m/s
10-02-2025;15:10:00;4,4; m/s
10-02-2025;15:20:00;5; m/s
10-02-2025;15:30:00;5; m/s
10-02-2025;15:40:00;4,4; m/s
10-02-2025;15:50:00;4,2; m/s
10-02-2025;16:00:00;3,6; m/s
10-02-2025;16:10:00;3,6; m/s
10-02-2025;16:20:00;3,6; m/s
10-02-2025;16:30:00;4; m/s
10-02-2025;16:40:00;4,1; m/s
10-02-2025;16:50:00;4; m/s
10-02-2025;17:00:00;3,8; m/s
10-02-2025;17:10:00;3,9; m/s
10-02-2025;17:20:00;3,6; m/s
10-02-2025;17:30:00;3,3; m/s
10-02-2025;17:40:00;3,5; m/s
10-02-2025;17:50:00;3,5; m/s
10-02-2025;18:00:00;3,4; m/s
10-02-2025;18:10:00;3,4; m/s
10-02-2025;18:20:00;3,5; m/s
10-02-2025;18:30:00;3,9; m/s
10-02-2025;18:40:00;2,8; m/s
10-02-2025;18:50:00;3; m/s
10-02-2025;19:00:00;3,3; m/s
10-02-2025;19:10:00;3,4; m/s
10-02-2025;19:20:00;3,1; m/s
10-02-2025;19:30:00;3; m/s
10-02-2025;19:40:00;3,1; m/s
10-02-2025;19:50:00;2,9; m/s
10-02-2025;20:00:00;3,2; m/s
10-02-2025;20:10:00;3; m/s
10-02-2025;20:20:00;2,6; m/s
10-02-2025;20:30:00;2,2; m/s
10-02-2025;20:40:00;2,2; m/s
10-02-2025;20:50:00;2,1; m/s
10-02-2025;21:00:00;2,2; m/s
10-02-2025;21:10:00;2,2; m/s
10-02-2025;21:20:00;2,2; m/s
10-02-2025;21:30:00;1,6; m/s
10-02-2025;21:40:00;1,2; m/s
10-02-2025;21:50:00;1,5; m/s
10-02-2025;22:00:00;1,9; m/s
10-02-2025;22:10:00;2,1; m/s
10-02-2025;22:20:00;2; m/s
10-02-2025;22:30:00;1,5; m/s
10-02-2025;22:40:00;2; m/s
10-02-2025;22:50:00;2,8; m/s
10-02-2025;23:00:00;3,2; m/s
10-02-2025;23:10:00;2,9; m/s
10-02-2025;23:20:00;3; m/s
10-02-2025;23:30:00;2,3; m/s
10-02-2025;23:40:00;2,3; m/s
10-02-2025;23:50:00;2; m/s
11-02-2025;00:00:00;2,1; m/s
11-02-2025;00:10:00;2,2; m/s
11-02-2025;00:20:00;2,4; m/s
11-02-2025;00:30:00;2,5; m/s
11-02-2025;00:40:00;2,9; m/s
11-02-2025;00:50:00;3,1; m/s
11-02-2025;01:00:00;3,1; m/s
11-02-2025;01:10:00;3,1; m/s
11-02-2025;01:20:00;2,9; m/s
11-02-2025;01:30:00;3,2; m/s
11-02-2025;01:40:00;2,9; m/s
11-02-2025;01:50:00;3,1; m/s
11-02-2025;02:00:00;3; m/s
11-02-2025;02:10:00;3; m/s
11-02-2025;02:20:00;2,9; m/s
11-02-2025;02:30:00;2,9; m/s
11-02-2025;02:40:00;3; m/s
11-02-2025;02:50:00;3; m/s
11-02-2025;03:00:00;3; m/s
11-02-2025;03:10:00;3; m/s
11-02-2025;03:20:00;2,9; m/s
11-02-2025;03:30:00;2,9; m/s
11-02-2025;03:40:00;3; m/s
11-02-2025;03:50:00;3,3; m/s
11-02-2025;04:00:00;2,9; m/s
11-02-2025;04:10:00;3,5; m/s
11-02-2025;04:20:00;3,6; m/s
11-02-2025;04:30:00;3,5; m/s
11-02-2025;04:40:00;3,6; m/s
11-02-2025;04:50:00;3,3; m/s
11-02-2025;05:00:00;3,3; m/s
11-02-2025;05:10:00;3,3; m/s
11-02-2025;05:20:00;3,1; m/s
11-02-2025;05:30:00;2,9; m/s
11-02-2025;05:40:00;2,9; m/s
11-02-2025;05:50:00;2,8; m/s
11-02-2025;06:00:00;2,7; m/s
11-02-2025;06:10:00;2,7; m/s
11-02-2025;06:20:00;2,7; m/s
11-02-2025;06:30:00;2,8; m/s
11-02-2025;06:40:00;2,9; m/s
11-02-2025;06:50:00;2,7; m/s
11-02-2025;07:00:00;2,7; m/s
11-02-2025;07:10:00;2,7; m/s
11-02-2025;07:20:00;2,6; m/s
11-02-2025;07:30:00;2,8; m/s
11-02-2025;07:40:00;3; m/s
11-02-2025;07:50:00;3,1; m/s
11-02-2025;08:00:00;2,8; m/s
11-02-2025;08:10:00;2,8; m/s
11-02-2025;08:20:00;2,7; m/s
11-02-2025;08:30:00;2,7; m/s
11-02-2025;08:40:00;2,7; m/s
11-02-2025;08:50:00;2,5; m/s
11-02-2025;09:00:00;2,5; m/s
11-02-2025;09:10:00;2,6; m/s
11-02-2025;09:20:00;2,6; m/s
11-02-2025;09:30:00;2,5; m/s
11-02-2025;09:40:00;2,4; m/s
11-02-2025;09:50:00;2,5; m/s
11-02-2025;10:00:00;2,5; m/s
11-02-2025;10:10:00;2,4; m/s
11-02-2025;10:20:00;2,3; m/s
11-02-2025;10:30:00;2,4; m/s
11-02-2025;10:40:00;2,3; m/s
11-02-2025;10:50:00;2,2; m/s
11-02-2025;11:00:00;2,3; m/s
11-02-2025;11:10:00;2,1; m/s
11-02-2025;11:20:00;2,2; m/s
11-02-2025;11:30:00;2; m/s
11-02-2025;11:40:00;1,5; m/s
11-02-2025;11:50:00;1,6; m/s
11-02-2025;12:00:00;1,7; m/s
11-02-2025;12:10:00;1,7; m/s
11-02-2025;12:20:00;1,9; m/s
11-02-2025;12:30:00;1,9; m/s
11-02-2025;12:40:00;2,1; m/s
11-02-2025;12:50:00;1,9; m/s
11-02-2025;13:00:00;1,9; m/s
11-02-2025;13:10:00;2; m/s
11-02-2025;13:20:00;1,7; m/s
11-02-2025;13:30:00;1,9; m/s
11-02-2025;13:40:00;2; m/s
11-02-2025;13:50:00;1,9; m/s
11-02-2025;14:00:00;2,3; m/s
11-02-2025;14:10:00;2,2; m/s
11-02-2025;14:20:00;2,2; m/s
11-02-2025;14:30:00;2,2; m/s
11-02-2025;14:40:00;2,2; m/s
11-02-2025;14:50:00;2,3; m/s
11-02-2025;15:00:00;2,5; m/s
11-02-2025;15:10:00;2,7; m/s
11-02-2025;15:20:00;2,7; m/s
11-02-2025;15:30:00;2,9; m/s
11-02-2025;15:40:00;3; m/s
11-02-2025;15:50:00;3,2; m/s
11-02-2025;16:00:00;2,9; m/s
11-02-2025;16:10:00;3; m/s
11-02-2025;16:20:00;2,6; m/s
11-02-2025;16:30:00;2,6; m/s
11-02-2025;16:40:00;3,2; m/s
11-02-2025;16:50:00;2,5; m/s
11-02-2025;17:00:00;2,7; m/s
11-02-2025;17:10:00;2,5; m/s
11-02-2025;17:20:00;3,1; m/s
11-02-2025;17:30:00;2,9; m/s
11-02-2025;17:40:00;2,8; m/s
11-02-2025;17:50:00;2,4; m/s
11-02-2025;18:00:00;1,8; m/s
11-02-2025;18:10:00;2,2; m/s
11-02-2025;18:20:00;1,6; m/s
11-02-2025;18:30:00;1,2; m/s
11-02-2025;18:40:00;1,3; m/s
11-02-2025;18:50:00;1; m/s
11-02-2025;19:00:00;1,8; m/s
11-02-2025;19:10:00;2,1; m/s
11-02-2025;19:20:00;2,2; m/s
11-02-2025;19:30:00;2,3; m/s
11-02-2025;19:40:00;2; m/s
11-02-2025;19:50:00;1,9; m/s
11-02-2025;20:00:00;2,1; m/s
11-02-2025;20:10:00;2,2; m/s
11-02-2025;20:20:00;1,8; m/s
11-02-2025;20:30:00;1,8; m/s
11-02-2025;20:40:00;2; m/s
11-02-2025;20:50:00;2; m/s
11-02-2025;21:00:00;1,7; m/s
11-02-2025;21:10:00;1,9; m/s
11-02-2025;21:20:00;1,9; m/s
11-02-2025;21:30:00;1,4; m/s
11-02-2025;21:40:00;0,7; m/s
11-02-2025;21:50:00;0,7; m/s
11-02-2025;22:00:00;0,2; m/s
11-02-2025;22:10:00;0,2; m/s
11-02-2025;22:20:00;0,3; m/s
11-02-2025;22:30:00;0,9; m/s
11-02-2025;22:40:00;0,9; m/s
11-02-2025;22:50:00;1,3; m/s
11-02-2025;23:00:00;1,9; m/s
11-02-2025;23:10:00;2,2; m/s
11-02-2025;23:20:00;2,3; m/s
11-02-2025;23:30:00;2,2; m/s
11-02-2025;23:40:00;2,1; m/s
11-02-2025;23:50:00;1,7; m/s
12-02-2025;00:00:00;2,3; m/s
12-02-2025;00:10:00;2,4; m/s
12-02-2025;00:20:00;2,5; m/s
12-02-2025;00:30:00;2,2; m/s
12-02-2025;00:40:00;2,6; m/s
12-02-2025;00:50:00;2,5; m/s
12-02-2025;01:00:00;2,6; m/s
12-02-2025;01:10:00;2,7; m/s
12-02-2025;01:20:00;2,5; m/s
12-02-2025;01:30:00;2,4; m/s
12-02-2025;01:40:00;2,3; m/s
12-02-2025;01:50:00;2,2; m/s
12-02-2025;02:00:00;2; m/s
12-02-2025;02:10:00;2,2; m/s
12-02-2025;02:20:00;2,4; m/s
12-02-2025;02:30:00;2,4; m/s
12-02-2025;02:40:00;2,3; m/s
12-02-2025;02:50:00;2,2; m/s
12-02-2025;03:00:00;2,2; m/s
12-02-2025;03:10:00;2,2; m/s
12-02-2025;03:20:00;2,5; m/s
12-02-2025;03:30:00;2,4; m/s
12-02-2025;03:40:00;2,5; m/s
12-02-2025;03:50:00;2,7; m/s
12-02-2025;04:00:00;2,6; m/s
12-02-2025;04:10:00;2,6; m/s
12-02-2025;04:20:00;3; m/s
12-02-2025;04:30:00;3; m/s
12-02-2025;04:40:00;2,7; m/s
12-02-2025;04:50:00;2,8; m/s
12-02-2025;05:00:00;2,8; m/s
12-02-2025;05:10:00;3; m/s
12-02-2025;05:20:00;3,1; m/s
12-02-2025;05:30:00;3,5; m/s
12-02-2025;05:40:00;3,6; m/s
12-02-2025;05:50:00;3,3; m/s
12-02-2025;06:00:00;2,8; m/s
12-02-2025;06:10:00;2,8; m/s
12-02-2025;06:20:00;2,7; m/s
12-02-2025;06:30:00;2,4; m/s
12-02-2025;06:40:00;3; m/s
12-02-2025;06:50:00;3,2; m/s
12-02-2025;07:00:00;2,8; m/s
12-02-2025;07:10:00;2,5; m/s
12-02-2025;07:20:00;3,1; m/s
12-02-2025;07:30:00;2,7; m/s
12-02-2025;07:40:00;2,2; m/s
12-02-2025;07:50:00;2,4; m/s
12-02-2025;08:00:00;2,8; m/s
12-02-2025;08:10:00;2,9; m/s
12-02-2025;08:20:00;2,5; m/s
12-02-2025;08:30:00;2,6; m/s
12-02-2025;08:40:00;2,4; m/s
12-02-2025;08:50:00;2,3; m/s
12-02-2025;09:00:00;1,8; m/s
12-02-2025;09:10:00;2,3; m/s
12-02-2025;09:20:00;2,4; m/s
12-02-2025;09:30:00;2,3; m/s
12-02-2025;09:40:00;2,8; m/s
12-02-2025;09:50:00;2,4; m/s
12-02-2025;10:00:00;2,5; m/s
12-02-2025;10:10:00;2,8; m/s
12-02-2025;10:20:00;2,9; m/s
12-02-2025;10:30:00;3,1; m/s
12-02-2025;10:40:00;3; m/s
12-02-2025;10:50:00;2,4; m/s
12-02-2025;11:00:00;2,2; m/s
12-02-2025;11:10:00;2,1; m/s
12-02-2025;11:20:00;2,3; m/s
12-02-2025;11:30:00;1,7; m/s
12-02-2025;11:40:00;1,9; m/s
12-02-2025;11:50:00;2,3; m/s
12-02-2025;12:00:00;2,3; m/s
12-02-2025;12:10:00;2,5; m/s
12-02-2025;12:20:00;2,3; m/s
12-02-2025;12:30:00;2; m/s
12-02-2025;12:40:00;1,9; m/s
12-02-2025;12:50:00;2,2; m/s
12-02-2025;13:00:00;2,1; m/s
12-02-2025;13:10:00;2; m/s
12-02-2025;13:20:00;2; m/s
12-02-2025;13:30:00;2,2; m/s
12-02-2025;13:40:00;2,1; m/s
12-02-2025;13:50:00;1,9; m/s
12-02-2025;14:00:00;2,2; m/s
12-02-2025;14:10:00;2,1; m/s
12-02-2025;14:20:00;1,9; m/s
12-02-2025;14:30:00;2,1; m/s
12-02-2025;14:40:00;2,1; m/s
12-02-2025;14:50:00;2,3; m/s
12-02-2025;15:00:00;2,3; m/s
12-02-2025;15:10:00;2,1; m/s
12-02-2025;15:20:00;2,3; m/s
12-02-2025;15:30:00;2; m/s
12-02-2025;15:40:00;2,4; m/s
12-02-2025;15:50:00;2; m/s
12-02-2025;16:00:00;2,2; m/s
12-02-2025;16:10:00;1,9; m/s
12-02-2025;16:20:00;2,1; m/s
12-02-2025;16:30:00;2,2; m/s
12-02-2025;16:40:00;1,6; m/s
12-02-2025;16:50:00;1,9; m/s
12-02-2025;17:00:00;1,8; m/s
12-02-2025;17:10:00;1,6; m/s
12-02-2025;17:20:00;1,5; m/s
12-02-2025;17:30:00;2,1; m/s
12-02-2025;17:40:00;2,3; m/s
12-02-2025;17:50:00;2,4; m/s
12-02-2025;18:00:00;2,3; m/s
12-02-2025;18:10:00;2,2; m/s
12-02-2025;18:20:00;2,2; m/s
12-02-2025;18:30:00;2,2; m/s
12-02-2025;18:40:00;1,9; m/s
12-02-2025;18:50:00;2,1; m/s
12-02-2025;19:00:00;1,5; m/s
12-02-2025;19:10:00;1,4; m/s
12-02-2025;19:20:00;1,2; m/s
12-02-2025;19:30:00;1,3; m/s
12-02-2025;19:40:00;1,5; m/s
12-02-2025;19:50:00;1,8; m/s
12-02-2025;20:00:00;2,5; m/s
12-02-2025;20:10:00;2,4; m/s
12-02-2025;20:20:00;2; m/s
12-02-2025;20:30:00;1,9; m/s
12-02-2025;20:40:00;2; m/s
12-02-2025;20:50:00;1,8; m/s
12-02-2025;21:00:00;1,3; m/s
12-02-2025;21:10:00;1,6; m/s
12-02-2025;21:20:00;2,3; m/s
12-02-2025;21:30:00;1,9; m/s
12-02-2025;21:40:00;1,8; m/s
12-02-2025;21:50:00;1,9; m/s
12-02-2025;22:00:00;1,6; m/s
12-02-2025;22:10:00;2,1; m/s
12-02-2025;22:20:00;2,2; m/s
12-02-2025;22:30:00;1,7; m/s
12-02-2025;22:40:00;2,2; m/s
12-02-2025;22:50:00;1,6; m/s
12-02-2025;23:00:00;1,6; m/s
12-02-2025;23:10:00;1,9; m/s
12-02-2025;23:20:00;2,4; m/s
12-02-2025;23:30:00;2,6; m/s
12-02-2025;23:40:00;2,3; m/s
12-02-2025;23:50:00;2,3; m/s
13-02-2025;00:00:00;2,5; m/s
13-02-2025;00:10:00;2,3; m/s
13-02-2025;00:20:00;2,9; m/s
13-02-2025;00:30:00;2,5; m/s
13-02-2025;00:40:00;2,3; m/s
13-02-2025;00:50:00;2,9; m/s
13-02-2025;01:00:00;3; m/s
13-02-2025;01:10:00;2,9; m/s
13-02-2025;01:20:00;2,8; m/s
13-02-2025;01:30:00;2,4; m/s
13-02-2025;01:40:00;2,5; m/s
13-02-2025;01:50:00;2,3; m/s
13-02-2025;02:00:00;1,6; m/s
13-02-2025;02:10:00;2,8; m/s
13-02-2025;02:20:00;2,5; m/s
13-02-2025;02:30:00;2,4; m/s
13-02-2025;02:40:00;2,3; m/s
13-02-2025;02:50:00;2,3; m/s
13-02-2025;03:00:00;2,7; m/s
13-02-2025;03:10:00;2,8; m/s
13-02-2025;03:20:00;2,3; m/s
13-02-2025;03:30:00;2,1; m/s
13-02-2025;03:40:00;2,4; m/s
13-02-2025;03:50:00;2,4; m/s
13-02-2025;04:00:00;2,3; m/s
13-02-2025;04:10:00;2,6; m/s
13-02-2025;04:20:00;2,9; m/s
13-02-2025;04:30:00;2,1; m/s
13-02-2025;04:40:00;1,8; m/s
13-02-2025;04:50:00;1,6; m/s
13-02-2025;05:00:00;1,9; m/s
13-02-2025;05:10:00;1,4; m/s
13-02-2025;05:20:00;2,3; m/s
13-02-2025;05:30:00;2,6; m/s
13-02-2025;05:40:00;3,1; m/s
13-02-2025;05:50:00;2,1; m/s
13-02-2025;06:00:00;2,1; m/s
13-02-2025;06:10:00;2,6; m/s
13-02-2025;06:20:00;2,3; m/s
13-02-2025;06:30:00;2,6; m/s
13-02-2025;06:40:00;2,6; m/s
13-02-2025;06:50:00;2,8; m/s
13-02-2025;07:00:00;2; m/s
13-02-2025;07:10:00;2,2; m/s
13-02-2025;07:20:00;2,4; m/s
13-02-2025;07:30:00;2,4; m/s
13-02-2025;07:40:00;2,9; m/s
13-02-2025;07:50:00;2,6; m/s
13-02-2025;08:00:00;2,1; m/s
13-02-2025;08:10:00;1,9; m/s
13-02-2025;08:20:00;1,8; m/s
13-02-2025;08:30:00;1,9; m/s
13-02-2025;08:40:00;2,2; m/s
13-02-2025;08:50:00;2,2; m/s
13-02-2025;09:00:00;1,6; m/s
13-02-2025;09:10:00;1,8; m/s
13-02-2025;09:20:00;1,7; m/s
13-02-2025;09:30:00;1,9; m/s
13-02-2025;09:40:00;1,9; m/s
13-02-2025;09:50:00;2,1; m/s
13-02-2025;10:00:00;2,1; m/s
13-02-2025;10:10:00;2,4; m/s
13-02-2025;10:20:00;2,6; m/s
13-02-2025;10:30:00;2,3; m/s
13-02-2025;10:40:00;2,2; m/s
13-02-2025;10:50:00;2; m/s
13-02-2025;11:00:00;1,8; m/s
13-02-2025;11:10:00;1,5; m/s
13-02-2025;11:20:00;1,6; m/s
13-02-2025;11:30:00;1,5; m/s
13-02-2025;11:40:00;1,2; m/s
13-02-2025;11:50:00;1,2; m/s
13-02-2025;12:00:00;1,3; m/s
13-02-2025;12:10:00;1,5; m/s
13-02-2025;12:20:00;1,3; m/s
13-02-2025;12:30:00;1,2; m/s
13-02-2025;12:40:00;1,5; m/s
13-02-2025;12:50:00;1,4; m/s
13-02-2025;13:00:00;1,6; m/s
13-02-2025;13:10:00;1,9; m/s
13-02-2025;13:20:00;1,8; m/s
13-02-2025;13:30:00;1,6; m/s
13-02-2025;13:40:00;1,8; m/s
13-02-2025;13:50:00;1,7; m/s
13-02-2025;14:00:00;1,8; m/s
13-02-2025;14:10:00;1,7; m/s
13-02-2025;14:20:00;1,8; m/s
13-02-2025;14:30:00;1,8; m/s
13-02-2025;14:40:00;1,7; m/s
13-02-2025;14:50:00;1,7; m/s
13-02-2025;15:00:00;1,8; m/s
13-02-2025;15:10:00;1,7; m/s
13-02-2025;15:20:00;1,6; m/s
13-02-2025;15:30:00;1,4; m/s
13-02-2025;15:40:00;1,6; m/s
13-02-2025;15:50:00;1,5; m/s
13-02-2025;16:00:00;1,5; m/s
13-02-2025;16:10:00;1,6; m/s
13-02-2025;16:20:00;1,5; m/s
13-02-2025;16:30:00;1,5; m/s
13-02-2025;16:40:00;1,5; m/s
13-02-2025;16:50:00;1,5; m/s
13-02-2025;17:00:00;1,4; m/s
13-02-2025;17:10:00;1,4; m/s
13-02-2025;17:20:00;1,4; m/s
13-02-2025;17:30:00;1,3; m/s
13-02-2025;17:40:00;1,3; m/s
13-02-2025;17:50:00;1,2; m/s
13-02-2025;18:00:00;1,5; m/s
13-02-2025;18:10:00;1,5; m/s
13-02-2025;18:20:00;2,1; m/s
13-02-2025;18:30:00;1,8; m/s
13-02-2025;18:40:00;1,8; m/s
13-02-2025;18:50:00;1,8; m/s
13-02-2025;19:00:00;2; m/s
13-02-2025;19:10:00;2,1; m/s
13-02-2025;19:20:00;2,5; m/s
13-02-2025;19:30:00;1,7; m/s
13-02-2025;19:40:00;2,3; m/s
13-02-2025;19:50:00;3; m/s
13-02-2025;20:00:00;4,3; m/s
13-02-2025;20:10:00;2,3; m/s
13-02-2025;20:20:00;3,4; m/s
13-02-2025;20:30:00;3,2; m/s
13-02-2025;20:40:00;2,9; m/s
13-02-2025;20:50:00;2,7; m/s
13-02-2025;21:00:00;2,1; m/s
13-02-2025;21:10:00;1,4; m/s
13-02-2025;21:20:00;1,5; m/s
13-02-2025;21:30:00;1,7; m/s
13-02-2025;21:40:00;1,6; m/s
13-02-2025;21:50:00;1,3; m/s
13-02-2025;22:00:00;0,9; m/s
13-02-2025;22:10:00;0,9; m/s
13-02-2025;22:20:00;0,9; m/s
13-02-2025;22:30:00;1,8; m/s
13-02-2025;22:40:00;2,2; m/s
13-02-2025;22:50:00;4,1; m/s
13-02-2025;23:00:00;3,9; m/s
13-02-2025;23:10:00;2,2; m/s
13-02-2025;23:20:00;2; m/s
13-02-2025;23:30:00;1,5; m/s
13-02-2025;23:40:00;1,9; m/s
13-02-2025;23:50:00;1,7; m/s
14-02-2025;00:00:00;1,1; m/s
14-02-2025;00:10:00;0,7; m/s
14-02-2025;00:20:00;0,7; m/s
14-02-2025;00:30:00;0,4; m/s
14-02-2025;00:40:00;0,5; m/s
14-02-2025;00:50:00;0,4; m/s
14-02-2025;01:00:00;1,2; m/s
14-02-2025;01:10:00;1,3; m/s
14-02-2025;01:20:00;0,9; m/s
14-02-2025;01:30:00;1; m/s
14-02-2025;01:40:00;0,8; m/s
14-02-2025;01:50:00;0,8; m/s
14-02-2025;02:00:00;1; m/s
14-02-2025;02:10:00;1,1; m/s
14-02-2025;02:20:00;1; m/s
14-02-2025;02:30:00;0,5; m/s
14-02-2025;02:40:00;0,7; m/s
14-02-2025;02:50:00;1,8; m/s
14-02-2025;03:00:00;2,8; m/s
14-02-2025;03:10:00;2,9; m/s
14-02-2025;03:20:00;2,4; m/s
14-02-2025;03:30:00;2,2; m/s
14-02-2025;03:40:00;2,7; m/s
14-02-2025;03:50:00;3; m/s
14-02-2025;04:00:00;2,6; m/s
14-02-2025;04:10:00;2,9; m/s
14-02-2025;04:20:00;2,9; m/s
14-02-2025;04:30:00;2,8; m/s
14-02-2025;04:40:00;3,4; m/s
14-02-2025;04:50:00;4,3; m/s
14-02-2025;05:00:00;3,8; m/s
14-02-2025;05:10:00;3,6; m/s
14-02-2025;05:20:00;3,6; m/s
14-02-2025;05:30:00;3,8; m/s
14-02-2025;05:40:00;3,4; m/s
14-02-2025;05:50:00;3,5; m/s
14-02-2025;06:00:00;3,6; m/s
14-02-2025;06:10:00;3,3; m/s
14-02-2025;06:20:00;3; m/s
14-02-2025;06:30:00;2,9; m/s
14-02-2025;06:40:00;2,7; m/s
14-02-2025;06:50:00;3; m/s
14-02-2025;07:00:00;3; m/s
14-02-2025;07:10:00;2,5; m/s
14-02-2025;07:20:00;2,8; m/s
14-02-2025;07:30:00;2,9; m/s
14-02-2025;07:40:00;2,9; m/s
14-02-2025;07:50:00;3,1; m/s
14-02-2025;08:00:00;3,2; m/s
14-02-2025;08:10:00;3,9; m/s
14-02-2025;08:20:00;3,2; m/s
14-02-2025;08:30:00;3,6; m/s
14-02-2025;08:40:00;3,5; m/s
14-02-2025;08:50:00;2,9; m/s
14-02-2025;09:00:00;3,6; m/s
14-02-2025;09:10:00;3,7; m/s
14-02-2025;09:20:00;3,4; m/s
14-02-2025;09:30:00;4,1; m/s
14-02-2025;09:40:00;4,2; m/s
14-02-2025;09:50:00;4; m/s
14-02-2025;10:00:00;4,5; m/s
14-02-2025;10:10:00;4,6; m/s
14-02-2025;10:20:00;4,5; m/s
14-02-2025;10:30:00;4,4; m/s
14-02-2025;10:40:00;4,8; m/s
14-02-2025;10:50:00;4,6; m/s
14-02-2025;11:00:00;5,1; m/s
14-02-2025;11:10:00;5; m/s
14-02-2025;11:20:00;4,2; m/s
14-02-2025;11:30:00;4,3; m/s
14-02-2025;11:40:00;5,4; m/s
14-02-2025;11:50:00;4,9; m/s
14-02-2025;12:00:00;5,3; m/s
14-02-2025;12:10:00;4,8; m/s
14-02-2025;12:20:00;5,9; m/s
14-02-2025;12:30:00;5,1; m/s
14-02-2025;12:40:00;4,8; m/s
14-02-2025;12:50:00;4,6; m/s
14-02-2025;13:00:00;4,7; m/s
14-02-2025;13:10:00;4,4; m/s
14-02-2025;13:20:00;4,4; m/s
14-02-2025;13:30:00;5,4; m/s
14-02-2025;13:40:00;6,2; m/s
14-02-2025;13:50:00;8; m/s
14-02-2025;14:00:00;6,8; m/s
14-02-2025;14:10:00;6,4; m/s
14-02-2025;14:20:00;6,7; m/s
14-02-2025;14:30:00;5,7; m/s
14-02-2025;14:40:00;5,2; m/s
14-02-2025;14:50:00;5,7; m/s
14-02-2025;15:00:00;5,7; m/s
14-02-2025;15:10:00;5,4; m/s
14-02-2025;15:20:00;5,4; m/s
14-02-2025;15:30:00;5,2; m/s
14-02-2025;15:40:00;5,4; m/s
14-02-2025;15:50:00;5; m/s
14-02-2025;16:00:00;5,7; m/s
14-02-2025;16:10:00;5,4; m/s
14-02-2025;16:20:00;5,5; m/s
14-02-2025;16:30:00;5,2; m/s
14-02-2025;16:40:00;4,9; m/s
14-02-2025;16:50:00;5,3; m/s
14-02-2025;17:00:00;6,4; m/s
14-02-2025;17:10:00;5,7; m/s
14-02-2025;17:20:00;5,2; m/s
14-02-2025;17:30:00;6,2; m/s
14-02-2025;17:40:00;5,6; m/s
14-02-2025;17:50:00;6,9; m/s
14-02-2025;18:00:00;8,4; m/s
14-02-2025;18:10:00;8,4; m/s
14-02-2025;18:20:00;6,1; m/s
14-02-2025;18:30:00;6,4; m/s
14-02-2025;18:40:00;7,4; m/s
14-02-2025;18:50:00;6,8; m/s
14-02-2025;19:00:00;7,9; m/s
14-02-2025;19:10:00;7,5; m/s
14-02-2025;19:20:00;5,4; m/s
14-02-2025;19:30:00;6; m/s
14-02-2025;19:40:00;5,4; m/s
14-02-2025;19:50:00;4,4; m/s
14-02-2025;20:00:00;3,9; m/s
14-02-2025;20:10:00;4,4; m/s
14-02-2025;20:20:00;3,4; m/s
14-02-2025;20:30:00;3,6; m/s
14-02-2025;20:40:00;3,1; m/s
14-02-2025;20:50:00;4,5; m/s
14-02-2025;21:00:00;3,9; m/s
14-02-2025;21:10:00;3,4; m/s
14-02-2025;21:20:00;3,6; m/s
14-02-2025;21:30:00;3,4; m/s
14-02-2025;21:40:00;3,2; m/s
14-02-2025;21:50:00;3,6; m/s
14-02-2025;22:00:00;3,4; m/s
14-02-2025;22:10:00;2,9; m/s
14-02-2025;22:20:00;3; m/s
14-02-2025;22:30:00;2,6; m/s
14-02-2025;22:40:00;2,6; m/s
14-02-2025;22:50:00;3; m/s
14-02-2025;23:00:00;2,7; m/s
14-02-2025;23:10:00;4,3; m/s
14-02-2025;23:20:00;4,5; m/s
14-02-2025;23:30:00;4,6; m/s
14-02-2025;23:40:00;3,7; m/s
14-02-2025;23:50:00;3,4; m/s
15-02-2025;00:00:00;3,4; m/s
15-02-2025;00:10:00;3,6; m/s
15-02-2025;00:20:00;3,8; m/s
15-02-2025;00:30:00;3,9; m/s
15-02-2025;00:40:00;3,4; m/s
15-02-2025;00:50:00;2,6; m/s
15-02-2025;01:00:00;2,1; m/s
15-02-2025;01:10:00;3,1; m/s
15-02-2025;01:20:00;2,6; m/s
15-02-2025;01:30:00;2,4; m/s
15-02-2025;01:40:00;2,5; m/s
15-02-2025;01:50:00;2,1; m/s
15-02-2025;02:00:00;1,8; m/s
15-02-2025;02:10:00;2,4; m/s
15-02-2025;02:20:00;2,1; m/s
15-02-2025;02:30:00;2,1; m/s
15-02-2025;02:40:00;2,2; m/s
15-02-2025;02:50:00;2; m/s
15-02-2025;03:00:00;2,3; m/s
15-02-2025;03:10:00;1,7; m/s
15-02-2025;03:20:00;2,3; m/s
15-02-2025;03:30:00;2,3; m/s
15-02-2025;03:40:00;4,1; m/s
15-02-2025;03:50:00;4,7; m/s
15-02-2025;04:00:00;4,5; m/s
15-02-2025;04:10:00;4; m/s
15-02-2025;04:20:00;4,2; m/s
15-02-2025;04:30:00;4,4; m/s
15-02-2025;04:40:00;4,4; m/s
15-02-2025;04:50:00;3,9; m/s
15-02-2025;05:00:00;5,1; m/s
15-02-2025;05:10:00;4; m/s
15-02-2025;05:20:00;3,6; m/s
15-02-2025;05:30:00;3,5; m/s
15-02-2025;05:40:00;4; m/s
15-02-2025;05:50:00;4,5; m/s
15-02-2025;06:00:00;5; m/s
15-02-2025;06:10:00;4,4; m/s
15-02-2025;06:20:00;5; m/s
15-02-2025;06:30:00;4,4; m/s
15-02-2025;06:40:00;3,1; m/s
15-02-2025;06:50:00;3,7; m/s
15-02-2025;07:00:00;3,7; m/s
15-02-2025;07:10:00;3,1; m/s
15-02-2025;07:20:00;3,5; m/s
15-02-2025;07:30:00;2,6; m/s
15-02-2025;07:40:00;3,2; m/s
15-02-2025;07:50:00;3,6; m/s
15-02-2025;08:00:00;3,1; m/s
15-02-2025;08:10:00;4; m/s
15-02-2025;08:20:00;3,7; m/s
15-02-2025;08:30:00;4,5; m/s
15-02-2025;08:40:00;3,6; m/s
15-02-2025;08:50:00;3,2; m/s
15-02-2025;09:00:00;4,1; m/s
15-02-2025;09:10:00;4,3; m/s
15-02-2025;09:20:00;4,4; m/s
15-02-2025;09:30:00;5,9; m/s
15-02-2025;09:40:00;4,9; m/s
15-02-2025;09:50:00;5,9; m/s
15-02-2025;10:00:00;5,3; m/s
15-02-2025;10:10:00;4,7; m/s
15-02-2025;10:20:00;4,6; m/s
15-02-2025;10:30:00;4,2; m/s
15-02-2025;10:40:00;4,9; m/s
15-02-2025;10:50:00;5,9; m/s
15-02-2025;11:00:00;6,6; m/s
15-02-2025;11:10:00;4,9; m/s
15-02-2025;11:20:00;4; m/s
15-02-2025;11:30:00;4,4; m/s
15-02-2025;11:40:00;4,3; m/s
15-02-2025;11:50:00;3,3; m/s
15-02-2025;12:00:00;3,7; m/s
15-02-2025;12:10:00;3,2; m/s
15-02-2025;12:20:00;3,5; m/s
15-02-2025;12:30:00;3,2; m/s
15-02-2025;12:40:00;5,5; m/s
15-02-2025;12:50:00;5,5; m/s
15-02-2025;13:00:00;3,9; m/s
15-02-2025;13:10:00;5; m/s
15-02-2025;13:20:00;5,4; m/s
15-02-2025;13:30:00;5,1; m/s
15-02-2025;13:40:00;5,3; m/s
15-02-2025;13:50:00;5,3; m/s
15-02-2025;14:00:00;4,9; m/s
15-02-2025;14:10:00;4,5; m/s
15-02-2025;14:20:00;3,8; m/s
15-02-2025;14:30:00;4,1; m/s
15-02-2025;14:40:00;4,4; m/s
15-02-2025;14:50:00;4,6; m/s
15-02-2025;15:00:00;3,8; m/s
15-02-2025;15:10:00;3,9; m/s
15-02-2025;15:20:00;4,3; m/s
15-02-2025;15:30:00;3,3; m/s
15-02-2025;15:40:00;3,5; m/s
15-02-2025;15:50:00;3,2; m/s
15-02-2025;16:00:00;3; m/s
15-02-2025;16:10:00;3; m/s
15-02-2025;16:20:00;2,8; m/s
15-02-2025;16:30:00;3,1; m/s
15-02-2025;16:40:00;3,4; m/s
15-02-2025;16:50:00;3,2; m/s
15-02-2025;17:00:00;2,5; m/s
15-02-2025;17:10:00;2; m/s
15-02-2025;17:20:00;1,7; m/s
15-02-2025;17:30:00;2,1; m/s
15-02-2025;17:40:00;2,3; m/s
15-02-2025;17:50:00;3,5; m/s
15-02-2025;18:00:00;3,7; m/s
15-02-2025;18:10:00;4; m/s
15-02-2025;18:20:00;3,6; m/s
15-02-2025;18:30:00;3,2; m/s
15-02-2025;18:40:00;3,7; m/s
15-02-2025;18:50:00;3,3; m/s
15-02-2025;19:00:00;3,4; m/s
15-02-2025;19:10:00;4,4; m/s
15-02-2025;19:20:00;3,8; m/s
15-02-2025;19:30:00;3,2; m/s
15-02-2025;19:40:00;3,2; m/s
15-02-2025;19:50:00;4; m/s
15-02-2025;20:00:00;4,7; m/s
15-02-2025;20:10:00;6,8; m/s
15-02-2025;20:20:00;6,5; m/s
15-02-2025;20:30:00;5,9; m/s
15-02-2025;20:40:00;4,7; m/s
15-02-2025;20:50:00;3,9; m/s
15-02-2025;21:00:00;3; m/s
15-02-2025;21:10:00;3,2; m/s
15-02-2025;21:20:00;3,7; m/s
15-02-2025;21:30:00;5,2; m/s
15-02-2025;21:40:00;5,6; m/s
15-02-2025;21:50:00;4,2; m/s
15-02-2025;22:00:00;4,2; m/s
15-02-2025;22:10:00;4,3; m/s
15-02-2025;22:20:00;4,2; m/s
15-02-2025;22:30:00;3,7; m/s
15-02-2025;22:40:00;2,3; m/s
15-02-2025;22:50:00;2,5; m/s
15-02-2025;23:00:00;2,7; m/s
15-02-2025;23:10:00;3,2; m/s
15-02-2025;23:20:00;3,4; m/s
15-02-2025;23:30:00;1,8; m/s
15-02-2025;23:40:00;2,7; m/s
15-02-2025;23:50:00;1,8; m/s
16-02-2025;00:00:00;2,1; m/s
16-02-2025;00:10:00;4,3; m/s
16-02-2025;00:20:00;4,4; m/s
16-02-2025;00:30:00;3,9; m/s
16-02-2025;00:40:00;3,8; m/s
16-02-2025;00:50:00;3,7; m/s
16-02-2025;01:00:00;2,9; m/s
16-02-2025;01:10:00;2,1; m/s
16-02-2025;01:20:00;1,7; m/s
16-02-2025;01:30:00;2,7; m/s
16-02-2025;01:40:00;4; m/s
16-02-2025;01:50:00;3,7; m/s
16-02-2025;02:00:00;2,8; m/s
16-02-2025;02:10:00;1,7; m/s
16-02-2025;02:20:00;3,1; m/s
16-02-2025;02:30:00;4,5; m/s
16-02-2025;02:40:00;4,1; m/s
16-02-2025;02:50:00;3,1; m/s
16-02-2025;03:00:00;4,6; m/s
16-02-2025;03:10:00;4,7; m/s
16-02-2025;03:20:00;2; m/s
16-02-2025;03:30:00;2,7; m/s
16-02-2025;03:40:00;3,1; m/s
16-02-2025;03:50:00;4; m/s
16-02-2025;04:00:00;2,6; m/s
16-02-2025;04:10:00;1,9; m/s
16-02-2025;04:20:00;5,1; m/s
16-02-2025;04:30:00;4,8; m/s
16-02-2025;04:40:00;2,9; m/s
16-02-2025;04:50:00;2,6; m/s
16-02-2025;05:00:00;2,8; m/s
16-02-2025;05:10:00;3,6; m/s
16-02-2025;05:20:00;3,1; m/s
16-02-2025;05:30:00;4,1; m/s
16-02-2025;05:40:00;3; m/s
16-02-2025;05:50:00;4,8; m/s
16-02-2025;06:00:00;2,3; m/s
16-02-2025;06:10:00;3; m/s
16-02-2025;06:20:00;3,9; m/s
16-02-2025;06:30:00;2,9; m/s
16-02-2025;06:40:00;3,6; m/s
16-02-2025;06:50:00;3,7; m/s
16-02-2025;07:00:00;4,2; m/s
16-02-2025;07:10:00;6,1; m/s
16-02-2025;07:20:00;5,2; m/s
16-02-2025;07:30:00;3,9; m/s
16-02-2025;07:40:00;4; m/s
16-02-2025;07:50:00;4,1; m/s
16-02-2025;08:00:00;3,4; m/s
16-02-2025;08:10:00;2,9; m/s
16-02-2025;08:20:00;3,5; m/s
16-02-2025;08:30:00;3; m/s
16-02-2025;08:40:00;3,1; m/s
16-02-2025;08:50:00;3,7; m/s
16-02-2025;09:00:00;3,6; m/s
16-02-2025;09:10:00;2,9; m/s
16-02-2025;09:20:00;2,8; m/s
16-02-2025;09:30:00;3,3; m/s
16-02-2025;09:40:00;2,9; m/s
16-02-2025;09:50:00;3; m/s
16-02-2025;10:00:00;2,2; m/s
16-02-2025;10:10:00;1,8; m/s
16-02-2025;10:20:00;1,5; m/s
16-02-2025;10:30:00;1,6; m/s
16-02-2025;10:40:00;2,2; m/s
16-02-2025;10:50:00;1,4; m/s
16-02-2025;11:00:00;1,5; m/s
16-02-2025;11:10:00;2,2; m/s
16-02-2025;11:20:00;1,8; m/s
16-02-2025;11:30:00;1,7; m/s
16-02-2025;11:40:00;2; m/s
16-02-2025;11:50:00;1,7; m/s
16-02-2025;12:00:00;2,9; m/s
16-02-2025;12:10:00;2,1; m/s
16-02-2025;12:20:00;2,7; m/s
16-02-2025;12:30:00;2,4; m/s
16-02-2025;12:40:00;1,7; m/s
16-02-2025;12:50:00;2,1; m/s
16-02-2025;13:00:00;3,2; m/s
16-02-2025;13:10:00;3,7; m/s
16-02-2025;13:20:00;3,7; m/s
16-02-2025;13:30:00;4,2; m/s
16-02-2025;13:40:00;5,1; m/s
16-02-2025;13:50:00;5,2; m/s
16-02-2025;14:00:00;4,3; m/s
16-02-2025;14:10:00;4,5; m/s
16-02-2025;14:20:00;4,5; m/s
16-02-2025;14:30:00;4,5; m/s
16-02-2025;14:40:00;4,9; m/s
16-02-2025;14:50:00;4,3; m/s
16-02-2025;15:00:00;4,5; m/s
16-02-2025;15:10:00;5,7; m/s
16-02-2025;15:20:00;5,6; m/s
16-02-2025;15:30:00;6,1; m/s
16-02-2025;15:40:00;5,9; m/s
16-02-2025;15:50:00;5,7; m/s
16-02-2025;16:00:00;6,5; m/s
16-02-2025;16:10:00;7,1; m/s
16-02-2025;16:20:00;7; m/s
16-02-2025;16:30:00;6,9; m/s
16-02-2025;16:40:00;6; m/s
16-02-2025;16:50:00;5,8; m/s
16-02-2025;17:00:00;4,7; m/s
16-02-2025;17:10:00;3,7; m/s
16-02-2025;17:20:00;4; m/s
16-02-2025;17:30:00;4,1; m/s
16-02-2025;17:40:00;3,3; m/s
16-02-2025;17:50:00;2,6; m/s
16-02-2025;18:00:00;2,2; m/s
16-02-2025;18:10:00;3; m/s
16-02-2025;18:20:00;3,4; m/s
16-02-2025;18:30:00;3,8; m/s
16-02-2025;18:40:00;3,5; m/s
16-02-2025;18:50:00;3,3; m/s
16-02-2025;19:00:00;3,3; m/s
16-02-2025;19:10:00;2,6; m/s
16-02-2025;19:20:00;3,3; m/s
16-02-2025;19:30:00;3,6; m/s
16-02-2025;19:40:00;3,7; m/s
16-02-2025;19:50:00;3,8; m/s
16-02-2025;20:00:00;3,9; m/s
16-02-2025;20:10:00;4,1; m/s
16-02-2025;20:20:00;4; m/s
16-02-2025;20:30:00;3,8; m/s
16-02-2025;20:40:00;3,3; m/s
16-02-2025;20:50:00;3,2; m/s
16-02-2025;21:00:00;3,3; m/s
16-02-2025;21:10:00;3,6; m/s
16-02-2025;21:20:00;3,7; m/s
16-02-2025;21:30:00;3,5; m/s
16-02-2025;21:40:00;3,6; m/s
16-02-2025;21:50:00;3,4; m/s
16-02-2025;22:00:00;2,8; m/s
16-02-2025;22:10:00;2,8; m/s
16-02-2025;22:20:00;3; m/s
16-02-2025;22:30:00;2,7; m/s
16-02-2025;22:40:00;2,6; m/s
16-02-2025;22:50:00;2,1; m/s
16-02-2025;23:00:00;2,8; m/s
16-02-2025;23:10:00;2,2; m/s
16-02-2025;23:20:00;2,6; m/s
16-02-2025;23:30:00;2,6; m/s
16-02-2025;23:40:00;2,6; m/s
16-02-2025;23:50:00;2,4; m/s
17-02-2025;00:00:00;2,3; m/s
17-02-2025;00:10:00;2; m/s
17-02-2025;00:20:00;1,6; m/s
17-02-2025;00:30:00;1,4; m/s
17-02-2025;00:40:00;1,2; m/s
17-02-2025;00:50:00;1,4; m/s
17-02-2025;01:00:00;1; m/s
17-02-2025;01:10:00;0,1; m/s
17-02-2025;01:20:00;0,9; m/s
17-02-2025;01:30:00;1; m/s
17-02-2025;01:40:00;0,7; m/s
17-02-2025;01:50:00;1,2; m/s
17-02-2025;02:00:00;1,1; m/s
17-02-2025;02:10:00;1; m/s
17-02-2025;02:20:00;1; m/s
17-02-2025;02:30:00;1,1; m/s
17-02-2025;02:40:00;0,9; m/s
17-02-2025;02:50:00;0,8; m/s
17-02-2025;03:00:00;1; m/s
17-02-2025;03:10:00;1,1; m/s
17-02-2025;03:20:00;1,1; m/s
17-02-2025;03:30:00;1; m/s
17-02-2025;03:40:00;1,4; m/s
17-02-2025;03:50:00;1,8; m/s
17-02-2025;04:00:00;1,4; m/s
17-02-2025;04:10:00;0,3; m/s
17-02-2025;04:20:00;0,3; m/s
17-02-2025;04:30:00;1; m/s
17-02-2025;04:40:00;1,5; m/s
17-02-2025;04:50:00;2,1; m/s
17-02-2025;05:00:00;1,9; m/s
17-02-2025;05:10:00;2; m/s
17-02-2025;05:20:00;2,6; m/s
17-02-2025;05:30:00;3; m/s
17-02-2025;05:40:00;3,2; m/s
17-02-2025;05:50:00;3,5; m/s
17-02-2025;06:00:00;3,9; m/s
17-02-2025;06:10:00;3,8; m/s
17-02-2025;06:20:00;3,6; m/s
17-02-2025;06:30:00;3,4; m/s
17-02-2025;06:40:00;3,7; m/s
17-02-2025;06:50:00;3,4; m/s
17-02-2025;07:00:00;3,7; m/s
17-02-2025;07:10:00;3,4; m/s
17-02-2025;07:20:00;3,7; m/s
17-02-2025;07:30:00;3,5; m/s
17-02-2025;07:40:00;3,2; m/s
17-02-2025;07:50:00;3,2; m/s
17-02-2025;08:00:00;3,3; m/s
17-02-2025;08:10:00;3,2; m/s
17-02-2025;08:20:00;3,1; m/s
17-02-2025;08:30:00;2,9; m/s
17-02-2025;08:40:00;3; m/s
17-02-2025;08:50:00;2,7; m/s
17-02-2025;09:00:00;1,8; m/s
17-02-2025;09:10:00;1,8; m/s
17-02-2025;09:20:00;2,2; m/s
17-02-2025;09:30:00;1,6; m/s
17-02-2025;09:40:00;1,8; m/s
17-02-2025;09:50:00;1,9; m/s
17-02-2025;10:00:00;2,2; m/s
17-02-2025;10:10:00;2,3; m/s
17-02-2025;10:20:00;2,6; m/s
17-02-2025;10:30:00;2,2; m/s
17-02-2025;10:40:00;2,4; m/s
17-02-2025;10:50:00;2,3; m/s
17-02-2025;11:00:00;1,6; m/s
17-02-2025;11:10:00;2,1; m/s
17-02-2025;11:20:00;1,2; m/s
17-02-2025;11:30:00;2,2; m/s
17-02-2025;11:40:00;1,9; m/s
17-02-2025;11:50:00;2,2; m/s
17-02-2025;12:00:00;1,9; m/s
17-02-2025;12:10:00;2,1; m/s
17-02-2025;12:20:00;2; m/s
17-02-2025;12:30:00;1,9; m/s
17-02-2025;12:40:00;2; m/s
17-02-2025;12:50:00;1,9; m/s
17-02-2025;13:00:00;1,7; m/s
17-02-2025;13:10:00;1,8; m/s
17-02-2025;13:20:00;1,8; m/s
17-02-2025;13:30:00;1,9; m/s
17-02-2025;13:40:00;2; m/s
17-02-2025;13:50:00;2,2; m/s
17-02-2025;14:00:00;2,1; m/s
17-02-2025;14:10:00;2,2; m/s
17-02-2025;14:20:00;2,2; m/s
17-02-2025;14:30:00;2,3; m/s
17-02-2025;14:40:00;1,9; m/s
17-02-2025;14:50:00;1,6; m/s
17-02-2025;15:00:00;1,8; m/s
17-02-2025;15:10:00;1,4; m/s
17-02-2025;15:20:00;1,2; m/s
17-02-2025;15:30:00;1,4; m/s
17-02-2025;15:40:00;1,1; m/s
17-02-2025;15:50:00;1; m/s
17-02-2025;16:00:00;0,9; m/s
17-02-2025;16:10:00;1,2; m/s
17-02-2025;16:20:00;1,2; m/s
17-02-2025;16:30:00;1,3; m/s
17-02-2025;16:40:00;1,5; m/s
17-02-2025;16:50:00;1,4; m/s
17-02-2025;17:00:00;1,5; m/s
17-02-2025;17:10:00;3,4; m/s
17-02-2025;17:20:00;4,6; m/s
17-02-2025;17:30:00;4,2; m/s
17-02-2025;17:40:00;4,8; m/s
17-02-2025;17:50:00;4,5; m/s
17-02-2025;18:00:00;2,2; m/s
17-02-2025;18:10:00;2,1; m/s
17-02-2025;18:20:00;2,9; m/s
17-02-2025;18:30:00;2,7; m/s
17-02-2025;18:40:00;2,4; m/s
17-02-2025;18:50:00;2,7; m/s
17-02-2025;19:00:00;3,5; m/s
17-02-2025;19:10:00;3,1; m/s
17-02-2025;19:20:00;3,1; m/s
17-02-2025;19:30:00;2,9; m/s
17-02-2025;19:40:00;3; m/s
17-02-2025;19:50:00;3,1; m/s
17-02-2025;20:00:00;3; m/s
17-02-2025;20:10:00;2,8; m/s
17-02-2025;20:20:00;3,1; m/s
17-02-2025;20:30:00;3,1; m/s
17-02-2025;20:40:00;3,4; m/s
17-02-2025;20:50:00;2,9; m/s
17-02-2025;21:00:00;3,1; m/s
17-02-2025;21:10:00;2,9; m/s
17-02-2025;21:20:00;2,6; m/s
17-02-2025;21:30:00;2,5; m/s
17-02-2025;21:40:00;2,7; m/s
17-02-2025;21:50:00;3,3; m/s
17-02-2025;22:00:00;4,1; m/s
17-02-2025;22:10:00;4,3; m/s
17-02-2025;22:20:00;3,4; m/s
17-02-2025;22:30:00;3,3; m/s
17-02-2025;22:40:00;3,2; m/s
17-02-2025;22:50:00;3,7; m/s
17-02-2025;23:00:00;3,4; m/s
17-02-2025;23:10:00;3,1; m/s
17-02-2025;23:20:00;3,5; m/s
17-02-2025;23:30:00;3,8; m/s
17-02-2025;23:40:00;3,9; m/s
17-02-2025;23:50:00;3,7; m/s
18-02-2025;00:00:00;3,8; m/s
18-02-2025;00:10:00;4; m/s
18-02-2025;00:20:00;3,8; m/s
18-02-2025;00:30:00;3,5; m/s
18-02-2025;00:40:00;3,6; m/s
18-02-2025;00:50:00;3,4; m/s
18-02-2025;01:00:00;3,5; m/s
18-02-2025;01:10:00;3; m/s
18-02-2025;01:20:00;3; m/s
18-02-2025;01:30:00;3,2; m/s
18-02-2025;01:40:00;3,3; m/s
18-02-2025;01:50:00;3,2; m/s
18-02-2025;02:00:00;3,6; m/s
18-02-2025;02:10:00;4; m/s
18-02-2025;02:20:00;3,8; m/s
18-02-2025;02:30:00;4,2; m/s
18-02-2025;02:40:00;3,9; m/s
18-02-2025;02:50:00;4,5; m/s
18-02-2025;03:00:00;4,3; m/s
18-02-2025;03:10:00;4,4; m/s
18-02-2025;03:20:00;4,1; m/s
18-02-2025;03:30:00;3,5; m/s
18-02-2025;03:40:00;3,1; m/s
18-02-2025;03:50:00;2,5; m/s
18-02-2025;04:00:00;2,4; m/s
18-02-2025;04:10:00;2,1; m/s
18-02-2025;04:20:00;1,7; m/s
18-02-2025;04:30:00;1,9; m/s
18-02-2025;04:40:00;2,3; m/s
18-02-2025;04:50:00;3,5; m/s
18-02-2025;05:00:00;3,7; m/s
18-02-2025;05:10:00;3,9; m/s
18-02-2025;05:20:00;4; m/s
18-02-2025;05:30:00;3,6; m/s
18-02-2025;05:40:00;3,5; m/s
18-02-2025;05:50:00;3,5; m/s
18-02-2025;06:00:00;3,7; m/s
18-02-2025;06:10:00;3,9; m/s
18-02-2025;06:20:00;3,1; m/s
18-02-2025;06:30:00;3,1; m/s
18-02-2025;06:40:00;2,7; m/s
18-02-2025;06:50:00;2,8; m/s
18-02-2025;07:00:00;2,8; m/s
18-02-2025;07:10:00;3,7; m/s
18-02-2025;07:20:00;3,6; m/s
18-02-2025;07:30:00;3,6; m/s
18-02-2025;07:40:00;3,2; m/s
18-02-2025;07:50:00;3,6; m/s
18-02-2025;08:00:00;3,2; m/s
18-02-2025;08:10:00;2,6; m/s
18-02-2025;08:20:00;2,3; m/s
18-02-2025;08:30:00;2,4; m/s
18-02-2025;08:40:00;1,7; m/s
18-02-2025;08:50:00;1,7; m/s
18-02-2025;09:00:00;2,2; m/s
18-02-2025;09:10:00;1,7; m/s
18-02-2025;09:20:00;1,7; m/s
18-02-2025;09:30:00;2; m/s
18-02-2025;09:40:00;2,1; m/s
18-02-2025;09:50:00;2; m/s
18-02-2025;10:00:00;2,3; m/s
18-02-2025;10:10:00;2,3; m/s
18-02-2025;10:20:00;2,1; m/s
18-02-2025;10:30:00;2,4; m/s
18-02-2025;10:40:00;2,8; m/s
18-02-2025;10:50:00;2,5; m/s
18-02-2025;11:00:00;2,1; m/s
18-02-2025;11:10:00;2; m/s
18-02-2025;11:20:00;1,4; m/s
18-02-2025;11:30:00;1,5; m/s
18-02-2025;11:40:00;1,9; m/s
18-02-2025;11:50:00;2; m/s
18-02-2025;12:00:00;2,2; m/s
18-02-2025;12:10:00;2,1; m/s
18-02-2025;12:20:00;2,4; m/s
18-02-2025;12:30:00;2; m/s
18-02-2025;12:40:00;2,4; m/s
18-02-2025;12:50:00;2,1; m/s
18-02-2025;13:00:00;1,8; m/s
18-02-2025;13:10:00;2; m/s
18-02-2025;13:20:00;1,8; m/s
18-02-2025;13:30:00;1,5; m/s
18-02-2025;13:40:00;1,7; m/s
18-02-2025;13:50:00;1,8; m/s
18-02-2025;14:00:00;2,3; m/s
18-02-2025;14:10:00;2,8; m/s
18-02-2025;14:20:00;3,5; m/s
18-02-2025;14:30:00;3,4; m/s
18-02-2025;14:40:00;3,7; m/s
18-02-2025;14:50:00;3,5; m/s
18-02-2025;15:00:00;3,5; m/s
18-02-2025;15:10:00;3,4; m/s
18-02-2025;15:20:00;3,6; m/s
18-02-2025;15:30:00;4,1; m/s
18-02-2025;15:40:00;5,3; m/s
18-02-2025;15:50:00;5,2; m/s
18-02-2025;16:00:00;5; m/s
18-02-2025;16:10:00;4,4; m/s
18-02-2025;16:20:00;3,5; m/s
18-02-2025;16:30:00;3,5; m/s
18-02-2025;16:40:00;3,2; m/s
18-02-2025;16:50:00;3,5; m/s
18-02-2025;17:00:00;3,6; m/s
18-02-2025;17:10:00;3,6; m/s
18-02-2025;17:20:00;3,8; m/s
18-02-2025;17:30:00;3,8; m/s
18-02-2025;17:40:00;3,9; m/s
18-02-2025;17:50:00;3,6; m/s
18-02-2025;18:00:00;4,3; m/s
18-02-2025;18:10:00;2,3; m/s
18-02-2025;18:20:00;2,4; m/s
18-02-2025;18:30:00;3,2; m/s
18-02-2025;18:40:00;3; m/s
18-02-2025;18:50:00;3,1; m/s
18-02-2025;19:00:00;2,9; m/s
18-02-2025;19:10:00;2,7; m/s
18-02-2025;19:20:00;2,7; m/s
18-02-2025;19:30:00;3,2; m/s
18-02-2025;19:40:00;3; m/s
18-02-2025;19:50:00;2,9; m/s
18-02-2025;20:00:00;2,4; m/s
18-02-2025;20:10:00;1,7; m/s
18-02-2025;20:20:00;2; m/s
18-02-2025;20:30:00;2,9; m/s
18-02-2025;20:40:00;2,7; m/s
18-02-2025;20:50:00;3; m/s
18-02-2025;21:00:00;3,1; m/s
18-02-2025;21:10:00;3; m/s
18-02-2025;21:20:00;3; m/s
18-02-2025;21:30:00;3,2; m/s
18-02-2025;21:40:00;3,3; m/s
18-02-2025;21:50:00;3; m/s
18-02-2025;22:00:00;2,8; m/s
18-02-2025;22:10:00;2,4; m/s
18-02-2025;22:20:00;2,1; m/s
18-02-2025;22:30:00;2,2; m/s
18-02-2025;22:40:00;2,4; m/s
18-02-2025;22:50:00;2,5; m/s
18-02-2025;23:00:00;3,1; m/s
18-02-2025;23:10:00;2,6; m/s
18-02-2025;23:20:00;2,2; m/s
18-02-2025;23:30:00;2; m/s
18-02-2025;23:40:00;2,2; m/s
18-02-2025;23:50:00;2; m/s
19-02-2025;00:00:00;2,3; m/s
19-02-2025;00:10:00;2,3; m/s
19-02-2025;00:20:00;2,7; m/s
19-02-2025;00:30:00;2,4; m/s
19-02-2025;00:40:00;2,6; m/s
19-02-2025;00:50:00;2,2; m/s
19-02-2025;01:00:00;2,3; m/s
19-02-2025;01:10:00;2,5; m/s
19-02-2025;01:20:00;2,3; m/s
19-02-2025;01:30:00;1,8; m/s
19-02-2025;01:40:00;2,1; m/s
19-02-2025;01:50:00;2,6; m/s
19-02-2025;02:00:00;2,7; m/s
19-02-2025;02:10:00;2,2; m/s
19-02-2025;02:20:00;2,4; m/s
19-02-2025;02:30:00;2,9; m/s
19-02-2025;02:40:00;3; m/s
19-02-2025;02:50:00;3,5; m/s
19-02-2025;03:00:00;3,7; m/s
19-02-2025;03:10:00;3,6; m/s
19-02-2025;03:20:00;3,7; m/s
19-02-2025;03:30:00;3,3; m/s
19-02-2025;03:40:00;3,4; m/s
19-02-2025;03:50:00;2,9; m/s
19-02-2025;04:00:00;3,3; m/s
19-02-2025;04:10:00;3,6; m/s
19-02-2025;04:20:00;3,1; m/s
19-02-2025;04:30:00;3,2; m/s
19-02-2025;04:40:00;3,2; m/s
19-02-2025;04:50:00;2,7; m/s
19-02-2025;05:00:00;3,3; m/s
19-02-2025;05:10:00;3,3; m/s
19-02-2025;05:20:00;2,8; m/s
19-02-2025;05:30:00;3,2; m/s
19-02-2025;05:40:00;3,6; m/s
19-02-2025;05:50:00;3,6; m/s
19-02-2025;06:00:00;4,4; m/s
19-02-2025;06:10:00;2,5; m/s
19-02-2025;06:20:00;3,1; m/s
19-02-2025;06:30:00;3,2; m/s
19-02-2025;06:40:00;4,2; m/s
19-02-2025;06:50:00;4,2; m/s
19-02-2025;07:00:00;3,7; m/s
19-02-2025;07:10:00;3,5; m/s
19-02-2025;07:20:00;3,3; m/s
19-02-2025;07:30:00;4; m/s
19-02-2025;07:40:00;3,8; m/s
19-02-2025;07:50:00;4,5; m/s
19-02-2025;08:00:00;4,3; m/s
19-02-2025;08:10:00;4,2; m/s
19-02-2025;08:20:00;3,8; m/s
19-02-2025;08:30:00;5,4; m/s
19-02-2025;08:40:00;4,5; m/s
19-02-2025;08:50:00;4,7; m/s
19-02-2025;09:00:00;4,9; m/s
19-02-2025;09:10:00;4,8; m/s
19-02-2025;09:20:00;5; m/s
19-02-2025;09:30:00;4,8; m/s
19-02-2025;09:40:00;5,4; m/s
19-02-2025;09:50:00;4,4; m/s
19-02-2025;10:00:00;3,5; m/s
19-02-2025;10:10:00;3,5; m/s
19-02-2025;10:20:00;3,3; m/s
19-02-2025;10:30:00;2,5; m/s
19-02-2025;10:40:00;2,1; m/s
19-02-2025;10:50:00;2,8; m/s
19-02-2025;11:00:00;2,5; m/s
19-02-2025;11:10:00;2,4; m/s
19-02-2025;11:20:00;3,6; m/s
19-02-2025;11:30:00;3,7; m/s
19-02-2025;11:40:00;3,5; m/s
19-02-2025;11:50:00;3,2; m/s
19-02-2025;12:00:00;2,5; m/s
19-02-2025;12:10:00;1,8; m/s
19-02-2025;12:20:00;2,5; m/s
19-02-2025;12:30:00;2; m/s
19-02-2025;12:40:00;2,5; m/s
19-02-2025;12:50:00;2; m/s
19-02-2025;13:00:00;2,2; m/s
19-02-2025;13:10:00;1,5; m/s
19-02-2025;13:20:00;2,2; m/s
19-02-2025;13:30:00;2,8; m/s
19-02-2025;13:40:00;2,5; m/s
19-02-2025;13:50:00;2,2; m/s
19-02-2025;14:00:00;1,7; m/s
19-02-2025;14:10:00;2,2; m/s
19-02-2025;14:20:00;1,9; m/s
19-02-2025;14:30:00;1,7; m/s
19-02-2025;14:40:00;1,6; m/s
19-02-2025;14:50:00;1,8; m/s
19-02-2025;15:00:00;1,6; m/s
19-02-2025;15:10:00;1,4; m/s
19-02-2025;15:20:00;2,1; m/s
19-02-2025;15:30:00;2,8; m/s
19-02-2025;15:40:00;2,4; m/s
19-02-2025;15:50:00;2,2; m/s
19-02-2025;16:00:00;2,4; m/s
19-02-2025;16:10:00;2,3; m/s
19-02-2025;16:20:00;1,7; m/s
19-02-2025;16:30:00;0,8; m/s
19-02-2025;16:40:00;1,9; m/s
19-02-2025;16:50:00;2,1; m/s
19-02-2025;17:00:00;2,2; m/s
19-02-2025;17:10:00;2,2; m/s
19-02-2025;17:20:00;2; m/s
19-02-2025;17:30:00;2,1; m/s
19-02-2025;17:40:00;2,3; m/s
19-02-2025;17:50:00;2,2; m/s
19-02-2025;18:00:00;2,7; m/s
19-02-2025;18:10:00;2,6; m/s
19-02-2025;18:20:00;2,6; m/s
19-02-2025;18:30:00;2,2; m/s
19-02-2025;18:40:00;1,9; m/s
19-02-2025;18:50:00;1,5; m/s
19-02-2025;19:00:00;2,7; m/s
19-02-2025;19:10:00;3,2; m/s
19-02-2025;19:20:00;2,7; m/s
19-02-2025;19:30:00;2,7; m/s
19-02-2025;19:40:00;2,9; m/s
19-02-2025;19:50:00;2,9; m/s
19-02-2025;20:00:00;2,8; m/s
19-02-2025;20:10:00;3; m/s
19-02-2025;20:20:00;3,1; m/s
19-02-2025;20:30:00;2,9; m/s
19-02-2025;20:40:00;2,4; m/s
19-02-2025;20:50:00;2,5; m/s
19-02-2025;21:00:00;2,2; m/s
19-02-2025;21:10:00;2,1; m/s
19-02-2025;21:20:00;2; m/s
19-02-2025;21:30:00;2,5; m/s
19-02-2025;21:40:00;2,5; m/s
19-02-2025;21:50:00;2,9; m/s
19-02-2025;22:00:00;2,8; m/s
19-02-2025;22:10:00;2,1; m/s
19-02-2025;22:20:00;2,4; m/s
19-02-2025;22:30:00;2,6; m/s
19-02-2025;22:40:00;3,1; m/s
19-02-2025;22:50:00;2,7; m/s
19-02-2025;23:00:00;1,9; m/s
19-02-2025;23:10:00;1,4; m/s
19-02-2025;23:20:00;2,4; m/s
19-02-2025;23:30:00;3,3; m/s
19-02-2025;23:40:00;1,9; m/s
19-02-2025;23:50:00;2,5; m/s
20-02-2025;00:00:00;1,7; m/s
20-02-2025;00:10:00;1,5; m/s
20-02-2025;00:20:00;2,8; m/s
20-02-2025;00:30:00;3,2; m/s
20-02-2025;00:40:00;2,4; m/s
20-02-2025;00:50:00;2; m/s
20-02-2025;01:00:00;2,9; m/s
20-02-2025;01:10:00;3; m/s
20-02-2025;01:20:00;2,7; m/s
20-02-2025;01:30:00;2,6; m/s
20-02-2025;01:40:00;2,1; m/s
20-02-2025;01:50:00;2,5; m/s
20-02-2025;02:00:00;2,5; m/s
20-02-2025;02:10:00;2,6; m/s
20-02-2025;02:20:00;3; m/s
20-02-2025;02:30:00;3,1; m/s
20-02-2025;02:40:00;2,8; m/s
20-02-2025;02:50:00;2; m/s
20-02-2025;03:00:00;1,9; m/s
20-02-2025;03:10:00;1,7; m/s
20-02-2025;03:20:00;2,3; m/s
20-02-2025;03:30:00;2,8; m/s
20-02-2025;03:40:00;3; m/s
20-02-2025;03:50:00;2,8; m/s
20-02-2025;04:00:00;2,8; m/s
20-02-2025;04:10:00;3,1; m/s
20-02-2025;04:20:00;3,1; m/s
20-02-2025;04:30:00;3,2; m/s
20-02-2025;04:40:00;3,1; m/s
20-02-2025;04:50:00;3,2; m/s
20-02-2025;05:00:00;3,2; m/s
20-02-2025;05:10:00;3,4; m/s
20-02-2025;05:20:00;3,5; m/s
20-02-2025;05:30:00;3,6; m/s
20-02-2025;05:40:00;3,4; m/s
20-02-2025;05:50:00;3,3; m/s
20-02-2025;06:00:00;3,4; m/s
20-02-2025;06:10:00;3,4; m/s
20-02-2025;06:20:00;3,4; m/s
20-02-2025;06:30:00;3,8; m/s
20-02-2025;06:40:00;4; m/s
20-02-2025;06:50:00;4,1; m/s
20-02-2025;07:00:00;4,5; m/s
20-02-2025;07:10:00;4,4; m/s
20-02-2025;07:20:00;4,2; m/s
20-02-2025;07:30:00;3,5; m/s
20-02-2025;07:40:00;4,2; m/s
20-02-2025;07:50:00;4,1; m/s
20-02-2025;08:00:00;3,5; m/s
20-02-2025;08:10:00;2,9; m/s
20-02-2025;08:20:00;2,8; m/s
20-02-2025;08:30:00;2,2; m/s
20-02-2025;08:40:00;2,2; m/s
20-02-2025;08:50:00;2,1; m/s
20-02-2025;09:00:00;1; m/s
20-02-2025;09:10:00;0,8; m/s
20-02-2025;09:20:00;1,1; m/s
20-02-2025;09:30:00;0,8; m/s
20-02-2025;09:40:00;0,7; m/s
20-02-2025;09:50:00;1,1; m/s
20-02-2025;10:00:00;2,1; m/s
20-02-2025;10:10:00;2,5; m/s
20-02-2025;10:20:00;2; m/s
20-02-2025;10:30:00;1,8; m/s
20-02-2025;10:40:00;1,8; m/s
20-02-2025;10:50:00;1,7; m/s
20-02-2025;11:00:00;1,9; m/s
20-02-2025;11:10:00;1,5; m/s
20-02-2025;11:20:00;1,2; m/s
20-02-2025;11:30:00;1,4; m/s
20-02-2025;11:40:00;1,9; m/s
20-02-2025;11:50:00;1,7; m/s
20-02-2025;12:00:00;1,4; m/s
20-02-2025;12:10:00;1,5; m/s
20-02-2025;12:20:00;1,7; m/s
20-02-2025;12:30:00;1,4; m/s
20-02-2025;12:40:00;1,5; m/s
20-02-2025;12:50:00;1,1; m/s
20-02-2025;13:00:00;1,3; m/s
20-02-2025;13:10:00;1; m/s
20-02-2025;13:20:00;0,8; m/s
20-02-2025;13:30:00;1,1; m/s
20-02-2025;13:40:00;1,2; m/s
20-02-2025;13:50:00;2; m/s
20-02-2025;14:00:00;1; m/s
20-02-2025;14:10:00;1; m/s
20-02-2025;14:20:00;0,8; m/s
20-02-2025;14:30:00;1,3; m/s
20-02-2025;14:40:00;1,8; m/s
20-02-2025;14:50:00;1,8; m/s
20-02-2025;15:00:00;2; m/s
20-02-2025;15:10:00;2; m/s
20-02-2025;15:20:00;2,1; m/s
20-02-2025;15:30:00;1,9; m/s
20-02-2025;15:40:00;1,7; m/s
20-02-2025;15:50:00;1,6; m/s
20-02-2025;16:00:00;1,7; m/s
20-02-2025;16:10:00;1,7; m/s
20-02-2025;16:20:00;1,6; m/s
20-02-2025;16:30:00;1,6; m/s
20-02-2025;16:40:00;1,4; m/s
20-02-2025;16:50:00;1,2; m/s
20-02-2025;17:00:00;1,2; m/s
20-02-2025;17:10:00;0,6; m/s
20-02-2025;17:20:00;1,1; m/s
20-02-2025;17:30:00;0,9; m/s
20-02-2025;17:50:00;0,9; m/s
20-02-2025;18:00:00;2,2; m/s
20-02-2025;18:10:00;2,7; m/s
20-02-2025;18:20:00;3,5; m/s
20-02-2025;18:30:00;3,5; m/s
20-02-2025;18:40:00;3,1; m/s
20-02-2025;18:50:00;2,4; m/s
20-02-2025;19:00:00;2,3; m/s
20-02-2025;19:10:00;2,1; m/s
20-02-2025;19:20:00;2,5; m/s
20-02-2025;19:30:00;2,8; m/s
20-02-2025;19:40:00;2,3; m/s
20-02-2025;19:50:00;2,8; m/s
20-02-2025;20:00:00;3,1; m/s
20-02-2025;20:10:00;3,8; m/s
20-02-2025;20:20:00;3,9; m/s
20-02-2025;20:30:00;3,8; m/s
20-02-2025;20:40:00;3,8; m/s
20-02-2025;20:50:00;3,8; m/s
20-02-2025;21:00:00;3,8; m/s
20-02-2025;21:10:00;4,4; m/s
20-02-2025;21:20:00;4,3; m/s
20-02-2025;21:30:00;4,4; m/s
20-02-2025;21:40:00;4,4; m/s
20-02-2025;21:50:00;4,1; m/s
20-02-2025;22:00:00;3,6; m/s
20-02-2025;22:10:00;3,7; m/s
20-02-2025;22:20:00;2,8; m/s
20-02-2025;22:30:00;3; m/s
20-02-2025;22:40:00;3,7; m/s
20-02-2025;22:50:00;3,4; m/s
20-02-2025;23:00:00;3,8; m/s
20-02-2025;23:10:00;3,2; m/s
20-02-2025;23:20:00;3; m/s
20-02-2025;23:30:00;3,5; m/s
20-02-2025;23:40:00;3,5; m/s
20-02-2025;23:50:00;3,4; m/s
21-02-2025;00:00:00;3,8; m/s
21-02-2025;00:10:00;3,6; m/s
21-02-2025;00:20:00;4,1; m/s
21-02-2025;00:30:00;4,2; m/s
21-02-2025;00:40:00;3,3; m/s
21-02-2025;00:50:00;1,8; m/s
21-02-2025;01:00:00;1,7; m/s
21-02-2025;01:10:00;2,4; m/s
21-02-2025;01:20:00;3,1; m/s
21-02-2025;01:30:00;3,6; m/s
21-02-2025;01:40:00;2,6; m/s
21-02-2025;01:50:00;2,8; m/s
21-02-2025;02:00:00;3; m/s
21-02-2025;02:10:00;2,7; m/s
21-02-2025;02:20:00;3,1; m/s
21-02-2025;02:30:00;3,5; m/s
21-02-2025;02:40:00;4,1; m/s
21-02-2025;02:50:00;4,1; m/s
21-02-2025;03:00:00;3,5; m/s
21-02-2025;03:10:00;3,2; m/s
21-02-2025;03:20:00;2,9; m/s
21-02-2025;03:30:00;2,4; m/s
21-02-2025;03:40:00;2,6; m/s
21-02-2025;03:50:00;2,4; m/s
21-02-2025;04:00:00;2,6; m/s
21-02-2025;04:10:00;2,6; m/s
21-02-2025;04:20:00;2,6; m/s
21-02-2025;04:30:00;2,2; m/s
21-02-2025;04:40:00;2; m/s
21-02-2025;04:50:00;2,3; m/s
21-02-2025;05:00:00;2,6; m/s
21-02-2025;05:10:00;2,7; m/s
21-02-2025;05:20:00;2,8; m/s
21-02-2025;05:30:00;2,3; m/s
21-02-2025;05:40:00;2; m/s
21-02-2025;05:50:00;2,1; m/s
21-02-2025;06:00:00;1,8; m/s
21-02-2025;06:10:00;1,9; m/s
21-02-2025;06:20:00;2,1; m/s
21-02-2025;06:30:00;2,7; m/s
21-02-2025;06:40:00;3,3; m/s
21-02-2025;06:50:00;2,9; m/s
21-02-2025;07:00:00;2,8; m/s
21-02-2025;07:10:00;2,9; m/s
21-02-2025;07:20:00;2,7; m/s
21-02-2025;07:30:00;2; m/s
21-02-2025;07:40:00;2,1; m/s
21-02-2025;07:50:00;1,6; m/s
21-02-2025;08:00:00;1,2; m/s
21-02-2025;08:10:00;1,2; m/s
21-02-2025;08:20:00;1,5; m/s
21-02-2025;08:30:00;1,9; m/s
21-02-2025;08:40:00;1,6; m/s
21-02-2025;08:50:00;1,5; m/s
21-02-2025;09:00:00;1,8; m/s
21-02-2025;09:10:00;0,9; m/s
21-02-2025;09:20:00;1,1; m/s
21-02-2025;09:30:00;1,7; m/s
21-02-2025;09:40:00;1,5; m/s
21-02-2025;09:50:00;1,8; m/s
21-02-2025;10:00:00;1,9; m/s
21-02-2025;10:10:00;1,4; m/s
21-02-2025;10:20:00;1,1; m/s
21-02-2025;10:30:00;1; m/s
21-02-2025;10:40:00;0,9; m/s
21-02-2025;10:50:00;1; m/s
21-02-2025;11:00:00;2; m/s
21-02-2025;11:10:00;2,4; m/s
21-02-2025;11:20:00;2,2; m/s
21-02-2025;11:30:00;2,2; m/s
21-02-2025;11:40:00;1,9; m/s
21-02-2025;11:50:00;1,7; m/s
21-02-2025;12:00:00;2; m/s
21-02-2025;12:10:00;1,7; m/s
21-02-2025;12:20:00;1,6; m/s
21-02-2025;12:30:00;1,6; m/s
21-02-2025;12:40:00;2; m/s
21-02-2025;12:50:00;2,2; m/s
21-02-2025;13:00:00;2,2; m/s
21-02-2025;13:10:00;2,5; m/s
21-02-2025;13:20:00;2,8; m/s
21-02-2025;13:30:00;2,8; m/s
21-02-2025;13:40:00;2,6; m/s
21-02-2025;13:50:00;3,1; m/s
21-02-2025;14:00:00;3,2; m/s
21-02-2025;14:10:00;3,2; m/s
21-02-2025;14:20:00;3,4; m/s
21-02-2025;14:30:00;3,8; m/s
21-02-2025;14:40:00;3,8; m/s
21-02-2025;14:50:00;3,8; m/s
21-02-2025;15:00:00;3,9; m/s
21-02-2025;15:10:00;4,2; m/s
21-02-2025;15:20:00;4,4; m/s
21-02-2025;15:30:00;4,2; m/s
21-02-2025;15:40:00;4,2; m/s
21-02-2025;15:50:00;4,1; m/s
21-02-2025;16:00:00;3,6; m/s
21-02-2025;16:10:00;4,2; m/s
21-02-2025;16:20:00;4,6; m/s
21-02-2025;16:30:00;4,7; m/s
21-02-2025;16:40:00;2; m/s
21-02-2025;16:50:00;5; m/s
21-02-2025;17:00:00;5; m/s
21-02-2025;17:10:00;5; m/s
21-02-2025;17:20:00;4,8; m/s
21-02-2025;17:30:00;4,9; m/s
21-02-2025;17:40:00;4,8; m/s
21-02-2025;17:50:00;4,6; m/s
21-02-2025;18:00:00;3,3; m/s
21-02-2025;18:10:00;3,6; m/s
21-02-2025;18:20:00;4,5; m/s
21-02-2025;18:30:00;3,6; m/s
21-02-2025;18:40:00;3,1; m/s
21-02-2025;18:50:00;1,9; m/s
21-02-2025;19:00:00;2; m/s
21-02-2025;19:10:00;2,6; m/s
21-02-2025;19:20:00;2,3; m/s
21-02-2025;19:30:00;2,6; m/s
21-02-2025;19:40:00;3,3; m/s
21-02-2025;19:50:00;3,3; m/s
21-02-2025;20:00:00;2,9; m/s
21-02-2025;20:10:00;2,7; m/s
21-02-2025;20:20:00;2,8; m/s
21-02-2025;20:30:00;2,9; m/s
21-02-2025;20:40:00;3; m/s
21-02-2025;20:50:00;2,6; m/s
21-02-2025;21:00:00;2,1; m/s
21-02-2025;21:10:00;2; m/s
21-02-2025;21:20:00;2; m/s
21-02-2025;21:30:00;1,9; m/s
21-02-2025;21:40:00;2,3; m/s
21-02-2025;21:50:00;2,5; m/s
21-02-2025;22:00:00;2,6; m/s
21-02-2025;22:10:00;2,4; m/s
21-02-2025;22:20:00;2,8; m/s
21-02-2025;22:30:00;2,8; m/s
21-02-2025;22:40:00;2,9; m/s
21-02-2025;22:50:00;3,2; m/s
21-02-2025;23:00:00;3,3; m/s
21-02-2025;23:10:00;3; m/s
21-02-2025;23:20:00;3,1; m/s
21-02-2025;23:30:00;3,6; m/s
21-02-2025;23:40:00;4; m/s
21-02-2025;23:50:00;3,7; m/s
22-02-2025;00:00:00;3,5; m/s
22-02-2025;00:10:00;3,3; m/s
22-02-2025;00:20:00;3,1; m/s
22-02-2025;00:30:00;3,1; m/s
22-02-2025;00:40:00;3,3; m/s
22-02-2025;00:50:00;3,7; m/s
22-02-2025;01:00:00;3,8; m/s
22-02-2025;01:10:00;3,8; m/s
22-02-2025;01:20:00;3,6; m/s
22-02-2025;01:30:00;3,8; m/s
22-02-2025;01:40:00;3,8; m/s
22-02-2025;01:50:00;3,5; m/s
22-02-2025;02:00:00;3,6; m/s
22-02-2025;02:10:00;3,7; m/s
22-02-2025;02:20:00;3,4; m/s
22-02-2025;02:30:00;3,3; m/s
22-02-2025;02:40:00;3,5; m/s
22-02-2025;02:50:00;3,5; m/s
22-02-2025;03:00:00;3,4; m/s
22-02-2025;03:10:00;3,4; m/s
22-02-2025;03:20:00;3,4; m/s
22-02-2025;03:30:00;3,3; m/s
22-02-2025;03:40:00;3,4; m/s
22-02-2025;03:50:00;3,4; m/s
22-02-2025;04:00:00;3,6; m/s
22-02-2025;04:10:00;3,5; m/s
22-02-2025;04:20:00;3,5; m/s
22-02-2025;04:30:00;3,6; m/s
22-02-2025;04:40:00;3,4; m/s
22-02-2025;04:50:00;3,5; m/s
22-02-2025;05:00:00;3,6; m/s
22-02-2025;05:10:00;3,6; m/s
22-02-2025;05:20:00;3,3; m/s
22-02-2025;05:30:00;3,3; m/s
22-02-2025;05:40:00;3,4; m/s
22-02-2025;05:50:00;3,2; m/s
22-02-2025;06:00:00;3; m/s
22-02-2025;06:10:00;3,1; m/s
22-02-2025;06:20:00;3,2; m/s
22-02-2025;06:30:00;3,2; m/s
22-02-2025;06:40:00;3,1; m/s
22-02-2025;06:50:00;3,5; m/s
22-02-2025;07:00:00;3,5; m/s
22-02-2025;07:10:00;3,6; m/s
22-02-2025;07:20:00;3,4; m/s
22-02-2025;07:30:00;3,4; m/s
22-02-2025;07:40:00;3,5; m/s
22-02-2025;07:50:00;3,2; m/s
22-02-2025;08:00:00;3,1; m/s
22-02-2025;08:10:00;3; m/s
22-02-2025;08:20:00;3,1; m/s
22-02-2025;08:30:00;3,1; m/s
22-02-2025;08:40:00;2,9; m/s
22-02-2025;08:50:00;2,9; m/s
22-02-2025;09:00:00;2,6; m/s
22-02-2025;09:10:00;1,9; m/s
22-02-2025;09:20:00;2,2; m/s
22-02-2025;09:30:00;2,5; m/s
22-02-2025;09:40:00;2,7; m/s
22-02-2025;09:50:00;2,7; m/s
22-02-2025;10:00:00;3,2; m/s
22-02-2025;10:10:00;2,9; m/s
22-02-2025;10:20:00;2,9; m/s
22-02-2025;10:30:00;2,9; m/s
22-02-2025;10:40:00;2,7; m/s
22-02-2025;10:50:00;2,4; m/s
22-02-2025;11:00:00;2,3; m/s
22-02-2025;11:10:00;2,2; m/s
22-02-2025;11:20:00;2,2; m/s
22-02-2025;11:30:00;2,2; m/s
22-02-2025;11:40:00;2,1; m/s
22-02-2025;11:50:00;2; m/s
22-02-2025;12:00:00;1,9; m/s
22-02-2025;12:10:00;1,9; m/s
22-02-2025;12:20:00;2,2; m/s
22-02-2025;12:30:00;2,2; m/s
22-02-2025;12:40:00;2,1; m/s
22-02-2025;12:50:00;2,2; m/s
22-02-2025;13:00:00;2,2; m/s
22-02-2025;13:10:00;2,4; m/s
22-02-2025;13:20:00;2,2; m/s
22-02-2025;13:30:00;2,2; m/s
22-02-2025;13:40:00;2,1; m/s
22-02-2025;13:50:00;2,2; m/s
22-02-2025;14:00:00;2,3; m/s
22-02-2025;14:10:00;2,2; m/s
22-02-2025;14:20:00;2,1; m/s
22-02-2025;14:30:00;2,1; m/s
22-02-2025;14:40:00;1,9; m/s
22-02-2025;14:50:00;2; m/s
22-02-2025;15:00:00;2,2; m/s
22-02-2025;15:10:00;2; m/s
22-02-2025;15:20:00;2,1; m/s
22-02-2025;15:30:00;2,1; m/s
22-02-2025;15:40:00;2,8; m/s
22-02-2025;15:50:00;2,1; m/s
22-02-2025;16:00:00;2; m/s
22-02-2025;16:10:00;2,1; m/s
22-02-2025;16:20:00;2,3; m/s
22-02-2025;16:30:00;2,2; m/s
22-02-2025;16:40:00;2,1; m/s
22-02-2025;16:50:00;1,9; m/s
22-02-2025;17:00:00;2,3; m/s
22-02-2025;17:10:00;2,1; m/s
22-02-2025;17:20:00;2; m/s
22-02-2025;17:30:00;2,6; m/s
22-02-2025;17:40:00;2; m/s
22-02-2025;17:50:00;2,2; m/s
22-02-2025;18:00:00;2,3; m/s
22-02-2025;18:10:00;3; m/s
22-02-2025;18:20:00;2,9; m/s
22-02-2025;18:30:00;2,7; m/s
22-02-2025;18:40:00;2,7; m/s
22-02-2025;18:50:00;2,7; m/s
22-02-2025;19:00:00;3; m/s
22-02-2025;19:10:00;2,7; m/s
22-02-2025;19:20:00;2,7; m/s
22-02-2025;19:30:00;2,8; m/s
22-02-2025;19:40:00;3,2; m/s
22-02-2025;19:50:00;2,5; m/s
22-02-2025;20:00:00;2,1; m/s
22-02-2025;20:10:00;1,7; m/s
22-02-2025;20:20:00;1,6; m/s
22-02-2025;20:30:00;1,6; m/s
22-02-2025;20:40:00;1,4; m/s
22-02-2025;20:50:00;1,3; m/s
22-02-2025;21:00:00;1,2; m/s
22-02-2025;21:10:00;1; m/s
22-02-2025;21:20:00;1; m/s
22-02-2025;21:30:00;1; m/s
22-02-2025;21:40:00;1,1; m/s
22-02-2025;21:50:00;1,1; m/s
22-02-2025;22:00:00;1,2; m/s
22-02-2025;22:10:00;1,5; m/s
22-02-2025;22:20:00;2; m/s
22-02-2025;22:30:00;1,9; m/s
22-02-2025;22:40:00;2,1; m/s
22-02-2025;22:50:00;1,8; m/s
22-02-2025;23:00:00;1,5; m/s
22-02-2025;23:10:00;1,6; m/s
22-02-2025;23:20:00;1,7; m/s
22-02-2025;23:30:00;1,7; m/s
22-02-2025;23:40:00;1,8; m/s
22-02-2025;23:50:00;1,6; m/s
23-02-2025;00:00:00;1,5; m/s
23-02-2025;00:10:00;2; m/s
23-02-2025;00:20:00;2,1; m/s
23-02-2025;00:30:00;2,2; m/s
23-02-2025;00:40:00;2,5; m/s
23-02-2025;00:50:00;2,9; m/s
23-02-2025;01:00:00;2,2; m/s
23-02-2025;01:10:00;2; m/s
23-02-2025;01:20:00;1,7; m/s
23-02-2025;01:30:00;1,8; m/s
23-02-2025;01:40:00;1,8; m/s
23-02-2025;01:50:00;1,6; m/s
23-02-2025;02:00:00;1,7; m/s
23-02-2025;02:10:00;2,1; m/s
23-02-2025;02:20:00;3,4; m/s
23-02-2025;02:30:00;3,3; m/s
23-02-2025;02:40:00;3,2; m/s
23-02-2025;02:50:00;3,2; m/s
23-02-2025;03:00:00;3; m/s
23-02-2025;03:10:00;2,9; m/s
23-02-2025;03:20:00;2,8; m/s
23-02-2025;03:30:00;2,7; m/s
23-02-2025;03:40:00;2,5; m/s
23-02-2025;03:50:00;2,7; m/s
23-02-2025;04:00:00;2,7; m/s
23-02-2025;04:10:00;2,5; m/s
23-02-2025;04:20:00;2,3; m/s
23-02-2025;04:30:00;2,2; m/s
23-02-2025;04:40:00;2,1; m/s
23-02-2025;04:50:00;1,9; m/s
23-02-2025;05:00:00;1,7; m/s
23-02-2025;05:10:00;1,4; m/s
23-02-2025;05:20:00;1,5; m/s
23-02-2025;05:30:00;1,9; m/s
23-02-2025;05:40:00;1,6; m/s
23-02-2025;05:50:00;1,2; m/s
23-02-2025;06:00:00;1,3; m/s
23-02-2025;06:10:00;1,4; m/s
23-02-2025;06:20:00;2,1; m/s
23-02-2025;06:30:00;2; m/s
23-02-2025;06:40:00;1,7; m/s
23-02-2025;06:50:00;1,8; m/s
23-02-2025;07:00:00;1,7; m/s
23-02-2025;07:10:00;1,6; m/s
23-02-2025;07:20:00;1,6; m/s
23-02-2025;07:30:00;1,9; m/s
23-02-2025;07:40:00;2,2; m/s
23-02-2025;07:50:00;1,9; m/s
23-02-2025;08:00:00;1,6; m/s
23-02-2025;08:10:00;1,5; m/s
23-02-2025;08:20:00;1,2; m/s
23-02-2025;08:30:00;1,3; m/s
23-02-2025;08:40:00;1; m/s
23-02-2025;08:50:00;1,2; m/s
23-02-2025;09:00:00;1,3; m/s
23-02-2025;09:10:00;1; m/s
23-02-2025;09:20:00;0,5; m/s
23-02-2025;09:30:00;0,8; m/s
23-02-2025;09:40:00;0,9; m/s
23-02-2025;09:50:00;0,9; m/s
23-02-2025;10:00:00;1,3; m/s
23-02-2025;10:10:00;1,2; m/s
23-02-2025;10:20:00;1,3; m/s
23-02-2025;10:30:00;1,3; m/s
23-02-2025;10:40:00;1,4; m/s
23-02-2025;10:50:00;1,6; m/s
23-02-2025;11:00:00;1,7; m/s
23-02-2025;11:10:00;2,3; m/s
23-02-2025;11:20:00;2,2; m/s
23-02-2025;11:30:00;2,9; m/s
23-02-2025;11:40:00;2,8; m/s
23-02-2025;11:50:00;3,4; m/s
23-02-2025;12:00:00;3,3; m/s
23-02-2025;12:10:00;3,6; m/s
23-02-2025;12:20:00;4,3; m/s
23-02-2025;12:30:00;4,7; m/s
23-02-2025;12:40:00;5,6; m/s
23-02-2025;12:50:00;6,9; m/s
23-02-2025;13:00:00;6,8; m/s
23-02-2025;13:10:00;6,9; m/s
23-02-2025;13:20:00;6,7; m/s
23-02-2025;13:30:00;6,8; m/s
23-02-2025;13:40:00;7,1; m/s
23-02-2025;13:50:00;6,9; m/s
23-02-2025;14:00:00;6,9; m/s
23-02-2025;14:10:00;7,1; m/s
23-02-2025;14:20:00;6,7; m/s
23-02-2025;14:30:00;6; m/s
23-02-2025;14:40:00;5,6; m/s
23-02-2025;14:50:00;5,2; m/s
23-02-2025;15:00:00;5,5; m/s
23-02-2025;15:10:00;5,4; m/s
23-02-2025;15:20:00;5,8; m/s
23-02-2025;15:30:00;6; m/s
23-02-2025;15:40:00;5,5; m/s
23-02-2025;15:50:00;5; m/s
23-02-2025;16:00:00;5,2; m/s
23-02-2025;16:10:00;5,4; m/s
23-02-2025;16:20:00;5,1; m/s
23-02-2025;16:30:00;5,1; m/s
23-02-2025;16:40:00;4,8; m/s
23-02-2025;16:50:00;5,1; m/s
23-02-2025;17:00:00;5,2; m/s
23-02-2025;17:10:00;5,7; m/s
23-02-2025;17:20:00;5,6; m/s
23-02-2025;17:30:00;4,8; m/s
23-02-2025;17:40:00;4,1; m/s
23-02-2025;17:50:00;3,9; m/s
23-02-2025;18:00:00;2,6; m/s
23-02-2025;18:10:00;2,5; m/s
23-02-2025;18:20:00;3,5; m/s
23-02-2025;18:30:00;3,5; m/s
23-02-2025;18:40:00;3,8; m/s
23-02-2025;18:50:00;3,7; m/s
23-02-2025;19:00:00;4,1; m/s
23-02-2025;19:10:00;3,5; m/s
23-02-2025;19:20:00;3,8; m/s
23-02-2025;19:30:00;3,9; m/s
23-02-2025;19:40:00;3,6; m/s
23-02-2025;19:50:00;3,4; m/s
23-02-2025;20:00:00;3,6; m/s
23-02-2025;20:10:00;3,5; m/s
23-02-2025;20:20:00;3,6; m/s
23-02-2025;20:30:00;3,5; m/s
23-02-2025;20:40:00;3,5; m/s
23-02-2025;20:50:00;3,4; m/s
23-02-2025;21:00:00;3,7; m/s
23-02-2025;21:10:00;3,8; m/s
23-02-2025;21:20:00;3,7; m/s
23-02-2025;21:30:00;3,5; m/s
23-02-2025;21:40:00;3,3; m/s
23-02-2025;21:50:00;3,3; m/s
23-02-2025;22:00:00;3,3; m/s
23-02-2025;22:10:00;3,3; m/s
23-02-2025;22:20:00;3,2; m/s
23-02-2025;22:30:00;3; m/s
23-02-2025;22:40:00;2,9; m/s
23-02-2025;22:50:00;2,4; m/s
23-02-2025;23:00:00;1,1; m/s
23-02-2025;23:10:00;0,9; m/s
23-02-2025;23:20:00;0,7; m/s
23-02-2025;23:30:00;0,5; m/s
23-02-2025;23:40:00;1; m/s
23-02-2025;23:50:00;1,3; m/s
24-02-2025;00:00:00;1,8; m/s
24-02-2025;00:10:00;1,8; m/s
24-02-2025;00:20:00;1,5; m/s
24-02-2025;00:30:00;1,7; m/s
24-02-2025;00:40:00;1,8; m/s
24-02-2025;00:50:00;1,7; m/s
24-02-2025;01:00:00;2; m/s
24-02-2025;01:10:00;2,5; m/s
24-02-2025;01:20:00;2,8; m/s
24-02-2025;01:30:00;3; m/s
24-02-2025;01:40:00;3,1; m/s
24-02-2025;01:50:00;2,8; m/s
24-02-2025;02:00:00;2,6; m/s
24-02-2025;02:10:00;2,5; m/s
24-02-2025;02:20:00;2,5; m/s
24-02-2025;02:30:00;2,6; m/s
24-02-2025;02:40:00;2,4; m/s
24-02-2025;02:50:00;2,1; m/s
24-02-2025;03:00:00;2,5; m/s
24-02-2025;03:10:00;2,3; m/s
24-02-2025;03:20:00;2,5; m/s
24-02-2025;03:30:00;2,4; m/s
24-02-2025;03:40:00;2,3; m/s
24-02-2025;03:50:00;2,4; m/s
24-02-2025;04:00:00;2,6; m/s
24-02-2025;04:10:00;2,4; m/s
24-02-2025;04:20:00;2,7; m/s
24-02-2025;04:30:00;2,7; m/s
24-02-2025;04:40:00;2,7; m/s
24-02-2025;04:50:00;2,8; m/s
24-02-2025;05:00:00;3,1; m/s
24-02-2025;05:10:00;3,3; m/s
24-02-2025;05:20:00;3,2; m/s
24-02-2025;05:30:00;3,2; m/s
24-02-2025;05:40:00;2,9; m/s
24-02-2025;05:50:00;2,9; m/s
24-02-2025;06:00:00;2,8; m/s
24-02-2025;06:10:00;2,7; m/s
24-02-2025;06:20:00;2,5; m/s
24-02-2025;06:30:00;3,1; m/s
24-02-2025;06:40:00;2,7; m/s
24-02-2025;06:50:00;2,3; m/s
24-02-2025;07:00:00;2,4; m/s
24-02-2025;07:10:00;2,5; m/s
24-02-2025;07:20:00;2,1; m/s
24-02-2025;07:30:00;1,4; m/s
24-02-2025;07:40:00;1,2; m/s
24-02-2025;07:50:00;1; m/s
24-02-2025;08:00:00;2,2; m/s
24-02-2025;08:10:00;2,2; m/s
24-02-2025;08:20:00;1,2; m/s
24-02-2025;08:30:00;0,8; m/s
24-02-2025;08:40:00;1,3; m/s
24-02-2025;08:50:00;1,5; m/s
24-02-2025;09:00:00;1,2; m/s
24-02-2025;09:10:00;0,8; m/s
24-02-2025;09:20:00;0,9; m/s
24-02-2025;09:30:00;1,1; m/s
24-02-2025;09:40:00;1,4; m/s
24-02-2025;09:50:00;1,5; m/s
24-02-2025;10:00:00;1,3; m/s
24-02-2025;10:10:00;1,2; m/s
24-02-2025;10:20:00;1,3; m/s
24-02-2025;10:30:00;2,4; m/s
24-02-2025;10:40:00;2,3; m/s
24-02-2025;10:50:00;2,1; m/s
24-02-2025;11:00:00;2,9; m/s
24-02-2025;11:10:00;3,6; m/s
24-02-2025;11:20:00;5,6; m/s
24-02-2025;11:30:00;4,9; m/s
24-02-2025;11:40:00;4,7; m/s
24-02-2025;11:50:00;4,4; m/s
24-02-2025;12:00:00;3,8; m/s
24-02-2025;12:10:00;4,2; m/s
24-02-2025;12:20:00;4,3; m/s
24-02-2025;12:30:00;4; m/s
24-02-2025;12:40:00;4; m/s
24-02-2025;12:50:00;4,4; m/s
24-02-2025;13:00:00;4,6; m/s
24-02-2025;13:10:00;4,5; m/s
24-02-2025;13:20:00;4; m/s
24-02-2025;13:30:00;4; m/s
24-02-2025;13:40:00;3,7; m/s
24-02-2025;13:50:00;4,2; m/s
24-02-2025;14:00:00;4,8; m/s
24-02-2025;14:10:00;5,2; m/s
24-02-2025;14:20:00;5,1; m/s
24-02-2025;14:30:00;4,4; m/s
24-02-2025;14:40:00;4,5; m/s
24-02-2025;14:50:00;4,2; m/s
24-02-2025;15:00:00;3,9; m/s
24-02-2025;15:10:00;3,3; m/s
24-02-2025;15:20:00;3,5; m/s
24-02-2025;15:30:00;4; m/s
24-02-2025;15:40:00;4,4; m/s
24-02-2025;15:50:00;3,8; m/s
24-02-2025;16:00:00;3,2; m/s
24-02-2025;16:10:00;2,9; m/s
24-02-2025;16:20:00;2,9; m/s
24-02-2025;16:30:00;3,3; m/s
24-02-2025;16:40:00;3; m/s
24-02-2025;16:50:00;2,9; m/s
24-02-2025;17:00:00;3; m/s
24-02-2025;17:10:00;2,8; m/s
24-02-2025;17:20:00;2,5; m/s
24-02-2025;17:30:00;3; m/s
24-02-2025;17:40:00;3,2; m/s
24-02-2025;17:50:00;2,9; m/s
24-02-2025;18:00:00;3,2; m/s
24-02-2025;18:10:00;3,5; m/s
24-02-2025;18:20:00;3,7; m/s
24-02-2025;18:30:00;3,9; m/s
24-02-2025;18:40:00;3,7; m/s
24-02-2025;18:50:00;3,4; m/s
24-02-2025;19:00:00;3,7; m/s
24-02-2025;19:10:00;3,6; m/s
24-02-2025;19:20:00;3,6; m/s
24-02-2025;19:30:00;3,7; m/s
24-02-2025;19:40:00;3; m/s
24-02-2025;19:50:00;3,6; m/s
24-02-2025;20:00:00;3,5; m/s
24-02-2025;20:10:00;3,1; m/s
24-02-2025;20:20:00;3,1; m/s
24-02-2025;20:30:00;3,1; m/s
24-02-2025;20:40:00;2,5; m/s
24-02-2025;20:50:00;2,4; m/s
24-02-2025;21:00:00;2,2; m/s
24-02-2025;21:10:00;2,8; m/s
24-02-2025;21:20:00;3; m/s
24-02-2025;21:30:00;3; m/s
24-02-2025;21:40:00;2,2; m/s
24-02-2025;21:50:00;1,9; m/s
24-02-2025;22:00:00;1,2; m/s
24-02-2025;22:10:00;1,6; m/s
24-02-2025;22:20:00;1,2; m/s
24-02-2025;22:30:00;0,4; m/s
24-02-2025;22:40:00;0,5; m/s
24-02-2025;22:50:00;0,5; m/s
24-02-2025;23:00:00;1,7; m/s
24-02-2025;23:10:00;1,9; m/s
24-02-2025;23:20:00;1,9; m/s
24-02-2025;23:30:00;1,9; m/s
24-02-2025;23:40:00;1,8; m/s
24-02-2025;23:50:00;2,5; m/s
25-02-2025;00:00:00;2,7; m/s
25-02-2025;00:10:00;2,6; m/s
25-02-2025;00:20:00;2,7; m/s
25-02-2025;00:30:00;2,5; m/s
25-02-2025;00:40:00;1,8; m/s
25-02-2025;00:50:00;2,5; m/s
25-02-2025;01:00:00;2,1; m/s
25-02-2025;01:10:00;2,8; m/s
25-02-2025;01:20:00;2,5; m/s
25-02-2025;01:30:00;2,2; m/s
25-02-2025;01:40:00;2,5; m/s
25-02-2025;01:50:00;2,8; m/s
25-02-2025;02:00:00;3,5; m/s
25-02-2025;02:10:00;3,6; m/s
25-02-2025;02:20:00;3,6; m/s
25-02-2025;02:30:00;4,4; m/s
25-02-2025;02:40:00;4,2; m/s
25-02-2025;02:50:00;4; m/s
25-02-2025;03:00:00;3; m/s
25-02-2025;03:10:00;3,2; m/s
25-02-2025;03:20:00;3,3; m/s
25-02-2025;03:30:00;2; m/s
25-02-2025;03:40:00;3,5; m/s
25-02-2025;03:50:00;2; m/s
25-02-2025;04:00:00;1,4; m/s
25-02-2025;04:10:00;2,4; m/s
25-02-2025;04:20:00;2,7; m/s
25-02-2025;04:30:00;2; m/s
25-02-2025;04:40:00;2,6; m/s
25-02-2025;04:50:00;2,3; m/s
25-02-2025;05:00:00;1,8; m/s
25-02-2025;05:10:00;1,9; m/s
25-02-2025;05:20:00;1,8; m/s
25-02-2025;05:30:00;1,5; m/s
25-02-2025;05:40:00;1,6; m/s
25-02-2025;05:50:00;1,2; m/s
25-02-2025;06:00:00;1,1; m/s
25-02-2025;06:10:00;1,1; m/s
25-02-2025;06:20:00;1,7; m/s
25-02-2025;06:30:00;1,4; m/s
25-02-2025;06:40:00;1,9; m/s
25-02-2025;06:50:00;2,2; m/s
25-02-2025;07:00:00;2,3; m/s
25-02-2025;07:10:00;2,4; m/s
25-02-2025;07:20:00;2,3; m/s
25-02-2025;07:30:00;2,1; m/s
25-02-2025;07:40:00;2; m/s
25-02-2025;07:50:00;2,6; m/s
25-02-2025;08:00:00;3; m/s
25-02-2025;08:10:00;2,8; m/s
25-02-2025;08:20:00;2,7; m/s
25-02-2025;08:30:00;2,7; m/s
25-02-2025;08:40:00;2; m/s
25-02-2025;08:50:00;2; m/s
25-02-2025;09:00:00;2; m/s
25-02-2025;09:10:00;1,8; m/s
25-02-2025;09:20:00;1,3; m/s
25-02-2025;09:30:00;2,1; m/s
25-02-2025;09:40:00;2,2; m/s
25-02-2025;09:50:00;3,1; m/s
25-02-2025;10:00:00;3,3; m/s
25-02-2025;10:10:00;3; m/s
25-02-2025;10:20:00;1,7; m/s
25-02-2025;10:30:00;2,7; m/s
25-02-2025;10:40:00;3,9; m/s
25-02-2025;10:50:00;2,7; m/s
25-02-2025;11:00:00;2,5; m/s
25-02-2025;11:10:00;2,5; m/s
25-02-2025;11:20:00;2; m/s
25-02-2025;11:30:00;2; m/s
25-02-2025;11:40:00;2; m/s
25-02-2025;11:50:00;2; m/s
25-02-2025;12:00:00;2,4; m/s
25-02-2025;12:10:00;2,4; m/s
25-02-2025;12:20:00;1,8; m/s
25-02-2025;12:30:00;2; m/s
25-02-2025;12:40:00;2,2; m/s
25-02-2025;12:50:00;2,6; m/s
25-02-2025;13:00:00;2,3; m/s
25-02-2025;13:10:00;2,2; m/s
25-02-2025;13:20:00;2,2; m/s
25-02-2025;13:30:00;2,3; m/s
25-02-2025;13:40:00;2,3; m/s
25-02-2025;13:50:00;2,6; m/s
25-02-2025;14:00:00;2,5; m/s
25-02-2025;14:10:00;2,4; m/s
25-02-2025;14:20:00;2,5; m/s
25-02-2025;14:30:00;2,5; m/s
25-02-2025;14:40:00;2,7; m/s
25-02-2025;14:50:00;2,5; m/s
25-02-2025;15:00:00;2,5; m/s
25-02-2025;15:10:00;2,2; m/s
25-02-2025;15:20:00;2,3; m/s
25-02-2025;15:30:00;2,4; m/s
25-02-2025;15:40:00;2,2; m/s
25-02-2025;15:50:00;2,8; m/s
25-02-2025;16:00:00;2,3; m/s
25-02-2025;16:10:00;2,8; m/s
25-02-2025;16:20:00;2,5; m/s
25-02-2025;16:30:00;2,7; m/s
25-02-2025;16:40:00;2,4; m/s
25-02-2025;16:50:00;2,6; m/s
25-02-2025;17:00:00;2,6; m/s
25-02-2025;17:10:00;2,5; m/s
25-02-2025;17:20:00;2,8; m/s
25-02-2025;17:30:00;3; m/s
25-02-2025;17:40:00;2,8; m/s
25-02-2025;17:50:00;2,6; m/s
25-02-2025;18:00:00;3,4; m/s
25-02-2025;18:10:00;2,7; m/s
25-02-2025;18:20:00;2,7; m/s
25-02-2025;18:30:00;3,1; m/s
25-02-2025;18:40:00;2,6; m/s
25-02-2025;18:50:00;2,6; m/s
25-02-2025;19:00:00;2,6; m/s
25-02-2025;19:10:00;2,9; m/s
25-02-2025;19:20:00;2,9; m/s
25-02-2025;19:30:00;3,2; m/s
25-02-2025;19:40:00;3; m/s
25-02-2025;19:50:00;2,7; m/s
25-02-2025;20:00:00;2,5; m/s
25-02-2025;20:10:00;2,6; m/s
25-02-2025;20:20:00;2,6; m/s
25-02-2025;20:30:00;2,7; m/s
25-02-2025;20:40:00;3; m/s
25-02-2025;20:50:00;2,4; m/s
25-02-2025;21:00:00;3; m/s
25-02-2025;21:10:00;3,2; m/s
25-02-2025;21:20:00;3,1; m/s
25-02-2025;21:30:00;3,6; m/s
25-02-2025;21:40:00;3; m/s
25-02-2025;21:50:00;2,4; m/s
25-02-2025;22:00:00;2,6; m/s
25-02-2025;22:10:00;2,7; m/s
25-02-2025;22:20:00;3; m/s
25-02-2025;22:30:00;3,2; m/s
25-02-2025;22:40:00;3,4; m/s
25-02-2025;22:50:00;3,9; m/s
25-02-2025;23:00:00;4,1; m/s
25-02-2025;23:10:00;5,2; m/s
25-02-2025;23:20:00;4,3; m/s
25-02-2025;23:30:00;3,4; m/s
25-02-2025;23:40:00;4,1; m/s
25-02-2025;23:50:00;4,4; m/s
26-02-2025;00:00:00;4,2; m/s
26-02-2025;00:10:00;4; m/s
26-02-2025;00:20:00;3,1; m/s
26-02-2025;00:30:00;3,7; m/s
26-02-2025;00:40:00;3,7; m/s
26-02-2025;00:50:00;3,4; m/s
26-02-2025;01:00:00;3,7; m/s
26-02-2025;01:10:00;3,6; m/s
26-02-2025;01:20:00;3; m/s
26-02-2025;01:30:00;2,7; m/s
26-02-2025;01:40:00;3; m/s
26-02-2025;01:50:00;2,6; m/s
26-02-2025;02:00:00;3,1; m/s
26-02-2025;02:10:00;3,8; m/s
26-02-2025;02:20:00;3,6; m/s
26-02-2025;02:30:00;4,8; m/s
26-02-2025;02:40:00;3,3; m/s
26-02-2025;02:50:00;2,9; m/s
26-02-2025;03:00:00;3; m/s
26-02-2025;03:10:00;3,2; m/s
26-02-2025;03:20:00;3,3; m/s
26-02-2025;03:30:00;2,9; m/s
26-02-2025;03:40:00;3,2; m/s
26-02-2025;03:50:00;3,2; m/s
26-02-2025;04:00:00;3; m/s
26-02-2025;04:10:00;3,7; m/s
26-02-2025;04:20:00;4,5; m/s
26-02-2025;04:30:00;4,4; m/s
26-02-2025;04:40:00;3,7; m/s
26-02-2025;04:50:00;3,4; m/s
26-02-2025;05:00:00;3,9; m/s
26-02-2025;05:10:00;3,9; m/s
26-02-2025;05:20:00;4,1; m/s
26-02-2025;05:30:00;4,5; m/s
26-02-2025;05:40:00;4,9; m/s
26-02-2025;05:50:00;5,3; m/s
26-02-2025;06:00:00;4,7; m/s
26-02-2025;06:10:00;4,4; m/s
26-02-2025;06:20:00;4,2; m/s
26-02-2025;06:30:00;4,4; m/s
26-02-2025;06:40:00;4,2; m/s
26-02-2025;06:50:00;4,3; m/s
26-02-2025;07:00:00;4,5; m/s
26-02-2025;07:10:00;5,4; m/s
26-02-2025;07:20:00;6,3; m/s
26-02-2025;07:30:00;6,1; m/s
26-02-2025;07:40:00;5,1; m/s
26-02-2025;07:50:00;3,2; m/s
26-02-2025;08:00:00;3,4; m/s
26-02-2025;08:10:00;4,2; m/s
26-02-2025;08:20:00;4,8; m/s
26-02-2025;08:30:00;4,7; m/s
26-02-2025;08:40:00;4,7; m/s
26-02-2025;08:50:00;3,9; m/s
26-02-2025;09:00:00;4,8; m/s
26-02-2025;09:10:00;5,6; m/s
26-02-2025;09:20:00;6; m/s
26-02-2025;09:30:00;5,6; m/s
26-02-2025;09:40:00;6,7; m/s
26-02-2025;09:50:00;6,4; m/s
26-02-2025;10:00:00;6,3; m/s
26-02-2025;10:10:00;5,6; m/s
26-02-2025;10:20:00;4,5; m/s
26-02-2025;10:30:00;4,6; m/s
26-02-2025;10:40:00;5,1; m/s
26-02-2025;10:50:00;5; m/s
26-02-2025;11:00:00;4,2; m/s
26-02-2025;11:10:00;4,6; m/s
26-02-2025;11:20:00;4,2; m/s
26-02-2025;11:30:00;3,9; m/s
26-02-2025;11:40:00;4,1; m/s
26-02-2025;11:50:00;3,9; m/s
26-02-2025;12:00:00;3,9; m/s
26-02-2025;12:10:00;4,4; m/s
26-02-2025;12:20:00;3,9; m/s
26-02-2025;12:30:00;3,6; m/s
26-02-2025;12:40:00;4; m/s
26-02-2025;12:50:00;4,2; m/s
26-02-2025;13:00:00;3,3; m/s
26-02-2025;13:10:00;3,7; m/s
26-02-2025;13:20:00;2,8; m/s
26-02-2025;13:30:00;2,6; m/s
26-02-2025;13:40:00;2,8; m/s
26-02-2025;13:50:00;3,6; m/s
26-02-2025;14:00:00;3,2; m/s
26-02-2025;14:10:00;2,9; m/s
26-02-2025;14:20:00;3; m/s
26-02-2025;14:30:00;3,2; m/s
26-02-2025;14:40:00;3,4; m/s
26-02-2025;14:50:00;3,5; m/s
26-02-2025;15:00:00;3,5; m/s
26-02-2025;15:10:00;5,1; m/s
26-02-2025;15:20:00;8,3; m/s
26-02-2025;15:30:00;10,1; m/s
26-02-2025;15:40:00;6,7; m/s
26-02-2025;15:50:00;4,7; m/s
26-02-2025;16:00:00;3,6; m/s
26-02-2025;16:10:00;4; m/s
26-02-2025;16:20:00;3,1; m/s
26-02-2025;16:30:00;4,6; m/s
26-02-2025;16:40:00;6,9; m/s
26-02-2025;16:50:00;7,4; m/s
26-02-2025;17:00:00;6,8; m/s
26-02-2025;17:10:00;8,1; m/s
26-02-2025;17:20:00;8,4; m/s
26-02-2025;17:30:00;7,8; m/s
26-02-2025;17:40:00;6; m/s
26-02-2025;17:50:00;3,4; m/s
26-02-2025;18:00:00;3,9; m/s
26-02-2025;18:10:00;3,7; m/s
26-02-2025;18:20:00;3,3; m/s
26-02-2025;18:30:00;2,7; m/s
26-02-2025;18:40:00;2,5; m/s
26-02-2025;18:50:00;3; m/s
26-02-2025;19:00:00;2,9; m/s
26-02-2025;19:10:00;2,4; m/s
26-02-2025;19:20:00;2,3; m/s
26-02-2025;19:30:00;1,7; m/s
26-02-2025;19:40:00;2,5; m/s
26-02-2025;19:50:00;3,8; m/s
26-02-2025;20:00:00;3,4; m/s
26-02-2025;20:10:00;2,9; m/s
26-02-2025;20:20:00;4,2; m/s
26-02-2025;20:30:00;3,6; m/s
26-02-2025;20:40:00;4,2; m/s
26-02-2025;20:50:00;3,5; m/s
26-02-2025;21:00:00;5; m/s
26-02-2025;21:10:00;6,4; m/s
26-02-2025;21:20:00;7,7; m/s
26-02-2025;21:30:00;6,4; m/s
26-02-2025;21:40:00;6,9; m/s
26-02-2025;21:50:00;6,3; m/s
26-02-2025;22:00:00;8,1; m/s
26-02-2025;22:10:00;6; m/s
26-02-2025;22:20:00;3,2; m/s
26-02-2025;22:30:00;4,3; m/s
26-02-2025;22:40:00;4,8; m/s
26-02-2025;22:50:00;3,9; m/s
26-02-2025;23:00:00;3,3; m/s
26-02-2025;23:10:00;3,9; m/s
26-02-2025;23:20:00;4; m/s
26-02-2025;23:30:00;3,5; m/s
26-02-2025;23:40:00;3,7; m/s
26-02-2025;23:50:00;2,8; m/s
27-02-2025;00:00:00;2,2; m/s
27-02-2025;00:10:00;2,5; m/s
27-02-2025;00:20:00;2,5; m/s
27-02-2025;00:30:00;3,4; m/s
27-02-2025;00:40:00;2,3; m/s
27-02-2025;00:50:00;2,3; m/s
27-02-2025;01:00:00;2,6; m/s
27-02-2025;01:10:00;2,4; m/s
27-02-2025;01:20:00;1,9; m/s
27-02-2025;01:30:00;3,1; m/s
27-02-2025;01:40:00;2,9; m/s
27-02-2025;01:50:00;2,4; m/s
27-02-2025;02:00:00;2,8; m/s
27-02-2025;02:10:00;1,5; m/s
27-02-2025;02:20:00;1,1; m/s
27-02-2025;02:30:00;1,1; m/s
27-02-2025;02:40:00;1,2; m/s
27-02-2025;02:50:00;2,2; m/s
27-02-2025;03:00:00;2,9; m/s
27-02-2025;03:10:00;2,7; m/s
27-02-2025;03:20:00;2,7; m/s
27-02-2025;03:30:00;2,6; m/s
27-02-2025;03:40:00;2,4; m/s
27-02-2025;03:50:00;2,3; m/s
27-02-2025;04:00:00;2,9; m/s
27-02-2025;04:10:00;3,2; m/s
27-02-2025;04:20:00;2,6; m/s
27-02-2025;04:30:00;2,5; m/s
27-02-2025;04:40:00;2,9; m/s
27-02-2025;04:50:00;2,8; m/s
27-02-2025;05:00:00;3,5; m/s
27-02-2025;05:10:00;2,8; m/s
27-02-2025;05:20:00;3,4; m/s
27-02-2025;05:30:00;2,5; m/s
27-02-2025;05:40:00;3,3; m/s
27-02-2025;05:50:00;3,3; m/s
27-02-2025;06:00:00;3,6; m/s
27-02-2025;06:10:00;3,4; m/s
27-02-2025;06:20:00;4; m/s
27-02-2025;06:30:00;3,6; m/s
27-02-2025;06:40:00;2,7; m/s
27-02-2025;06:50:00;2,9; m/s
27-02-2025;07:00:00;3; m/s
27-02-2025;07:10:00;3,4; m/s
27-02-2025;07:20:00;3,3; m/s
27-02-2025;07:30:00;3,2; m/s
27-02-2025;07:40:00;3,1; m/s
27-02-2025;07:50:00;3,2; m/s
27-02-2025;08:00:00;2,4; m/s
27-02-2025;08:10:00;2,8; m/s
27-02-2025;08:20:00;2,7; m/s
27-02-2025;08:30:00;2,5; m/s
27-02-2025;08:40:00;1,8; m/s
27-02-2025;08:50:00;2,5; m/s
27-02-2025;09:00:00;2,4; m/s
27-02-2025;09:10:00;2,2; m/s
27-02-2025;09:20:00;2,5; m/s
27-02-2025;09:30:00;2; m/s
27-02-2025;09:40:00;1,8; m/s
27-02-2025;09:50:00;1,6; m/s
27-02-2025;10:00:00;2,3; m/s
27-02-2025;10:10:00;2,4; m/s
27-02-2025;10:20:00;2,3; m/s
27-02-2025;10:30:00;2,2; m/s
27-02-2025;10:40:00;2,2; m/s
27-02-2025;10:50:00;2,2; m/s
27-02-2025;11:00:00;2,2; m/s
27-02-2025;11:10:00;2,2; m/s
27-02-2025;11:20:00;2,4; m/s
27-02-2025;11:30:00;2,4; m/s
27-02-2025;11:40:00;1,8; m/s
27-02-2025;11:50:00;1,7; m/s
27-02-2025;12:00:00;1,7; m/s
27-02-2025;12:10:00;1,4; m/s
27-02-2025;12:20:00;1,6; m/s
27-02-2025;12:30:00;1,6; m/s
27-02-2025;12:40:00;1,9; m/s
27-02-2025;12:50:00;2,7; m/s
27-02-2025;13:00:00;3,5; m/s
27-02-2025;13:10:00;3,7; m/s
27-02-2025;13:20:00;4,1; m/s
27-02-2025;13:30:00;5,3; m/s
27-02-2025;13:40:00;5,7; m/s
27-02-2025;13:50:00;5,8; m/s
27-02-2025;14:00:00;5,3; m/s
27-02-2025;14:10:00;6,2; m/s
27-02-2025;14:20:00;7,1; m/s
27-02-2025;14:30:00;6,9; m/s
27-02-2025;14:40:00;6,5; m/s
27-02-2025;14:50:00;7,1; m/s
27-02-2025;15:00:00;8; m/s
27-02-2025;15:10:00;7,6; m/s
27-02-2025;15:20:00;7; m/s
27-02-2025;15:30:00;6,6; m/s
27-02-2025;15:40:00;7,3; m/s
27-02-2025;15:50:00;6,9; m/s
27-02-2025;16:00:00;7,1; m/s
27-02-2025;16:10:00;6,6; m/s
27-02-2025;16:20:00;5,9; m/s
27-02-2025;16:30:00;5,6; m/s
27-02-2025;16:40:00;6,6; m/s
27-02-2025;16:50:00;6,6; m/s
27-02-2025;17:00:00;7; m/s
27-02-2025;17:10:00;6,8; m/s
27-02-2025;17:20:00;6,4; m/s
27-02-2025;17:30:00;5,8; m/s
27-02-2025;17:40:00;5,9; m/s
27-02-2025;17:50:00;5,8; m/s
27-02-2025;18:00:00;6,2; m/s
27-02-2025;18:10:00;6,4; m/s
27-02-2025;18:20:00;5,8; m/s
27-02-2025;18:30:00;6,3; m/s
27-02-2025;18:40:00;6,3; m/s
27-02-2025;18:50:00;5,4; m/s
27-02-2025;19:00:00;5,5; m/s
27-02-2025;19:10:00;6,3; m/s
27-02-2025;19:20:00;5,1; m/s
27-02-2025;19:30:00;4,4; m/s
27-02-2025;19:40:00;3,2; m/s
27-02-2025;19:50:00;3,4; m/s
27-02-2025;20:00:00;4,1; m/s
27-02-2025;20:10:00;2,9; m/s
27-02-2025;20:20:00;3; m/s
27-02-2025;20:30:00;2,9; m/s
27-02-2025;20:40:00;2,5; m/s
27-02-2025;20:50:00;2,4; m/s
27-02-2025;21:00:00;3; m/s
27-02-2025;21:10:00;2,6; m/s
27-02-2025;21:20:00;2,7; m/s
27-02-2025;21:30:00;3,2; m/s
27-02-2025;21:40:00;3,2; m/s
27-02-2025;21:50:00;3,2; m/s
27-02-2025;22:00:00;2,7; m/s
27-02-2025;22:10:00;2,6; m/s
27-02-2025;22:20:00;3,1; m/s
27-02-2025;22:30:00;2,6; m/s
27-02-2025;22:40:00;2,4; m/s
27-02-2025;22:50:00;2,6; m/s
27-02-2025;23:00:00;3,1; m/s
27-02-2025;23:10:00;2,4; m/s
27-02-2025;23:20:00;3,1; m/s
27-02-2025;23:30:00;3,8; m/s
27-02-2025;23:40:00;5,5; m/s
27-02-2025;23:50:00;6,1; m/s
28-02-2025;00:00:00;6,7; m/s
28-02-2025;00:10:00;7; m/s
28-02-2025;00:20:00;6,5; m/s
28-02-2025;00:30:00;5,4; m/s
28-02-2025;00:40:00;6,4; m/s
28-02-2025;00:50:00;6; m/s
28-02-2025;01:00:00;6; m/s
28-02-2025;01:10:00;5,2; m/s
28-02-2025;01:20:00;4,8; m/s
28-02-2025;01:30:00;4,8; m/s
28-02-2025;01:40:00;4,3; m/s
28-02-2025;01:50:00;4,1; m/s
28-02-2025;02:00:00;3,8; m/s
28-02-2025;02:10:00;3,4; m/s
28-02-2025;02:20:00;3,3; m/s
28-02-2025;02:30:00;3,5; m/s
28-02-2025;02:40:00;4; m/s
28-02-2025;02:50:00;4,8; m/s
28-02-2025;03:00:00;5; m/s
28-02-2025;03:10:00;4,5; m/s
28-02-2025;03:20:00;5; m/s
28-02-2025;03:30:00;4,4; m/s
28-02-2025;03:40:00;3,7; m/s
28-02-2025;03:50:00;3; m/s
28-02-2025;04:00:00;3,2; m/s
28-02-2025;04:10:00;2,1; m/s
28-02-2025;04:20:00;2,3; m/s
28-02-2025;04:30:00;2,2; m/s
28-02-2025;04:40:00;2,9; m/s
28-02-2025;04:50:00;3,1; m/s
28-02-2025;05:00:00;4; m/s
28-02-2025;05:10:00;3,6; m/s
28-02-2025;05:20:00;3,1; m/s
28-02-2025;05:30:00;2,5; m/s
28-02-2025;05:40:00;2,4; m/s
28-02-2025;05:50:00;1,9; m/s
28-02-2025;06:00:00;1,3; m/s
28-02-2025;06:10:00;1,7; m/s
28-02-2025;06:20:00;2,4; m/s
28-02-2025;06:30:00;2,2; m/s
28-02-2025;06:40:00;1,7; m/s
28-02-2025;06:50:00;1,2; m/s
28-02-2025;07:00:00;0,7; m/s
28-02-2025;07:10:00;0,7; m/s
28-02-2025;07:20:00;1; m/s
28-02-2025;07:30:00;1,1; m/s
28-02-2025;07:40:00;1,4; m/s
28-02-2025;07:50:00;0,7; m/s
28-02-2025;08:00:00;0,7; m/s
28-02-2025;08:10:00;0,5; m/s
28-02-2025;08:20:00;0,4; m/s
28-02-2025;08:30:00;0,6; m/s
28-02-2025;08:40:00;0,9; m/s
28-02-2025;08:50:00;1; m/s
28-02-2025;09:00:00;0,7; m/s
28-02-2025;09:10:00;1; m/s
28-02-2025;09:20:00;1,1; m/s
28-02-2025;09:30:00;0,9; m/s
28-02-2025;09:40:00;0,9; m/s
28-02-2025;09:50:00;1; m/s
28-02-2025;10:00:00;0,8; m/s
28-02-2025;10:10:00;1; m/s
28-02-2025;10:20:00;1; m/s
28-02-2025;10:30:00;0,9; m/s
28-02-2025;10:40:00;1,2; m/s
28-02-2025;10:50:00;1,1; m/s
28-02-2025;11:00:00;0,9; m/s
28-02-2025;11:10:00;0,9; m/s
28-02-2025;11:20:00;1,3; m/s
28-02-2025;11:30:00;1,4; m/s
28-02-2025;11:40:00;1,6; m/s
28-02-2025;11:50:00;1,6; m/s
28-02-2025;12:00:00;2; m/s
28-02-2025;12:10:00;1,8; m/s
28-02-2025;12:20:00;2; m/s
28-02-2025;12:30:00;1,8; m/s
28-02-2025;12:40:00;2,1; m/s
28-02-2025;12:50:00;2,1; m/s
28-02-2025;13:00:00;2,2; m/s
28-02-2025;13:10:00;2; m/s
28-02-2025;13:20:00;2,1; m/s
28-02-2025;13:30:00;2,2; m/s
28-02-2025;13:40:00;2,1; m/s
28-02-2025;13:50:00;1,9; m/s
28-02-2025;14:00:00;2; m/s
28-02-2025;14:10:00;2,1; m/s
28-02-2025;14:20:00;1,9; m/s
28-02-2025;14:30:00;2,1; m/s
28-02-2025;14:40:00;2,1; m/s
28-02-2025;14:50:00;2,1; m/s
28-02-2025;15:00:00;2,1; m/s
28-02-2025;15:10:00;2,3; m/s
28-02-2025;15:20:00;2,4; m/s
28-02-2025;15:30:00;2,4; m/s
28-02-2025;15:40:00;2,6; m/s
28-02-2025;15:50:00;2,7; m/s
28-02-2025;16:00:00;2,7; m/s
28-02-2025;16:10:00;2,3; m/s
28-02-2025;16:20:00;2,4; m/s
28-02-2025;16:30:00;2,1; m/s
28-02-2025;16:40:00;2,4; m/s
28-02-2025;16:50:00;2,2; m/s
28-02-2025;17:00:00;2,3; m/s
28-02-2025;17:10:00;2,2; m/s
28-02-2025;17:20:00;2,1; m/s
28-02-2025;17:30:00;2,6; m/s
28-02-2025;17:40:00;1,7; m/s
28-02-2025;17:50:00;2,6; m/s
28-02-2025;18:00:00;2,6; m/s
28-02-2025;18:10:00;2,5; m/s
28-02-2025;18:20:00;2,3; m/s
28-02-2025;18:30:00;2,3; m/s
28-02-2025;18:40:00;1,9; m/s
28-02-2025;18:50:00;2; m/s
28-02-2025;19:00:00;2,2; m/s
28-02-2025;19:10:00;2,1; m/s
28-02-2025;19:20:00;2; m/s
28-02-2025;19:30:00;1,8; m/s
28-02-2025;19:40:00;1,8; m/s
28-02-2025;19:50:00;1,6; m/s
28-02-2025;20:00:00;1,9; m/s
28-02-2025;20:10:00;1,8; m/s
28-02-2025;20:20:00;1,9; m/s
28-02-2025;20:30:00;1,8; m/s
28-02-2025;20:40:00;2,1; m/s
28-02-2025;20:50:00;1,5; m/s
28-02-2025;21:00:00;2; m/s
28-02-2025;21:10:00;2; m/s
28-02-2025;21:20:00;2,5; m/s
28-02-2025;21:30:00;2,6; m/s
28-02-2025;21:40:00;2,7; m/s
28-02-2025;21:50:00;2,6; m/s
28-02-2025;22:00:00;2,6; m/s
28-02-2025;22:10:00;2,5; m/s
28-02-2025;22:20:00;2,5; m/s
28-02-2025;22:30:00;2,6; m/s
28-02-2025;22:40:00;2,5; m/s
28-02-2025;22:50:00;1,7; m/s
28-02-2025;23:00:00;2,1; m/s
28-02-2025;23:10:00;1,5; m/s
28-02-2025;23:20:00;1,9; m/s
28-02-2025;23:30:00;1,8; m/s
28-02-2025;23:40:00;1,8; m/s
28-02-2025;23:50:00;1,5; m/s
01-03-2025;00:00:00;1,4; m/s
01-03-2025;00:10:00;1,5; m/s
01-03-2025;00:20:00;1,7; m/s
01-03-2025;00:30:00;1,8; m/s
01-03-2025;00:40:00;1,9; m/s
01-03-2025;00:50:00;2,2; m/s
01-03-2025;01:00:00;2,6; m/s
01-03-2025;01:10:00;2,6; m/s
01-03-2025;01:20:00;3,1; m/s
01-03-2025;01:30:00;2,9; m/s
01-03-2025;01:40:00;2,9; m/s
01-03-2025;01:50:00;2,7; m/s
01-03-2025;02:00:00;3,2; m/s
01-03-2025;02:10:00;3; m/s
01-03-2025;02:20:00;2,4; m/s
01-03-2025;02:30:00;2,5; m/s
01-03-2025;02:40:00;2,6; m/s
01-03-2025;02:50:00;2,9; m/s
01-03-2025;03:00:00;3,2; m/s
01-03-2025;03:10:00;2,8; m/s
01-03-2025;03:20:00;2,9; m/s
01-03-2025;03:30:00;3; m/s
01-03-2025;03:40:00;3; m/s
01-03-2025;03:50:00;2,8; m/s
01-03-2025;04:00:00;3,1; m/s
01-03-2025;04:10:00;2,8; m/s
01-03-2025;04:20:00;2,6; m/s
01-03-2025;04:30:00;2,8; m/s
01-03-2025;04:40:00;2,8; m/s
01-03-2025;04:50:00;2,4; m/s
01-03-2025;05:00:00;2,3; m/s
01-03-2025;05:10:00;2,2; m/s
01-03-2025;05:20:00;1,8; m/s
01-03-2025;05:30:00;2,2; m/s
01-03-2025;05:40:00;1,3; m/s
01-03-2025;05:50:00;1,1; m/s
01-03-2025;06:00:00;1,4; m/s
01-03-2025;06:10:00;2,1; m/s
01-03-2025;06:20:00;3,1; m/s
01-03-2025;06:30:00;2,8; m/s
01-03-2025;06:40:00;1,9; m/s
01-03-2025;06:50:00;2,4; m/s
01-03-2025;07:00:00;2,5; m/s
01-03-2025;07:10:00;2,4; m/s
01-03-2025;07:20:00;2,5; m/s
01-03-2025;07:30:00;2,7; m/s
01-03-2025;07:40:00;1,6; m/s
01-03-2025;07:50:00;1,3; m/s
01-03-2025;08:00:00;1,8; m/s
01-03-2025;08:10:00;1,5; m/s
01-03-2025;08:20:00;2; m/s
01-03-2025;08:30:00;2,1; m/s
01-03-2025;08:40:00;1,7; m/s
01-03-2025;08:50:00;1,4; m/s
01-03-2025;09:00:00;1,7; m/s
01-03-2025;09:10:00;2; m/s
01-03-2025;09:20:00;2,1; m/s
01-03-2025;09:30:00;2,1; m/s
01-03-2025;09:40:00;2,2; m/s
01-03-2025;09:50:00;2; m/s
01-03-2025;10:00:00;2,1; m/s
01-03-2025;10:10:00;1,9; m/s
01-03-2025;10:20:00;0,8; m/s
01-03-2025;10:30:00;2,5; m/s
01-03-2025;10:40:00;2,1; m/s
01-03-2025;10:50:00;1,3; m/s
01-03-2025;11:00:00;0,8; m/s
01-03-2025;11:10:00;0,8; m/s
01-03-2025;11:20:00;1,3; m/s
01-03-2025;11:30:00;1,9; m/s
01-03-2025;11:40:00;1,2; m/s
01-03-2025;11:50:00;1,6; m/s
01-03-2025;12:00:00;1,4; m/s
01-03-2025;12:10:00;1,4; m/s
01-03-2025;12:20:00;1,1; m/s
01-03-2025;12:30:00;1,4; m/s
01-03-2025;12:40:00;1,8; m/s
01-03-2025;12:50:00;1,9; m/s
01-03-2025;13:00:00;1,6; m/s
01-03-2025;13:10:00;1,9; m/s
01-03-2025;13:20:00;2,3; m/s
01-03-2025;13:30:00;2,1; m/s
01-03-2025;13:40:00;2,8; m/s
01-03-2025;13:50:00;3,2; m/s
01-03-2025;14:00:00;3,1; m/s
01-03-2025;14:10:00;3; m/s
01-03-2025;14:20:00;2,8; m/s
01-03-2025;14:30:00;2,5; m/s
01-03-2025;14:40:00;2,4; m/s
01-03-2025;14:50:00;2,1; m/s
01-03-2025;15:00:00;2,6; m/s
01-03-2025;15:10:00;2,8; m/s
01-03-2025;15:20:00;2,7; m/s
01-03-2025;15:30:00;2,7; m/s
01-03-2025;15:40:00;2,4; m/s
01-03-2025;15:50:00;2,1; m/s
01-03-2025;16:00:00;2; m/s
01-03-2025;16:10:00;2,5; m/s
01-03-2025;16:20:00;2,7; m/s
01-03-2025;16:30:00;2,5; m/s
01-03-2025;16:40:00;3; m/s
01-03-2025;16:50:00;3,7; m/s
01-03-2025;17:00:00;2,9; m/s
01-03-2025;17:10:00;2,1; m/s
01-03-2025;17:20:00;1,6; m/s
01-03-2025;17:30:00;2,3; m/s
01-03-2025;17:40:00;4,1; m/s
01-03-2025;17:50:00;3,3; m/s
01-03-2025;18:00:00;3; m/s
01-03-2025;18:10:00;3,1; m/s
01-03-2025;18:20:00;3,5; m/s
01-03-2025;18:30:00;3,9; m/s
01-03-2025;18:40:00;4,4; m/s
01-03-2025;18:50:00;5; m/s
01-03-2025;19:00:00;4,4; m/s
01-03-2025;19:10:00;5,8; m/s
01-03-2025;19:20:00;5,3; m/s
01-03-2025;19:30:00;4,2; m/s
01-03-2025;19:40:00;4,6; m/s
01-03-2025;19:50:00;4,7; m/s
01-03-2025;20:00:00;5,1; m/s
01-03-2025;20:10:00;4,6; m/s
01-03-2025;20:20:00;5,3; m/s
01-03-2025;20:30:00;5,1; m/s
01-03-2025;20:40:00;4,9; m/s
01-03-2025;20:50:00;4,5; m/s
01-03-2025;21:00:00;4,2; m/s
01-03-2025;21:10:00;3,8; m/s
01-03-2025;21:20:00;3,9; m/s
01-03-2025;21:30:00;4,3; m/s
01-03-2025;21:40:00;3,6; m/s
01-03-2025;21:50:00;3,9; m/s
01-03-2025;22:00:00;3,9; m/s
01-03-2025;22:10:00;3,6; m/s
01-03-2025;22:20:00;3,9; m/s
01-03-2025;22:30:00;3,7; m/s
01-03-2025;22:40:00;3; m/s
01-03-2025;22:50:00;2,8; m/s
01-03-2025;23:00:00;3,2; m/s
01-03-2025;23:10:00;3,4; m/s
01-03-2025;23:20:00;3,6; m/s
01-03-2025;23:30:00;3,2; m/s
01-03-2025;23:40:00;3,6; m/s
01-03-2025;23:50:00;4,1; m/s
02-03-2025;00:00:00;4,9; m/s
02-03-2025;00:10:00;4,9; m/s
02-03-2025;00:20:00;4,7; m/s
02-03-2025;00:30:00;4,4; m/s
02-03-2025;00:40:00;4,9; m/s
02-03-2025;00:50:00;4; m/s
02-03-2025;01:00:00;5,2; m/s
02-03-2025;01:10:00;5,3; m/s
02-03-2025;01:20:00;5,2; m/s
02-03-2025;01:30:00;4,5; m/s
02-03-2025;01:40:00;4,5; m/s
02-03-2025;01:50:00;4,5; m/s
02-03-2025;02:00:00;4,4; m/s
02-03-2025;02:10:00;4,3; m/s
02-03-2025;02:20:00;4,5; m/s
02-03-2025;02:30:00;4,3; m/s
02-03-2025;02:40:00;4,4; m/s
02-03-2025;02:50:00;4,9; m/s
02-03-2025;03:00:00;4,7; m/s
02-03-2025;03:10:00;4,8; m/s
02-03-2025;03:20:00;5,3; m/s
02-03-2025;03:30:00;4,8; m/s
02-03-2025;03:40:00;3,4; m/s
02-03-2025;03:50:00;4,8; m/s
02-03-2025;04:00:00;5,9; m/s
02-03-2025;04:10:00;4,4; m/s
02-03-2025;04:20:00;4,1; m/s
02-03-2025;04:30:00;4,1; m/s
02-03-2025;04:40:00;4,2; m/s
02-03-2025;04:50:00;4,6; m/s
02-03-2025;05:00:00;4,6; m/s
02-03-2025;05:10:00;5,1; m/s
02-03-2025;05:20:00;5,4; m/s
02-03-2025;05:30:00;5,9; m/s
02-03-2025;05:40:00;6,2; m/s
02-03-2025;05:50:00;5,4; m/s
02-03-2025;06:00:00;4,7; m/s
02-03-2025;06:10:00;5,1; m/s
02-03-2025;06:20:00;5,6; m/s
02-03-2025;06:30:00;5,5; m/s
02-03-2025;06:40:00;4,7; m/s
02-03-2025;06:50:00;5,6; m/s
02-03-2025;07:00:00;5,5; m/s
02-03-2025;07:10:00;5,9; m/s
02-03-2025;07:20:00;5,5; m/s
02-03-2025;07:30:00;5,4; m/s
02-03-2025;07:40:00;5,6; m/s
02-03-2025;07:50:00;5,5; m/s
02-03-2025;08:00:00;5,9; m/s
02-03-2025;08:10:00;5,5; m/s
02-03-2025;08:20:00;5,1; m/s
02-03-2025;08:30:00;4,6; m/s
02-03-2025;08:40:00;4,9; m/s
02-03-2025;08:50:00;5,1; m/s
02-03-2025;09:00:00;6,1; m/s
02-03-2025;09:10:00;5,2; m/s
02-03-2025;09:20:00;4; m/s
02-03-2025;09:30:00;3,4; m/s
02-03-2025;09:40:00;4,4; m/s
02-03-2025;09:50:00;4,4; m/s
02-03-2025;10:00:00;4; m/s
02-03-2025;10:10:00;4,4; m/s
02-03-2025;10:20:00;3,6; m/s
02-03-2025;10:30:00;4,1; m/s
02-03-2025;10:40:00;4,4; m/s
02-03-2025;10:50:00;3,9; m/s
02-03-2025;11:00:00;4; m/s
02-03-2025;11:10:00;4,5; m/s
02-03-2025;11:20:00;5,4; m/s
02-03-2025;11:30:00;5,5; m/s
02-03-2025;11:40:00;5; m/s
02-03-2025;11:50:00;5,3; m/s
02-03-2025;12:00:00;5,5; m/s
02-03-2025;12:10:00;5; m/s
02-03-2025;12:20:00;5,2; m/s
02-03-2025;12:30:00;3,7; m/s
02-03-2025;12:40:00;5,6; m/s
02-03-2025;12:50:00;6,5; m/s
02-03-2025;13:00:00;3,4; m/s
02-03-2025;13:10:00;3,8; m/s
02-03-2025;13:20:00;3,3; m/s
02-03-2025;13:30:00;2,4; m/s
02-03-2025;13:40:00;2,3; m/s
02-03-2025;13:50:00;2,4; m/s
02-03-2025;14:00:00;3; m/s
02-03-2025;14:10:00;4; m/s
02-03-2025;14:20:00;3,6; m/s
02-03-2025;14:30:00;2,4; m/s
02-03-2025;14:40:00;2,9; m/s
02-03-2025;14:50:00;4,3; m/s
02-03-2025;15:00:00;5,1; m/s
02-03-2025;15:10:00;6,7; m/s
02-03-2025;15:20:00;8,6; m/s
02-03-2025;15:30:00;6,8; m/s
02-03-2025;15:40:00;7,2; m/s
02-03-2025;15:50:00;7,3; m/s
02-03-2025;16:00:00;8,7; m/s
02-03-2025;16:10:00;9,5; m/s
02-03-2025;16:20:00;9,4; m/s
02-03-2025;16:30:00;9,1; m/s
02-03-2025;16:40:00;8,7; m/s
02-03-2025;16:50:00;9; m/s
02-03-2025;17:00:00;9; m/s
02-03-2025;17:10:00;9,2; m/s
02-03-2025;17:20:00;8,5; m/s
02-03-2025;17:30:00;8,5; m/s
02-03-2025;17:40:00;8,5; m/s
02-03-2025;17:50:00;7,1; m/s
02-03-2025;18:00:00;5,6; m/s
02-03-2025;18:10:00;6,7; m/s
02-03-2025;18:20:00;6,5; m/s
02-03-2025;18:30:00;6,6; m/s
02-03-2025;18:40:00;7; m/s
02-03-2025;18:50:00;6,5; m/s
02-03-2025;19:00:00;7,1; m/s
02-03-2025;19:10:00;7; m/s
02-03-2025;19:20:00;7,6; m/s
02-03-2025;19:30:00;7,1; m/s
02-03-2025;19:40:00;6,9; m/s
02-03-2025;19:50:00;8,7; m/s
02-03-2025;20:00:00;8,6; m/s
02-03-2025;20:10:00;6,7; m/s
02-03-2025;20:20:00;6,5; m/s
02-03-2025;20:30:00;6,3; m/s
02-03-2025;20:40:00;6,7; m/s
02-03-2025;20:50:00;6,3; m/s
02-03-2025;21:00:00;6,6; m/s
02-03-2025;21:10:00;6,2; m/s
02-03-2025;21:20:00;5,9; m/s
02-03-2025;21:30:00;6,3; m/s
02-03-2025;21:40:00;5,6; m/s
02-03-2025;21:50:00;5,6; m/s
02-03-2025;22:00:00;4,5; m/s
02-03-2025;22:10:00;4,5; m/s
02-03-2025;22:20:00;5,1; m/s
02-03-2025;22:30:00;5,7; m/s
02-03-2025;22:40:00;5; m/s
02-03-2025;22:50:00;4,4; m/s
02-03-2025;23:00:00;3,8; m/s
02-03-2025;23:10:00;3,4; m/s
02-03-2025;23:20:00;4,4; m/s
02-03-2025;23:30:00;4,2; m/s
02-03-2025;23:40:00;3,5; m/s
02-03-2025;23:50:00;3,8; m/s
03-03-2025;00:00:00;4; m/s
03-03-2025;00:10:00;4,3; m/s
03-03-2025;00:20:00;4,5; m/s
03-03-2025;00:30:00;3,1; m/s
03-03-2025;00:40:00;3,5; m/s
03-03-2025;00:50:00;3,7; m/s
03-03-2025;01:00:00;6,1; m/s
03-03-2025;01:10:00;7,1; m/s
03-03-2025;01:20:00;5; m/s
03-03-2025;01:30:00;6,5; m/s
03-03-2025;01:40:00;6,5; m/s
03-03-2025;01:50:00;7,7; m/s
03-03-2025;02:00:00;7,5; m/s
03-03-2025;02:10:00;7; m/s
03-03-2025;02:20:00;5,8; m/s
03-03-2025;02:30:00;4,4; m/s
03-03-2025;02:40:00;4,8; m/s
03-03-2025;02:50:00;5,3; m/s
03-03-2025;03:00:00;5,6; m/s
03-03-2025;03:10:00;3,6; m/s
03-03-2025;03:20:00;4,8; m/s
03-03-2025;03:30:00;3,3; m/s
03-03-2025;03:40:00;4; m/s
03-03-2025;03:50:00;4,3; m/s
03-03-2025;04:00:00;3,2; m/s
03-03-2025;04:10:00;4,1; m/s
03-03-2025;04:20:00;5,5; m/s
03-03-2025;04:30:00;6,1; m/s
03-03-2025;04:40:00;6,5; m/s
03-03-2025;04:50:00;5,1; m/s
03-03-2025;05:00:00;5,6; m/s
03-03-2025;05:10:00;6,2; m/s
03-03-2025;05:20:00;5,5; m/s
03-03-2025;05:30:00;6,7; m/s
03-03-2025;05:40:00;6,8; m/s
03-03-2025;05:50:00;6,1; m/s
03-03-2025;06:00:00;6,7; m/s
03-03-2025;06:10:00;7,4; m/s
03-03-2025;06:20:00;8; m/s
03-03-2025;06:30:00;6,2; m/s
03-03-2025;06:40:00;7,3; m/s
03-03-2025;06:50:00;7,5; m/s
03-03-2025;07:00:00;7,7; m/s
03-03-2025;07:10:00;7,7; m/s
03-03-2025;07:20:00;7,2; m/s
03-03-2025;07:30:00;6,4; m/s
03-03-2025;07:40:00;7,6; m/s
03-03-2025;07:50:00;8,1; m/s
03-03-2025;08:00:00;6,3; m/s
03-03-2025;08:10:00;6,8; m/s
03-03-2025;08:20:00;5,4; m/s
03-03-2025;08:30:00;5,5; m/s
03-03-2025;08:40:00;7,1; m/s
03-03-2025;08:50:00;7,5; m/s
03-03-2025;09:00:00;7,4; m/s
03-03-2025;09:10:00;7,1; m/s
03-03-2025;09:20:00;5,3; m/s
03-03-2025;09:30:00;6,1; m/s
03-03-2025;09:40:00;5,8; m/s
03-03-2025;09:50:00;6; m/s
03-03-2025;10:00:00;4,1; m/s
03-03-2025;10:10:00;4,5; m/s
03-03-2025;10:20:00;5,3; m/s
03-03-2025;10:30:00;4,3; m/s
03-03-2025;10:40:00;4,8; m/s
03-03-2025;10:50:00;5,8; m/s
03-03-2025;11:00:00;4,9; m/s
03-03-2025;11:10:00;3,9; m/s
03-03-2025;11:20:00;3,6; m/s
03-03-2025;11:30:00;4,9; m/s
03-03-2025;11:40:00;4,2; m/s
03-03-2025;11:50:00;5; m/s
03-03-2025;12:00:00;4,5; m/s
03-03-2025;12:10:00;4,1; m/s
03-03-2025;12:20:00;3,1; m/s
03-03-2025;12:30:00;3,2; m/s
03-03-2025;12:40:00;2,6; m/s
03-03-2025;12:50:00;3,1; m/s
03-03-2025;13:00:00;2,9; m/s
03-03-2025;13:10:00;2,1; m/s
03-03-2025;13:20:00;2,8; m/s
03-03-2025;13:30:00;2,4; m/s
03-03-2025;13:40:00;2; m/s
03-03-2025;13:50:00;1,8; m/s
03-03-2025;14:00:00;2,7; m/s
03-03-2025;14:10:00;2,4; m/s
03-03-2025;14:20:00;3,2; m/s
03-03-2025;14:30:00;2; m/s
03-03-2025;14:40:00;2,6; m/s
03-03-2025;14:50:00;2,1; m/s
03-03-2025;15:00:00;2,5; m/s
03-03-2025;15:10:00;2,6; m/s
03-03-2025;15:20:00;2,7; m/s
03-03-2025;15:30:00;3,7; m/s
03-03-2025;15:40:00;4,4; m/s
03-03-2025;15:50:00;3,9; m/s
03-03-2025;16:00:00;4; m/s
03-03-2025;16:10:00;3,4; m/s
03-03-2025;16:20:00;3,8; m/s
03-03-2025;16:30:00;4,4; m/s
03-03-2025;16:40:00;5; m/s
03-03-2025;16:50:00;4,6; m/s
03-03-2025;17:00:00;6; m/s
03-03-2025;17:10:00;6; m/s
03-03-2025;17:20:00;5,2; m/s
03-03-2025;17:30:00;5,1; m/s
03-03-2025;17:40:00;6; m/s
03-03-2025;17:50:00;6,9; m/s
03-03-2025;18:00:00;5,6; m/s
03-03-2025;18:10:00;5,1; m/s
03-03-2025;18:20:00;3,7; m/s
03-03-2025;18:30:00;4,4; m/s
03-03-2025;18:40:00;3,7; m/s
03-03-2025;18:50:00;4,1; m/s
03-03-2025;19:00:00;4,4; m/s
03-03-2025;19:10:00;4; m/s
03-03-2025;19:20:00;3,8; m/s
03-03-2025;19:30:00;4,3; m/s
03-03-2025;19:40:00;3,9; m/s
03-03-2025;19:50:00;6; m/s
03-03-2025;20:00:00;5,9; m/s
03-03-2025;20:10:00;7,3; m/s
03-03-2025;20:20:00;6,1; m/s
03-03-2025;20:30:00;6,3; m/s
03-03-2025;20:40:00;7,4; m/s
03-03-2025;20:50:00;7,5; m/s
03-03-2025;21:00:00;6,6; m/s
03-03-2025;21:10:00;8,4; m/s
03-03-2025;21:20:00;7,7; m/s
03-03-2025;21:30:00;6; m/s
03-03-2025;21:40:00;6,6; m/s
03-03-2025;21:50:00;4,8; m/s
03-03-2025;22:00:00;3,5; m/s
03-03-2025;22:10:00;3,6; m/s
03-03-2025;22:20:00;4,6; m/s
03-03-2025;22:30:00;3,2; m/s
03-03-2025;22:40:00;4,1; m/s
03-03-2025;22:50:00;4,1; m/s
03-03-2025;23:00:00;4,4; m/s
03-03-2025;23:10:00;3,5; m/s
03-03-2025;23:20:00;3,3; m/s
03-03-2025;23:30:00;3; m/s
03-03-2025;23:40:00;3,5; m/s
03-03-2025;23:50:00;2,7; m/s
04-03-2025;00:00:00;2,9; m/s
04-03-2025;00:10:00;3,1; m/s
04-03-2025;00:20:00;3,3; m/s
04-03-2025;00:30:00;2,9; m/s
04-03-2025;00:40:00;2,7; m/s
04-03-2025;00:50:00;2,4; m/s
04-03-2025;01:00:00;2,2; m/s
04-03-2025;01:10:00;1,5; m/s
04-03-2025;01:20:00;1,6; m/s
04-03-2025;01:30:00;2,5; m/s
04-03-2025;01:40:00;3,7; m/s
04-03-2025;01:50:00;3; m/s
04-03-2025;02:00:00;2,7; m/s
04-03-2025;02:10:00;4,6; m/s
04-03-2025;02:20:00;2,2; m/s
04-03-2025;02:30:00;3,9; m/s
04-03-2025;02:40:00;3,7; m/s
04-03-2025;02:50:00;3,7; m/s
04-03-2025;03:00:00;3,3; m/s
04-03-2025;03:10:00;3,9; m/s
04-03-2025;03:20:00;3,5; m/s
04-03-2025;03:30:00;2,7; m/s
04-03-2025;03:40:00;2,3; m/s
04-03-2025;03:50:00;2,4; m/s
04-03-2025;04:00:00;2; m/s
04-03-2025;04:10:00;2,8; m/s
04-03-2025;04:20:00;2,7; m/s
04-03-2025;04:30:00;3,9; m/s
04-03-2025;04:40:00;4,2; m/s
04-03-2025;04:50:00;4,5; m/s
04-03-2025;05:00:00;5,1; m/s
04-03-2025;05:10:00;5,8; m/s
04-03-2025;05:20:00;5,4; m/s
04-03-2025;05:30:00;5,4; m/s
04-03-2025;05:40:00;4,9; m/s
04-03-2025;05:50:00;4,8; m/s
04-03-2025;06:00:00;5,2; m/s
04-03-2025;06:10:00;4,8; m/s
04-03-2025;06:20:00;4; m/s
04-03-2025;06:30:00;4,4; m/s
04-03-2025;06:40:00;4,3; m/s
04-03-2025;06:50:00;4; m/s
04-03-2025;07:00:00;4; m/s
04-03-2025;07:10:00;2,8; m/s
04-03-2025;07:20:00;2; m/s
04-03-2025;07:30:00;2,2; m/s
04-03-2025;07:40:00;2,3; m/s
04-03-2025;07:50:00;2,7; m/s
04-03-2025;08:00:00;2,4; m/s
04-03-2025;08:10:00;1,5; m/s
04-03-2025;08:20:00;1,8; m/s
04-03-2025;08:30:00;2,4; m/s
04-03-2025;08:40:00;1,9; m/s
04-03-2025;08:50:00;1,5; m/s
04-03-2025;09:00:00;1,5; m/s
04-03-2025;09:10:00;1,2; m/s
04-03-2025;09:20:00;1,8; m/s
04-03-2025;09:30:00;1,3; m/s
04-03-2025;09:40:00;1,5; m/s
04-03-2025;09:50:00;1,9; m/s
04-03-2025;10:00:00;1,8; m/s
04-03-2025;10:10:00;1,9; m/s
04-03-2025;10:20:00;1,9; m/s
04-03-2025;10:30:00;1,9; m/s
04-03-2025;10:40:00;1,6; m/s
04-03-2025;10:50:00;1,7; m/s
04-03-2025;11:00:00;1,7; m/s
04-03-2025;11:10:00;1,9; m/s
04-03-2025;11:20:00;1,7; m/s
04-03-2025;11:30:00;1,8; m/s
04-03-2025;11:40:00;2,6; m/s
04-03-2025;11:50:00;2,5; m/s
04-03-2025;12:00:00;2,7; m/s
04-03-2025;12:10:00;2,8; m/s
04-03-2025;12:20:00;3; m/s
04-03-2025;12:30:00;3,1; m/s
04-03-2025;12:40:00;1,8; m/s
04-03-2025;12:50:00;2,1; m/s
04-03-2025;13:00:00;2,7; m/s
04-03-2025;13:10:00;3; m/s
04-03-2025;13:20:00;2,6; m/s
04-03-2025;13:30:00;3,3; m/s
04-03-2025;13:40:00;2,7; m/s
04-03-2025;13:50:00;2,8; m/s
04-03-2025;14:00:00;3,1; m/s
04-03-2025;14:10:00;3,2; m/s
04-03-2025;14:20:00;2,8; m/s
04-03-2025;14:30:00;2,7; m/s
04-03-2025;14:40:00;3; m/s
04-03-2025;14:50:00;3; m/s
04-03-2025;15:00:00;3,7; m/s
04-03-2025;15:10:00;3,7; m/s
04-03-2025;15:20:00;2,5; m/s
04-03-2025;15:30:00;2,4; m/s
04-03-2025;15:40:00;2,5; m/s
04-03-2025;15:50:00;2,4; m/s
04-03-2025;16:00:00;2,5; m/s
04-03-2025;16:10:00;3; m/s
04-03-2025;16:20:00;3; m/s
04-03-2025;16:30:00;3,4; m/s
04-03-2025;16:40:00;3,3; m/s
04-03-2025;16:50:00;4; m/s
04-03-2025;17:00:00;4,1; m/s
04-03-2025;17:10:00;3,7; m/s
04-03-2025;17:20:00;4,7; m/s
04-03-2025;17:30:00;5,5; m/s
04-03-2025;17:40:00;5,9; m/s
04-03-2025;17:50:00;5,8; m/s
04-03-2025;18:00:00;6; m/s
04-03-2025;18:10:00;4,9; m/s
04-03-2025;18:20:00;3,9; m/s
04-03-2025;18:30:00;3,9; m/s
04-03-2025;18:40:00;4,2; m/s
04-03-2025;18:50:00;4; m/s
04-03-2025;19:00:00;3,9; m/s
04-03-2025;19:10:00;4,6; m/s
04-03-2025;19:20:00;4,5; m/s
04-03-2025;19:30:00;3,8; m/s
04-03-2025;19:40:00;3; m/s
04-03-2025;19:50:00;2,5; m/s
04-03-2025;20:00:00;3,3; m/s
04-03-2025;20:10:00;3,4; m/s
04-03-2025;20:20:00;3,7; m/s
04-03-2025;20:30:00;4,1; m/s
04-03-2025;20:40:00;3,7; m/s
04-03-2025;20:50:00;3,4; m/s
04-03-2025;21:00:00;3; m/s
04-03-2025;21:10:00;2,9; m/s
04-03-2025;21:20:00;3,1; m/s
04-03-2025;21:30:00;2,3; m/s
04-03-2025;21:40:00;3,5; m/s
04-03-2025;21:50:00;3,8; m/s
04-03-2025;22:00:00;3,5; m/s
04-03-2025;22:10:00;2,9; m/s
04-03-2025;22:20:00;3,4; m/s
04-03-2025;22:30:00;2,7; m/s
04-03-2025;22:40:00;3,2; m/s
04-03-2025;22:50:00;2,7; m/s
04-03-2025;23:00:00;3,9; m/s
04-03-2025;23:10:00;4; m/s
04-03-2025;23:20:00;3,8; m/s
04-03-2025;23:30:00;4,4; m/s
04-03-2025;23:40:00;3,9; m/s
04-03-2025;23:50:00;3,2; m/s
05-03-2025;00:00:00;2,7; m/s
05-03-2025;00:10:00;2,5; m/s
05-03-2025;00:20:00;1,8; m/s
05-03-2025;00:30:00;0,9; m/s
05-03-2025;00:40:00;1,9; m/s
05-03-2025;00:50:00;2,8; m/s
05-03-2025;01:00:00;2,6; m/s
05-03-2025;01:10:00;3; m/s
05-03-2025;01:20:00;2,4; m/s
05-03-2025;01:30:00;2,2; m/s
05-03-2025;01:40:00;2,8; m/s
05-03-2025;01:50:00;2,3; m/s
05-03-2025;02:00:00;2,1; m/s
05-03-2025;02:10:00;1,8; m/s
05-03-2025;02:20:00;1,7; m/s
05-03-2025;02:30:00;2,2; m/s
05-03-2025;02:40:00;2,3; m/s
05-03-2025;02:50:00;2,1; m/s
05-03-2025;03:00:00;2,2; m/s
05-03-2025;03:10:00;2; m/s
05-03-2025;03:20:00;1,4; m/s
05-03-2025;03:30:00;1,6; m/s
05-03-2025;03:40:00;2; m/s
05-03-2025;03:50:00;1,6; m/s
05-03-2025;04:00:00;1,7; m/s
05-03-2025;04:10:00;1,7; m/s
05-03-2025;04:20:00;1,3; m/s
05-03-2025;04:30:00;1,4; m/s
05-03-2025;04:40:00;2,2; m/s
05-03-2025;04:50:00;2,8; m/s
05-03-2025;05:00:00;2,5; m/s
05-03-2025;05:10:00;2,5; m/s
05-03-2025;05:20:00;2,6; m/s
05-03-2025;05:30:00;2,6; m/s
05-03-2025;05:40:00;3; m/s
05-03-2025;05:50:00;3,2; m/s
05-03-2025;06:00:00;3,7; m/s
05-03-2025;06:10:00;2,7; m/s
05-03-2025;06:20:00;1,7; m/s
05-03-2025;06:30:00;1,2; m/s
05-03-2025;06:40:00;1,5; m/s
05-03-2025;06:50:00;0,9; m/s
05-03-2025;07:00:00;1,5; m/s
05-03-2025;07:10:00;2; m/s
05-03-2025;07:20:00;1,9; m/s
05-03-2025;07:30:00;1,9; m/s
05-03-2025;07:40:00;1,1; m/s
05-03-2025;07:50:00;1,2; m/s
05-03-2025;08:00:00;1,7; m/s
05-03-2025;08:10:00;1,6; m/s
05-03-2025;08:20:00;1,8; m/s
05-03-2025;08:30:00;1,2; m/s
05-03-2025;08:40:00;1,7; m/s
05-03-2025;08:50:00;1,8; m/s
05-03-2025;09:00:00;2; m/s
05-03-2025;09:10:00;1,3; m/s
05-03-2025;09:20:00;0,7; m/s
05-03-2025;09:30:00;0,7; m/s
05-03-2025;09:40:00;0,9; m/s
05-03-2025;09:50:00;1,8; m/s
05-03-2025;10:00:00;1,5; m/s
05-03-2025;10:10:00;1,7; m/s
05-03-2025;10:20:00;1,6; m/s
05-03-2025;10:30:00;1,8; m/s
05-03-2025;10:40:00;1,6; m/s
05-03-2025;10:50:00;1,8; m/s
05-03-2025;11:00:00;1,7; m/s
05-03-2025;11:10:00;1,6; m/s
05-03-2025;11:20:00;1,5; m/s
05-03-2025;11:30:00;1,5; m/s
05-03-2025;11:40:00;1,9; m/s
05-03-2025;11:50:00;2,1; m/s
05-03-2025;12:00:00;2; m/s
05-03-2025;12:10:00;2,2; m/s
05-03-2025;12:20:00;2,5; m/s
05-03-2025;12:30:00;1,6; m/s
05-03-2025;12:40:00;1,9; m/s
05-03-2025;12:50:00;1,9; m/s
05-03-2025;13:00:00;2,4; m/s
05-03-2025;13:10:00;2,5; m/s
05-03-2025;13:20:00;2,1; m/s
05-03-2025;13:30:00;2,3; m/s
05-03-2025;13:40:00;2,6; m/s
05-03-2025;13:50:00;2,3; m/s
05-03-2025;14:00:00;2,7; m/s
05-03-2025;14:10:00;3,4; m/s
05-03-2025;14:20:00;2,9; m/s
05-03-2025;14:30:00;3,2; m/s
05-03-2025;14:40:00;3,3; m/s
05-03-2025;14:50:00;2,8; m/s
05-03-2025;15:00:00;3,2; m/s
05-03-2025;15:10:00;3,4; m/s
05-03-2025;15:20:00;3,7; m/s
05-03-2025;15:30:00;4,3; m/s
05-03-2025;15:40:00;4,2; m/s
05-03-2025;15:50:00;4,6; m/s
05-03-2025;16:00:00;4,8; m/s
05-03-2025;16:10:00;4,5; m/s
05-03-2025;16:20:00;4,4; m/s
05-03-2025;16:30:00;4,6; m/s
05-03-2025;16:40:00;4,8; m/s
05-03-2025;16:50:00;4,8; m/s
05-03-2025;17:00:00;4,7; m/s
05-03-2025;17:10:00;4,9; m/s
05-03-2025;17:20:00;5,3; m/s
05-03-2025;17:30:00;5,5; m/s
05-03-2025;17:40:00;5,5; m/s
05-03-2025;17:50:00;5,7; m/s
05-03-2025;18:00:00;5,6; m/s
05-03-2025;18:10:00;5,2; m/s
05-03-2025;18:20:00;3,5; m/s
05-03-2025;18:30:00;4,4; m/s
05-03-2025;18:40:00;3,4; m/s
05-03-2025;18:50:00;3,3; m/s
05-03-2025;19:00:00;3,5; m/s
05-03-2025;19:10:00;3,5; m/s
05-03-2025;19:20:00;3,6; m/s
05-03-2025;19:30:00;3,4; m/s
05-03-2025;19:40:00;3,2; m/s
05-03-2025;20:00:00;3,2; m/s
05-03-2025;20:10:00;3,5; m/s
05-03-2025;20:20:00;3,4; m/s
05-03-2025;20:30:00;3,1; m/s
05-03-2025;20:40:00;2,6; m/s
05-03-2025;20:50:00;2,4; m/s
05-03-2025;21:00:00;2,3; m/s
05-03-2025;21:10:00;2; m/s
05-03-2025;21:20:00;1,4; m/s
05-03-2025;21:30:00;1,1; m/s
05-03-2025;21:40:00;1; m/s
05-03-2025;21:50:00;1,3; m/s
05-03-2025;22:00:00;2; m/s
05-03-2025;22:10:00;1,6; m/s
05-03-2025;22:20:00;0,8; m/s
05-03-2025;22:30:00;0,7; m/s
05-03-2025;22:40:00;0,7; m/s
05-03-2025;22:50:00;0; m/s
05-03-2025;23:00:00;1,1; m/s
05-03-2025;23:10:00;1,7; m/s
05-03-2025;23:20:00;2,4; m/s
05-03-2025;23:30:00;2,7; m/s
05-03-2025;23:40:00;2,8; m/s
05-03-2025;23:50:00;2,9; m/s
06-03-2025;00:00:00;2,8; m/s
06-03-2025;00:10:00;2,3; m/s
06-03-2025;00:20:00;2,1; m/s
06-03-2025;00:30:00;1,5; m/s
06-03-2025;00:40:00;2,3; m/s
06-03-2025;00:50:00;2,7; m/s
06-03-2025;01:00:00;2,1; m/s
06-03-2025;01:10:00;2,3; m/s
06-03-2025;01:20:00;2,1; m/s
06-03-2025;01:30:00;2,9; m/s
06-03-2025;01:40:00;2,8; m/s
06-03-2025;01:50:00;3,2; m/s
06-03-2025;02:00:00;3,4; m/s
06-03-2025;02:10:00;3,3; m/s
06-03-2025;02:20:00;3,1; m/s
06-03-2025;02:30:00;3,1; m/s
06-03-2025;02:40:00;2,6; m/s
06-03-2025;02:50:00;2,1; m/s
06-03-2025;03:00:00;2,1; m/s
06-03-2025;03:10:00;2,1; m/s
06-03-2025;03:20:00;2,1; m/s
06-03-2025;03:30:00;1,4; m/s
06-03-2025;03:40:00;2,2; m/s
06-03-2025;03:50:00;2,1; m/s
06-03-2025;04:00:00;2,5; m/s
06-03-2025;04:10:00;2,3; m/s
06-03-2025;04:20:00;2,6; m/s
06-03-2025;04:30:00;2,9; m/s
06-03-2025;04:40:00;2,9; m/s
06-03-2025;04:50:00;2,2; m/s
06-03-2025;05:00:00;1,8; m/s
06-03-2025;05:10:00;1,7; m/s
06-03-2025;05:20:00;1,1; m/s
06-03-2025;05:30:00;1,2; m/s
06-03-2025;05:40:00;1,2; m/s
06-03-2025;05:50:00;1,5; m/s
06-03-2025;06:00:00;1,3; m/s
06-03-2025;06:10:00;1; m/s
06-03-2025;06:20:00;1,1; m/s
06-03-2025;06:30:00;0,9; m/s
06-03-2025;06:40:00;1,4; m/s
06-03-2025;06:50:00;1,9; m/s
06-03-2025;07:00:00;2,5; m/s
06-03-2025;07:10:00;1,5; m/s
06-03-2025;07:20:00;0,8; m/s
06-03-2025;07:30:00;1,8; m/s
06-03-2025;07:40:00;1,7; m/s
06-03-2025;07:50:00;0,9; m/s
06-03-2025;08:00:00;0,9; m/s
06-03-2025;08:10:00;0,4; m/s
06-03-2025;08:20:00;0,5; m/s
06-03-2025;08:30:00;1,3; m/s
06-03-2025;08:40:00;1,4; m/s
06-03-2025;08:50:00;1,5; m/s
06-03-2025;09:00:00;1,3; m/s
06-03-2025;09:10:00;1,2; m/s
06-03-2025;09:20:00;1,5; m/s
06-03-2025;09:30:00;1,8; m/s
06-03-2025;09:40:00;1,4; m/s
06-03-2025;09:50:00;1,5; m/s
06-03-2025;10:00:00;1,4; m/s
06-03-2025;10:10:00;1,3; m/s
06-03-2025;10:20:00;1,3; m/s
06-03-2025;10:30:00;1,3; m/s
06-03-2025;10:40:00;1,5; m/s
06-03-2025;10:50:00;1,4; m/s
06-03-2025;11:00:00;1,4; m/s
06-03-2025;11:10:00;1,6; m/s
06-03-2025;11:20:00;2; m/s
06-03-2025;11:30:00;2,2; m/s
06-03-2025;11:40:00;2,5; m/s
06-03-2025;11:50:00;2,3; m/s
06-03-2025;12:00:00;2,1; m/s
06-03-2025;12:10:00;2,1; m/s
06-03-2025;12:20:00;1,9; m/s
06-03-2025;12:30:00;1,8; m/s
06-03-2025;12:40:00;2; m/s
06-03-2025;12:50:00;2,2; m/s
06-03-2025;13:00:00;2,1; m/s
06-03-2025;13:10:00;2; m/s
06-03-2025;13:20:00;2,4; m/s
06-03-2025;13:30:00;1,8; m/s
06-03-2025;13:40:00;1,7; m/s
06-03-2025;13:50:00;2,1; m/s
06-03-2025;14:00:00;2,2; m/s
06-03-2025;14:10:00;2,4; m/s
06-03-2025;14:20:00;2,3; m/s
06-03-2025;14:30:00;2; m/s
06-03-2025;14:40:00;2; m/s
06-03-2025;14:50:00;1,9; m/s
06-03-2025;15:00:00;2,2; m/s
06-03-2025;15:10:00;2,1; m/s
06-03-2025;15:20:00;1,8; m/s
06-03-2025;15:30:00;1,6; m/s
06-03-2025;15:40:00;1,4; m/s
06-03-2025;15:50:00;1,4; m/s
06-03-2025;16:00:00;1,3; m/s
06-03-2025;16:10:00;1,4; m/s
06-03-2025;16:20:00;1,4; m/s
06-03-2025;16:30:00;1,2; m/s
06-03-2025;16:40:00;1,3; m/s
06-03-2025;16:50:00;1,8; m/s
06-03-2025;17:00:00;1,7; m/s
06-03-2025;17:10:00;2,2; m/s
06-03-2025;17:20:00;2,1; m/s
06-03-2025;17:30:00;2,2; m/s
06-03-2025;17:40:00;2,1; m/s
06-03-2025;17:50:00;2,4; m/s
06-03-2025;18:00:00;2,1; m/s
06-03-2025;18:10:00;2,5; m/s
06-03-2025;18:20:00;3,5; m/s
06-03-2025;18:30:00;2,9; m/s
06-03-2025;18:40:00;1,8; m/s
06-03-2025;18:50:00;1,5; m/s
06-03-2025;19:00:00;1,2; m/s
06-03-2025;19:10:00;1,6; m/s
06-03-2025;19:20:00;2,5; m/s
06-03-2025;19:30:00;2,2; m/s
06-03-2025;19:40:00;3; m/s
06-03-2025;19:50:00;2,8; m/s
06-03-2025;20:00:00;3; m/s
06-03-2025;20:10:00;3,6; m/s
06-03-2025;20:20:00;3,4; m/s
06-03-2025;20:30:00;3,4; m/s
06-03-2025;20:40:00;3,6; m/s
06-03-2025;20:50:00;3,7; m/s
06-03-2025;21:00:00;3,7; m/s
06-03-2025;21:10:00;3,3; m/s
06-03-2025;21:20:00;2,9; m/s
06-03-2025;21:30:00;2,9; m/s
06-03-2025;21:40:00;3,1; m/s
06-03-2025;21:50:00;3,3; m/s
06-03-2025;22:00:00;3,5; m/s
06-03-2025;22:10:00;3,5; m/s
06-03-2025;22:20:00;3,2; m/s
06-03-2025;22:30:00;3,2; m/s
06-03-2025;22:40:00;3,2; m/s
06-03-2025;22:50:00;3,2; m/s
06-03-2025;23:00:00;3,1; m/s
06-03-2025;23:10:00;3,3; m/s
06-03-2025;23:20:00;3,2; m/s
06-03-2025;23:30:00;3,3; m/s
06-03-2025;23:40:00;3,1; m/s
06-03-2025;23:50:00;3,2; m/s
07-03-2025;00:00:00;3,2; m/s
07-03-2025;00:10:00;2,8; m/s
07-03-2025;00:20:00;2,9; m/s
07-03-2025;00:30:00;2,9; m/s
07-03-2025;00:40:00;2,9; m/s
07-03-2025;00:50:00;3,2; m/s
07-03-2025;01:00:00;2,9; m/s
07-03-2025;01:10:00;3,3; m/s
07-03-2025;01:20:00;3,2; m/s
07-03-2025;01:30:00;2,9; m/s
07-03-2025;01:40:00;3,2; m/s
07-03-2025;01:50:00;3,1; m/s
07-03-2025;02:00:00;3,4; m/s
07-03-2025;02:10:00;3,1; m/s
07-03-2025;02:20:00;3,1; m/s
07-03-2025;02:30:00;3,3; m/s
07-03-2025;02:40:00;2,9; m/s
07-03-2025;02:50:00;3,1; m/s
07-03-2025;03:00:00;3,3; m/s
07-03-2025;03:10:00;3,8; m/s
07-03-2025;03:20:00;3,6; m/s
07-03-2025;03:30:00;3,7; m/s
07-03-2025;03:40:00;3,9; m/s
07-03-2025;03:50:00;3,4; m/s
07-03-2025;04:00:00;3,1; m/s
07-03-2025;04:10:00;2,8; m/s
07-03-2025;04:20:00;3,3; m/s
07-03-2025;04:30:00;3,6; m/s
07-03-2025;04:40:00;3,6; m/s
07-03-2025;04:50:00;3,9; m/s
07-03-2025;05:00:00;3,9; m/s
07-03-2025;05:10:00;3,3; m/s
07-03-2025;05:20:00;3,6; m/s
07-03-2025;05:30:00;3,2; m/s
07-03-2025;05:40:00;3,1; m/s
07-03-2025;05:50:00;3,2; m/s
07-03-2025;06:00:00;3,7; m/s
07-03-2025;06:10:00;3; m/s
07-03-2025;06:20:00;3,4; m/s
07-03-2025;06:30:00;3,1; m/s
07-03-2025;06:40:00;2,9; m/s
07-03-2025;06:50:00;3,4; m/s
07-03-2025;07:00:00;3,1; m/s
07-03-2025;07:10:00;2,8; m/s
07-03-2025;07:20:00;2,7; m/s
07-03-2025;07:30:00;3; m/s
07-03-2025;07:40:00;3,5; m/s
07-03-2025;07:50:00;3,9; m/s
07-03-2025;08:00:00;3,6; m/s
07-03-2025;08:10:00;3,3; m/s
07-03-2025;08:20:00;3,5; m/s
07-03-2025;08:30:00;3,3; m/s
07-03-2025;08:40:00;3,1; m/s
07-03-2025;08:50:00;3,4; m/s
07-03-2025;09:00:00;3,3; m/s
07-03-2025;09:10:00;3; m/s
07-03-2025;09:20:00;2,5; m/s
07-03-2025;09:30:00;2,6; m/s
07-03-2025;09:40:00;2,5; m/s
07-03-2025;09:50:00;2,6; m/s
07-03-2025;10:00:00;2,4; m/s
07-03-2025;10:10:00;2,2; m/s
07-03-2025;10:20:00;2,5; m/s
07-03-2025;10:30:00;2,5; m/s
07-03-2025;10:40:00;1,7; m/s
07-03-2025;10:50:00;2,4; m/s
07-03-2025;11:00:00;2,9; m/s
07-03-2025;11:10:00;2,8; m/s
07-03-2025;11:20:00;2,5; m/s
07-03-2025;11:30:00;2,3; m/s
07-03-2025;11:40:00;2,4; m/s
07-03-2025;11:50:00;2,5; m/s
07-03-2025;12:00:00;2,2; m/s
07-03-2025;12:10:00;2,2; m/s
07-03-2025;12:20:00;2,4; m/s
07-03-2025;12:30:00;2,1; m/s
07-03-2025;12:40:00;2,1; m/s
07-03-2025;12:50:00;2; m/s
07-03-2025;13:00:00;2,3; m/s
07-03-2025;13:10:00;2,2; m/s
07-03-2025;13:20:00;2,2; m/s
07-03-2025;13:30:00;2,3; m/s
07-03-2025;13:40:00;2,5; m/s
07-03-2025;13:50:00;2,2; m/s
07-03-2025;14:00:00;2,2; m/s
07-03-2025;14:10:00;2,3; m/s
07-03-2025;14:20:00;1,5; m/s
07-03-2025;14:30:00;1,4; m/s
07-03-2025;14:40:00;1,4; m/s
07-03-2025;14:50:00;1,5; m/s
07-03-2025;15:00:00;1,4; m/s
07-03-2025;15:10:00;1,2; m/s
07-03-2025;15:20:00;1,4; m/s
07-03-2025;15:30:00;1,8; m/s
07-03-2025;15:40:00;2,1; m/s
07-03-2025;15:50:00;2,6; m/s
07-03-2025;16:00:00;3,5; m/s
07-03-2025;16:10:00;3,4; m/s
07-03-2025;16:20:00;4,1; m/s
07-03-2025;16:30:00;2,6; m/s
07-03-2025;16:40:00;2,7; m/s
07-03-2025;16:50:00;2,6; m/s
07-03-2025;17:00:00;2,1; m/s
07-03-2025;17:10:00;2; m/s
07-03-2025;17:20:00;1,9; m/s
07-03-2025;17:30:00;1,9; m/s
07-03-2025;17:40:00;1,6; m/s
07-03-2025;17:50:00;1,1; m/s
07-03-2025;18:00:00;1,3; m/s
07-03-2025;18:10:00;1,2; m/s
07-03-2025;18:20:00;1,2; m/s
07-03-2025;18:30:00;2,1; m/s
07-03-2025;18:40:00;2,6; m/s
07-03-2025;18:50:00;2,1; m/s
07-03-2025;19:00:00;2,3; m/s
07-03-2025;19:10:00;0,5; m/s
07-03-2025;19:20:00;1,3; m/s
07-03-2025;19:30:00;2,7; m/s
07-03-2025;19:40:00;2,8; m/s
07-03-2025;19:50:00;2,6; m/s
07-03-2025;20:00:00;3; m/s
07-03-2025;20:10:00;3,4; m/s
07-03-2025;20:20:00;3,3; m/s
07-03-2025;20:30:00;3,4; m/s
07-03-2025;20:40:00;3,5; m/s
07-03-2025;20:50:00;3,7; m/s
07-03-2025;21:00:00;2,3; m/s
07-03-2025;21:10:00;2,7; m/s
07-03-2025;21:20:00;2,2; m/s
07-03-2025;21:30:00;3,3; m/s
07-03-2025;21:40:00;3,9; m/s
07-03-2025;21:50:00;4,2; m/s
07-03-2025;22:00:00;3,4; m/s
07-03-2025;22:10:00;4,2; m/s
07-03-2025;22:20:00;4,1; m/s
07-03-2025;22:30:00;4,3; m/s
07-03-2025;22:40:00;4; m/s
07-03-2025;22:50:00;4,3; m/s
07-03-2025;23:00:00;3,6; m/s
07-03-2025;23:10:00;2,4; m/s
07-03-2025;23:20:00;2,5; m/s
07-03-2025;23:30:00;2,4; m/s
07-03-2025;23:40:00;2,1; m/s
07-03-2025;23:50:00;1,6; m/s
08-03-2025;00:00:00;2; m/s
08-03-2025;00:10:00;2,7; m/s
08-03-2025;00:20:00;2,5; m/s
08-03-2025;00:30:00;2,3; m/s
08-03-2025;00:40:00;1,8; m/s
08-03-2025;00:50:00;1,6; m/s
08-03-2025;01:00:00;1,5; m/s
08-03-2025;01:10:00;1,6; m/s
08-03-2025;01:20:00;1,9; m/s
08-03-2025;01:30:00;1,6; m/s
08-03-2025;01:40:00;1,7; m/s
08-03-2025;01:50:00;1,4; m/s
08-03-2025;02:00:00;1,3; m/s
08-03-2025;02:10:00;1,4; m/s
08-03-2025;02:20:00;1,6; m/s
08-03-2025;02:30:00;2; m/s
08-03-2025;02:40:00;2,2; m/s
08-03-2025;02:50:00;1,8; m/s
08-03-2025;03:00:00;1,7; m/s
08-03-2025;03:10:00;2; m/s
08-03-2025;03:20:00;1,9; m/s
08-03-2025;03:30:00;1,6; m/s
08-03-2025;03:40:00;1,3; m/s
08-03-2025;03:50:00;1,7; m/s
08-03-2025;04:00:00;2,5; m/s
08-03-2025;04:10:00;2,8; m/s
08-03-2025;04:20:00;3; m/s
08-03-2025;04:30:00;3; m/s
08-03-2025;04:40:00;3,1; m/s
08-03-2025;04:50:00;3,1; m/s
08-03-2025;05:00:00;3,6; m/s
08-03-2025;05:10:00;3; m/s
08-03-2025;05:20:00;3,1; m/s
08-03-2025;05:30:00;2,2; m/s
08-03-2025;05:40:00;1,8; m/s
08-03-2025;05:50:00;2; m/s
08-03-2025;06:00:00;2,7; m/s
08-03-2025;06:10:00;2,1; m/s
08-03-2025;06:20:00;1,4; m/s
08-03-2025;06:30:00;1,1; m/s
08-03-2025;06:40:00;1,3; m/s
08-03-2025;06:50:00;1,1; m/s
08-03-2025;07:00:00;1,2; m/s
08-03-2025;07:10:00;1,1; m/s
08-03-2025;07:20:00;2,2; m/s
08-03-2025;07:30:00;2,1; m/s
08-03-2025;07:40:00;2; m/s
08-03-2025;07:50:00;1,5; m/s
08-03-2025;08:00:00;1,6; m/s
08-03-2025;08:10:00;1,6; m/s
08-03-2025;08:20:00;2,2; m/s
08-03-2025;08:30:00;2,1; m/s
08-03-2025;08:40:00;2,1; m/s
08-03-2025;08:50:00;2,9; m/s
08-03-2025;09:00:00;2,7; m/s
08-03-2025;09:10:00;2,1; m/s
08-03-2025;09:20:00;1,7; m/s
08-03-2025;09:30:00;1,3; m/s
08-03-2025;09:40:00;1,2; m/s
08-03-2025;09:50:00;1,4; m/s
08-03-2025;10:00:00;1,1; m/s
08-03-2025;10:10:00;0,9; m/s
08-03-2025;10:20:00;0,8; m/s
08-03-2025;10:30:00;1,5; m/s
08-03-2025;10:40:00;1,1; m/s
08-03-2025;10:50:00;1,2; m/s
08-03-2025;11:00:00;0,9; m/s
08-03-2025;11:10:00;0,9; m/s
08-03-2025;11:20:00;1,2; m/s
08-03-2025;11:30:00;1,5; m/s
08-03-2025;11:40:00;1,5; m/s
08-03-2025;11:50:00;1,5; m/s
08-03-2025;12:00:00;1,8; m/s
08-03-2025;12:10:00;2,3; m/s
08-03-2025;12:20:00;2,9; m/s
08-03-2025;12:30:00;2,8; m/s
08-03-2025;12:40:00;2,7; m/s
08-03-2025;12:50:00;2,7; m/s
08-03-2025;13:00:00;3; m/s
08-03-2025;13:10:00;3,1; m/s
08-03-2025;13:20:00;2,5; m/s
08-03-2025;13:30:00;2,4; m/s
08-03-2025;13:40:00;2,6; m/s
08-03-2025;13:50:00;2,1; m/s
08-03-2025;14:00:00;2,4; m/s
08-03-2025;14:10:00;2,3; m/s
08-03-2025;14:20:00;2,1; m/s
08-03-2025;14:30:00;1,6; m/s
08-03-2025;14:40:00;1,8; m/s
08-03-2025;14:50:00;2; m/s
08-03-2025;15:00:00;2,1; m/s
08-03-2025;15:10:00;2,2; m/s
08-03-2025;15:20:00;2,3; m/s
08-03-2025;15:30:00;2,4; m/s
08-03-2025;15:40:00;3; m/s
08-03-2025;15:50:00;2,4; m/s
08-03-2025;16:00:00;2,1; m/s
08-03-2025;16:10:00;2,7; m/s
08-03-2025;16:20:00;2,8; m/s
08-03-2025;16:30:00;2,9; m/s
08-03-2025;16:40:00;2,3; m/s
08-03-2025;16:50:00;2,4; m/s
08-03-2025;17:00:00;1,9; m/s
08-03-2025;17:10:00;1,9; m/s
08-03-2025;17:20:00;1,8; m/s
08-03-2025;17:30:00;1,9; m/s
08-03-2025;17:40:00;1,1; m/s
08-03-2025;17:50:00;1,2; m/s
08-03-2025;18:00:00;1,5; m/s
08-03-2025;18:10:00;1,7; m/s
08-03-2025;18:20:00;2,1; m/s
08-03-2025;18:30:00;2,6; m/s
08-03-2025;18:40:00;3; m/s
08-03-2025;18:50:00;3,1; m/s
08-03-2025;19:00:00;2,8; m/s
08-03-2025;19:10:00;3,2; m/s
08-03-2025;19:20:00;3,2; m/s
08-03-2025;19:30:00;2,5; m/s
08-03-2025;19:40:00;2,2; m/s
08-03-2025;19:50:00;2,8; m/s
08-03-2025;20:00:00;2,8; m/s
08-03-2025;20:10:00;3,7; m/s
08-03-2025;20:20:00;3,4; m/s
08-03-2025;20:30:00;3; m/s
08-03-2025;20:40:00;2,5; m/s
08-03-2025;20:50:00;2,9; m/s
08-03-2025;21:00:00;3,1; m/s
08-03-2025;21:10:00;1,5; m/s
08-03-2025;21:20:00;0,8; m/s
08-03-2025;21:30:00;0,8; m/s
08-03-2025;21:40:00;0,9; m/s
08-03-2025;21:50:00;0,8; m/s
08-03-2025;22:00:00;0,6; m/s
08-03-2025;22:10:00;0,1; m/s
08-03-2025;22:20:00;0,2; m/s
08-03-2025;22:30:00;0,6; m/s
08-03-2025;22:40:00;0,9; m/s
08-03-2025;22:50:00;1,6; m/s
08-03-2025;23:00:00;1,9; m/s
08-03-2025;23:10:00;1,5; m/s
08-03-2025;23:20:00;1,4; m/s
08-03-2025;23:30:00;1,6; m/s
08-03-2025;23:40:00;1,9; m/s
08-03-2025;23:50:00;2; m/s
09-03-2025;00:00:00;2,2; m/s
09-03-2025;00:10:00;1,5; m/s
09-03-2025;00:20:00;2; m/s
09-03-2025;00:30:00;1,9; m/s
09-03-2025;00:40:00;1,9; m/s
09-03-2025;00:50:00;1,9; m/s
09-03-2025;01:00:00;2,2; m/s
09-03-2025;01:10:00;2,8; m/s
09-03-2025;01:20:00;2,8; m/s
09-03-2025;01:30:00;3,1; m/s
09-03-2025;01:40:00;3; m/s
09-03-2025;01:50:00;3,1; m/s
09-03-2025;02:00:00;3,1; m/s
09-03-2025;02:10:00;2,2; m/s
09-03-2025;02:20:00;2,4; m/s
09-03-2025;02:30:00;2,2; m/s
09-03-2025;02:40:00;2,3; m/s
09-03-2025;02:50:00;1,8; m/s
09-03-2025;03:00:00;1,4; m/s
09-03-2025;03:10:00;1,3; m/s
09-03-2025;03:20:00;1,1; m/s
09-03-2025;03:30:00;0,8; m/s
09-03-2025;03:40:00;1; m/s
09-03-2025;03:50:00;1,4; m/s
09-03-2025;04:00:00;1,1; m/s
09-03-2025;04:10:00;1,2; m/s
09-03-2025;04:20:00;1,6; m/s
09-03-2025;04:30:00;1,3; m/s
09-03-2025;04:40:00;1,6; m/s
09-03-2025;04:50:00;1,2; m/s
09-03-2025;05:00:00;1,1; m/s
09-03-2025;05:10:00;0,6; m/s
09-03-2025;05:20:00;0,5; m/s
09-03-2025;05:30:00;1,7; m/s
09-03-2025;05:40:00;1,6; m/s
09-03-2025;05:50:00;1,8; m/s
09-03-2025;06:00:00;1,7; m/s
09-03-2025;06:10:00;1,5; m/s
09-03-2025;06:20:00;1,4; m/s
09-03-2025;06:30:00;1,4; m/s
09-03-2025;06:40:00;2,1; m/s
09-03-2025;06:50:00;2,2; m/s
09-03-2025;07:00:00;2,1; m/s
09-03-2025;07:10:00;2,1; m/s
09-03-2025;07:20:00;2,1; m/s
09-03-2025;07:30:00;2,5; m/s
09-03-2025;07:40:00;3,3; m/s
09-03-2025;07:50:00;3,8; m/s
09-03-2025;08:00:00;3,8; m/s
09-03-2025;08:10:00;3,9; m/s
09-03-2025;08:20:00;4,2; m/s
09-03-2025;08:30:00;4; m/s
09-03-2025;08:40:00;3,6; m/s
09-03-2025;08:50:00;3,9; m/s
09-03-2025;09:00:00;3,3; m/s
09-03-2025;09:10:00;2,8; m/s
09-03-2025;09:20:00;2,5; m/s
09-03-2025;09:30:00;2,4; m/s
09-03-2025;09:40:00;2,3; m/s
09-03-2025;09:50:00;2,8; m/s
09-03-2025;10:00:00;3,1; m/s
09-03-2025;10:10:00;2,8; m/s
09-03-2025;10:20:00;2,9; m/s
09-03-2025;10:30:00;2,7; m/s
09-03-2025;10:40:00;2,1; m/s
09-03-2025;10:50:00;3,1; m/s
09-03-2025;11:00:00;3,2; m/s
09-03-2025;11:10:00;3,1; m/s
09-03-2025;11:20:00;2,9; m/s
09-03-2025;11:40:00;3,2; m/s
09-03-2025;11:50:00;3; m/s
09-03-2025;12:00:00;2,8; m/s
09-03-2025;12:10:00;2,5; m/s
09-03-2025;12:20:00;3; m/s
09-03-2025;12:30:00;2,9; m/s
09-03-2025;12:40:00;2,5; m/s
09-03-2025;12:50:00;2,5; m/s
09-03-2025;13:00:00;2,3; m/s
09-03-2025;13:10:00;2,5; m/s
09-03-2025;13:20:00;2,2; m/s
09-03-2025;13:30:00;2,1; m/s
09-03-2025;13:40:00;2,6; m/s
09-03-2025;13:50:00;2,3; m/s
09-03-2025;14:00:00;2,2; m/s
09-03-2025;14:10:00;2,4; m/s
09-03-2025;14:20:00;2,5; m/s
09-03-2025;14:30:00;3,1; m/s
09-03-2025;14:40:00;2,8; m/s
09-03-2025;14:50:00;2,3; m/s
09-03-2025;15:00:00;2,2; m/s
09-03-2025;15:10:00;2,1; m/s
09-03-2025;15:20:00;1,4; m/s
09-03-2025;15:30:00;1,5; m/s
09-03-2025;15:40:00;2,8; m/s
09-03-2025;15:50:00;2,1; m/s
09-03-2025;16:00:00;2,5; m/s
09-03-2025;16:10:00;1,9; m/s
09-03-2025;16:20:00;2,4; m/s
09-03-2025;16:30:00;2,5; m/s
09-03-2025;16:40:00;2,9; m/s
09-03-2025;16:50:00;2,8; m/s
09-03-2025;17:00:00;2,6; m/s
09-03-2025;17:10:00;2,9; m/s
09-03-2025;17:20:00;3,1; m/s
09-03-2025;17:30:00;2,9; m/s
09-03-2025;17:40:00;3,4; m/s
09-03-2025;17:50:00;3,5; m/s
09-03-2025;18:00:00;3,5; m/s
09-03-2025;18:10:00;3,5; m/s
09-03-2025;18:20:00;3; m/s
09-03-2025;18:30:00;3,6; m/s
09-03-2025;18:40:00;3; m/s
09-03-2025;18:50:00;2,9; m/s
09-03-2025;19:00:00;2,7; m/s
09-03-2025;19:10:00;3; m/s
09-03-2025;19:20:00;2,6; m/s
09-03-2025;19:30:00;2,6; m/s
09-03-2025;19:40:00;2,7; m/s
09-03-2025;19:50:00;2,6; m/s
09-03-2025;20:00:00;2,6; m/s
09-03-2025;20:10:00;3,1; m/s
09-03-2025;20:20:00;3,3; m/s
09-03-2025;20:30:00;2,9; m/s
09-03-2025;20:40:00;2,9; m/s
09-03-2025;20:50:00;3,1; m/s
09-03-2025;21:00:00;4,7; m/s
09-03-2025;21:10:00;4,9; m/s
09-03-2025;21:20:00;4,5; m/s
09-03-2025;21:30:00;3,9; m/s
09-03-2025;21:40:00;4; m/s
09-03-2025;21:50:00;4,9; m/s
09-03-2025;22:00:00;4,5; m/s
09-03-2025;22:10:00;4,5; m/s
09-03-2025;22:20:00;3,6; m/s
09-03-2025;22:30:00;2,7; m/s
09-03-2025;22:40:00;4,4; m/s
09-03-2025;22:50:00;4,2; m/s
09-03-2025;23:00:00;4,3; m/s
09-03-2025;23:10:00;4,9; m/s
09-03-2025;23:20:00;4,9; m/s
09-03-2025;23:30:00;5,2; m/s
09-03-2025;23:40:00;5; m/s
09-03-2025;23:50:00;5,4; m/s
10-03-2025;00:00:00;5,7; m/s
10-03-2025;00:10:00;6,7; m/s
10-03-2025;00:20:00;7; m/s
10-03-2025;00:30:00;6,4; m/s
10-03-2025;00:40:00;6,9; m/s
10-03-2025;00:50:00;7,2; m/s
10-03-2025;01:00:00;6,5; m/s
10-03-2025;01:10:00;6,7; m/s
10-03-2025;01:20:00;6,1; m/s
10-03-2025;01:30:00;5,8; m/s
10-03-2025;01:40:00;6,2; m/s
10-03-2025;01:50:00;5,8; m/s
10-03-2025;02:00:00;6,4; m/s
10-03-2025;02:10:00;6,7; m/s
10-03-2025;02:20:00;6,7; m/s
10-03-2025;02:30:00;6,3; m/s
10-03-2025;02:40:00;5,6; m/s
10-03-2025;02:50:00;4,9; m/s
10-03-2025;03:00:00;4,7; m/s
10-03-2025;03:10:00;5,9; m/s
10-03-2025;03:20:00;4,6; m/s
10-03-2025;03:30:00;5,1; m/s
10-03-2025;03:40:00;4,5; m/s
10-03-2025;03:50:00;4,2; m/s
10-03-2025;04:00:00;4; m/s
10-03-2025;04:10:00;3,6; m/s
10-03-2025;04:20:00;4,2; m/s
10-03-2025;04:30:00;4,1; m/s
10-03-2025;04:40:00;4,1; m/s
10-03-2025;04:50:00;4,5; m/s
10-03-2025;05:00:00;3,8; m/s
10-03-2025;05:10:00;3,9; m/s
10-03-2025;05:20:00;4,7; m/s
10-03-2025;05:30:00;4,9; m/s
10-03-2025;05:40:00;3,6; m/s
10-03-2025;05:50:00;4,3; m/s
10-03-2025;06:00:00;5,3; m/s
10-03-2025;06:10:00;5,3; m/s
10-03-2025;06:20:00;5,4; m/s
10-03-2025;06:30:00;4,8; m/s
10-03-2025;06:40:00;4,6; m/s
10-03-2025;06:50:00;4,4; m/s
10-03-2025;07:00:00;4,3; m/s
10-03-2025;07:10:00;3,9; m/s
10-03-2025;07:20:00;5,1; m/s
10-03-2025;07:30:00;4,2; m/s
10-03-2025;07:40:00;4,2; m/s
10-03-2025;07:50:00;4,9; m/s
10-03-2025;08:00:00;4,5; m/s
10-03-2025;08:10:00;4,4; m/s
10-03-2025;08:20:00;4,3; m/s
10-03-2025;08:30:00;4,6; m/s
10-03-2025;08:40:00;4,8; m/s
10-03-2025;08:50:00;4,8; m/s
10-03-2025;09:00:00;4,4; m/s
10-03-2025;09:10:00;4,8; m/s
10-03-2025;09:20:00;4,9; m/s
10-03-2025;09:30:00;4,6; m/s
10-03-2025;09:40:00;4,3; m/s
10-03-2025;09:50:00;4,1; m/s
10-03-2025;10:00:00;4,3; m/s
10-03-2025;10:10:00;4,6; m/s
10-03-2025;10:20:00;4,1; m/s
10-03-2025;10:30:00;4,8; m/s
10-03-2025;10:40:00;4,6; m/s
10-03-2025;10:50:00;5,5; m/s
10-03-2025;11:00:00;4,9; m/s
10-03-2025;11:10:00;4,7; m/s
10-03-2025;11:20:00;4,8; m/s
10-03-2025;11:30:00;4; m/s
10-03-2025;11:40:00;4,1; m/s
10-03-2025;11:50:00;3,4; m/s
10-03-2025;12:00:00;3,2; m/s
10-03-2025;12:10:00;3,6; m/s
10-03-2025;12:20:00;3,4; m/s
10-03-2025;12:30:00;3; m/s
10-03-2025;12:40:00;2,8; m/s
10-03-2025;12:50:00;2,9; m/s
10-03-2025;13:00:00;2,9; m/s
10-03-2025;13:10:00;2,5; m/s
10-03-2025;13:20:00;2,3; m/s
10-03-2025;13:30:00;2,8; m/s
10-03-2025;13:40:00;2,7; m/s
10-03-2025;13:50:00;2,7; m/s
10-03-2025;14:00:00;2,2; m/s
10-03-2025;14:10:00;2,1; m/s
10-03-2025;14:20:00;1,6; m/s
10-03-2025;14:30:00;1,6; m/s
10-03-2025;14:40:00;1,8; m/s
10-03-2025;14:50:00;2,2; m/s
10-03-2025;15:00:00;2; m/s
10-03-2025;15:10:00;2,1; m/s
10-03-2025;15:20:00;1,8; m/s
10-03-2025;15:30:00;1,9; m/s
10-03-2025;15:40:00;1,8; m/s
10-03-2025;15:50:00;1,5; m/s
10-03-2025;16:00:00;1,3; m/s
10-03-2025;16:10:00;2,6; m/s
10-03-2025;16:20:00;2,8; m/s
10-03-2025;16:30:00;2,5; m/s
10-03-2025;16:40:00;2,2; m/s
10-03-2025;16:50:00;1,6; m/s
10-03-2025;17:00:00;1,2; m/s
10-03-2025;17:10:00;1,6; m/s
10-03-2025;17:20:00;1,6; m/s
10-03-2025;17:30:00;0,9; m/s
10-03-2025;17:40:00;1,3; m/s
10-03-2025;17:50:00;1,4; m/s
10-03-2025;18:00:00;2,1; m/s
10-03-2025;18:10:00;3,3; m/s
10-03-2025;18:20:00;1,9; m/s
10-03-2025;18:30:00;2,3; m/s
10-03-2025;18:40:00;2,6; m/s
10-03-2025;18:50:00;2,6; m/s
10-03-2025;19:00:00;3,3; m/s
10-03-2025;19:10:00;4; m/s
10-03-2025;19:20:00;3,7; m/s
10-03-2025;19:30:00;4,2; m/s
10-03-2025;19:40:00;2,7; m/s
10-03-2025;19:50:00;3,7; m/s
10-03-2025;20:00:00;3,9; m/s
10-03-2025;20:10:00;4,6; m/s
10-03-2025;20:20:00;4,4; m/s
10-03-2025;20:30:00;4,3; m/s
10-03-2025;20:40:00;6,8; m/s
10-03-2025;20:50:00;6,8; m/s
10-03-2025;21:00:00;6,6; m/s
10-03-2025;21:10:00;5,2; m/s
10-03-2025;21:20:00;5,8; m/s
10-03-2025;21:30:00;7,3; m/s
10-03-2025;21:40:00;7,3; m/s
10-03-2025;21:50:00;7,2; m/s
10-03-2025;22:00:00;6,3; m/s
10-03-2025;22:10:00;6,9; m/s
10-03-2025;22:20:00;8,1; m/s
10-03-2025;22:30:00;8,7; m/s
10-03-2025;22:40:00;7,1; m/s
10-03-2025;22:50:00;7,9; m/s
10-03-2025;23:00:00;8,4; m/s
10-03-2025;23:10:00;8,3; m/s
10-03-2025;23:20:00;8,2; m/s
10-03-2025;23:30:00;8,7; m/s
10-03-2025;23:40:00;8; m/s
10-03-2025;23:50:00;7,8; m/s
11-03-2025;00:00:00;9,1; m/s
11-03-2025;00:10:00;8,2; m/s
11-03-2025;00:20:00;8,5; m/s
11-03-2025;00:30:00;6,8; m/s
11-03-2025;00:40:00;7,3; m/s
11-03-2025;00:50:00;6,3; m/s
11-03-2025;01:00:00;6,2; m/s
11-03-2025;01:10:00;6,6; m/s
11-03-2025;01:20:00;6,2; m/s
11-03-2025;01:30:00;5,9; m/s
11-03-2025;01:40:00;5,3; m/s
11-03-2025;01:50:00;5,3; m/s
11-03-2025;02:00:00;5,4; m/s
11-03-2025;02:10:00;4,8; m/s
11-03-2025;02:20:00;4,4; m/s
11-03-2025;02:30:00;4,2; m/s
11-03-2025;02:40:00;4; m/s
11-03-2025;02:50:00;4,2; m/s
11-03-2025;03:00:00;3,2; m/s
11-03-2025;03:10:00;3,2; m/s
11-03-2025;03:20:00;3,5; m/s
11-03-2025;03:30:00;2,6; m/s
11-03-2025;03:40:00;3,1; m/s
11-03-2025;03:50:00;5,7; m/s
11-03-2025;04:00:00;5,1; m/s
11-03-2025;04:10:00;6,5; m/s
11-03-2025;04:20:00;3,4; m/s
11-03-2025;04:30:00;2,6; m/s
11-03-2025;04:40:00;1,8; m/s
11-03-2025;04:50:00;1,7; m/s
11-03-2025;05:00:00;1,3; m/s
11-03-2025;05:10:00;1,3; m/s
11-03-2025;05:20:00;2,5; m/s
11-03-2025;05:30:00;3,2; m/s
11-03-2025;05:40:00;2,2; m/s
11-03-2025;05:50:00;3; m/s
11-03-2025;06:00:00;5; m/s
11-03-2025;06:10:00;4,3; m/s
11-03-2025;06:20:00;4,2; m/s
11-03-2025;06:30:00;2,9; m/s
11-03-2025;06:40:00;3,6; m/s
11-03-2025;06:50:00;4; m/s
11-03-2025;07:00:00;3,6; m/s
11-03-2025;07:10:00;2,6; m/s
11-03-2025;07:20:00;2,3; m/s
11-03-2025;07:30:00;2,2; m/s
11-03-2025;07:40:00;1,2; m/s
11-03-2025;07:50:00;0,5; m/s
11-03-2025;08:00:00;1,2; m/s
11-03-2025;08:10:00;2,1; m/s
11-03-2025;08:20:00;2; m/s
11-03-2025;08:30:00;1,5; m/s
11-03-2025;08:40:00;1,6; m/s
11-03-2025;08:50:00;2; m/s
11-03-2025;09:00:00;1,7; m/s
11-03-2025;09:10:00;1,6; m/s
11-03-2025;09:20:00;1,3; m/s
11-03-2025;09:30:00;1,6; m/s
11-03-2025;09:40:00;1,8; m/s
11-03-2025;09:50:00;1,6; m/s
11-03-2025;10:00:00;1,9; m/s
11-03-2025;10:10:00;1,8; m/s
11-03-2025;10:20:00;2; m/s
11-03-2025;10:30:00;1,6; m/s
11-03-2025;10:40:00;1,4; m/s
11-03-2025;10:50:00;1,6; m/s
11-03-2025;11:00:00;1,7; m/s
11-03-2025;11:10:00;1,7; m/s
11-03-2025;11:20:00;1,7; m/s
11-03-2025;11:30:00;2; m/s
11-03-2025;11:40:00;2; m/s
11-03-2025;11:50:00;1,8; m/s
11-03-2025;12:00:00;1,8; m/s
11-03-2025;12:10:00;1,8; m/s
11-03-2025;12:20:00;1,8; m/s
11-03-2025;12:30:00;2; m/s
11-03-2025;12:40:00;1,8; m/s
11-03-2025;12:50:00;2,2; m/s
11-03-2025;13:00:00;2,3; m/s
11-03-2025;13:10:00;1,9; m/s
11-03-2025;13:20:00;2,2; m/s
11-03-2025;13:30:00;2,3; m/s
11-03-2025;13:40:00;2; m/s
11-03-2025;13:50:00;2; m/s
11-03-2025;14:00:00;2,5; m/s
11-03-2025;14:10:00;2,6; m/s
11-03-2025;14:20:00;2,3; m/s
11-03-2025;14:30:00;2,4; m/s
11-03-2025;14:40:00;2,9; m/s
11-03-2025;14:50:00;3,5; m/s
11-03-2025;15:00:00;3,5; m/s
11-03-2025;15:10:00;3,8; m/s
11-03-2025;15:20:00;4; m/s
11-03-2025;15:30:00;3,2; m/s
11-03-2025;15:40:00;3,6; m/s
11-03-2025;15:50:00;3,9; m/s
11-03-2025;16:00:00;4; m/s
11-03-2025;16:10:00;3,1; m/s
11-03-2025;16:20:00;3; m/s
11-03-2025;16:30:00;3,3; m/s
11-03-2025;16:40:00;3,4; m/s
11-03-2025;16:50:00;4,1; m/s
11-03-2025;17:00:00;4,1; m/s
11-03-2025;17:10:00;4; m/s
11-03-2025;17:20:00;3,9; m/s
11-03-2025;17:30:00;4,2; m/s
11-03-2025;17:40:00;4; m/s
11-03-2025;17:50:00;3,5; m/s
11-03-2025;18:00:00;3,7; m/s
11-03-2025;18:10:00;3,6; m/s
11-03-2025;18:20:00;2,6; m/s
11-03-2025;18:30:00;3,2; m/s
11-03-2025;18:40:00;2,3; m/s
11-03-2025;18:50:00;2,6; m/s
11-03-2025;19:00:00;3,1; m/s
11-03-2025;19:10:00;2,8; m/s
11-03-2025;19:20:00;2,5; m/s
11-03-2025;19:30:00;3,1; m/s
11-03-2025;19:40:00;2,9; m/s
11-03-2025;19:50:00;2,5; m/s
11-03-2025;20:00:00;1,4; m/s
11-03-2025;20:10:00;0,7; m/s
11-03-2025;20:20:00;1,9; m/s
11-03-2025;20:30:00;1,2; m/s
11-03-2025;20:40:00;0,3; m/s
11-03-2025;20:50:00;0,8; m/s
11-03-2025;21:00:00;1,7; m/s
11-03-2025;21:10:00;2,2; m/s
11-03-2025;21:20:00;1,4; m/s
11-03-2025;21:30:00;0,6; m/s
11-03-2025;21:40:00;0,5; m/s
11-03-2025;21:50:00;0,2; m/s
11-03-2025;22:00:00;1,2; m/s
11-03-2025;22:10:00;1,3; m/s
11-03-2025;22:20:00;1; m/s
11-03-2025;22:30:00;1,6; m/s
11-03-2025;22:40:00;1,5; m/s
11-03-2025;22:50:00;1,5; m/s
11-03-2025;23:00:00;1,4; m/s
11-03-2025;23:10:00;1,6; m/s
11-03-2025;23:20:00;1,9; m/s
11-03-2025;23:30:00;1,9; m/s
11-03-2025;23:40:00;2,1; m/s
11-03-2025;23:50:00;1,8; m/s
12-03-2025;00:00:00;1,7; m/s
12-03-2025;00:10:00;2,3; m/s
12-03-2025;00:20:00;1,9; m/s
12-03-2025;00:30:00;1,6; m/s
12-03-2025;00:40:00;1,7; m/s
12-03-2025;00:50:00;2; m/s
12-03-2025;01:00:00;1,9; m/s
12-03-2025;01:10:00;1,8; m/s
12-03-2025;01:20:00;1,5; m/s
12-03-2025;01:30:00;1,9; m/s
12-03-2025;01:40:00;1,8; m/s
12-03-2025;01:50:00;1,7; m/s
12-03-2025;02:00:00;2,3; m/s
12-03-2025;02:10:00;2,5; m/s
12-03-2025;02:20:00;1,7; m/s
12-03-2025;02:30:00;2,2; m/s
12-03-2025;02:40:00;1,9; m/s
12-03-2025;02:50:00;2; m/s
12-03-2025;03:00:00;1,7; m/s
12-03-2025;03:10:00;1,9; m/s
12-03-2025;03:20:00;2,2; m/s
12-03-2025;03:30:00;2,2; m/s
12-03-2025;03:40:00;2; m/s
12-03-2025;03:50:00;2,5; m/s
12-03-2025;04:00:00;2,6; m/s
12-03-2025;04:10:00;2,1; m/s
12-03-2025;04:20:00;1,9; m/s
12-03-2025;04:30:00;1,8; m/s
12-03-2025;04:40:00;1,6; m/s
12-03-2025;04:50:00;1,8; m/s
12-03-2025;05:00:00;2; m/s
12-03-2025;05:10:00;3; m/s
12-03-2025;05:20:00;3,2; m/s
12-03-2025;05:30:00;3,4; m/s
12-03-2025;05:40:00;3,4; m/s
12-03-2025;05:50:00;3; m/s
12-03-2025;06:00:00;2,4; m/s
12-03-2025;06:10:00;3,2; m/s
12-03-2025;06:20:00;3,1; m/s
12-03-2025;06:30:00;3,7; m/s
12-03-2025;06:40:00;4,1; m/s
12-03-2025;06:50:00;4; m/s
12-03-2025;07:00:00;3,8; m/s
12-03-2025;07:10:00;5; m/s
12-03-2025;07:20:00;4,7; m/s
12-03-2025;07:30:00;4,3; m/s
12-03-2025;07:40:00;4,2; m/s
12-03-2025;07:50:00;4,3; m/s
12-03-2025;08:00:00;4,8; m/s
12-03-2025;08:10:00;5,5; m/s
12-03-2025;08:20:00;5,1; m/s
12-03-2025;08:30:00;4,9; m/s
12-03-2025;08:40:00;3,7; m/s
12-03-2025;08:50:00;4,2; m/s
12-03-2025;09:00:00;3,8; m/s
12-03-2025;09:10:00;5,2; m/s
12-03-2025;09:20:00;5,3; m/s
12-03-2025;09:30:00;4,7; m/s
12-03-2025;09:40:00;5,3; m/s
12-03-2025;09:50:00;5,4; m/s
12-03-2025;10:00:00;5,5; m/s
12-03-2025;10:10:00;4,6; m/s
12-03-2025;10:20:00;4; m/s
12-03-2025;10:30:00;3,7; m/s
12-03-2025;10:40:00;4; m/s
12-03-2025;10:50:00;4,8; m/s
12-03-2025;11:00:00;4,3; m/s
12-03-2025;11:10:00;4,2; m/s
12-03-2025;11:20:00;5,4; m/s
12-03-2025;11:30:00;5,8; m/s
12-03-2025;11:40:00;5,4; m/s
12-03-2025;11:50:00;6; m/s
12-03-2025;12:00:00;5,6; m/s
12-03-2025;12:10:00;4,9; m/s
12-03-2025;12:20:00;4,4; m/s
12-03-2025;12:30:00;3,6; m/s
12-03-2025;12:40:00;2,8; m/s
12-03-2025;12:50:00;4,4; m/s
12-03-2025;13:00:00;3,6; m/s
12-03-2025;13:10:00;3; m/s
12-03-2025;13:20:00;2,7; m/s
12-03-2025;13:30:00;2,7; m/s
12-03-2025;13:40:00;2,9; m/s
12-03-2025;13:50:00;3,8; m/s
12-03-2025;14:00:00;4; m/s
12-03-2025;14:10:00;3,4; m/s
12-03-2025;14:20:00;3,6; m/s
12-03-2025;14:30:00;2,9; m/s
12-03-2025;14:40:00;3,1; m/s
12-03-2025;14:50:00;3,7; m/s
12-03-2025;15:00:00;5,6; m/s
12-03-2025;15:10:00;11,4; m/s
12-03-2025;15:20:00;10,4; m/s
12-03-2025;15:30:00;8,6; m/s
12-03-2025;15:40:00;7,3; m/s
12-03-2025;15:50:00;6,1; m/s
12-03-2025;16:00:00;4,2; m/s
12-03-2025;16:10:00;3,4; m/s
12-03-2025;16:20:00;3,1; m/s
12-03-2025;16:30:00;3,7; m/s
12-03-2025;16:40:00;4; m/s
12-03-2025;16:50:00;3,6; m/s
12-03-2025;17:00:00;3,4; m/s
12-03-2025;17:10:00;3,8; m/s
12-03-2025;17:20:00;3,6; m/s
12-03-2025;17:30:00;3,2; m/s
12-03-2025;17:40:00;2,6; m/s
12-03-2025;17:50:00;3,1; m/s
12-03-2025;18:00:00;10,1; m/s
12-03-2025;18:10:00;10,6; m/s
12-03-2025;18:20:00;7,3; m/s
12-03-2025;18:30:00;8,6; m/s
12-03-2025;18:40:00;7; m/s
12-03-2025;18:50:00;3,5; m/s
12-03-2025;19:00:00;2,4; m/s
12-03-2025;19:10:00;2,2; m/s
12-03-2025;19:20:00;2,5; m/s
12-03-2025;19:30:00;2,9; m/s
12-03-2025;19:40:00;3,5; m/s
12-03-2025;19:50:00;3,5; m/s
12-03-2025;20:00:00;3,3; m/s
12-03-2025;20:10:00;2,8; m/s
12-03-2025;20:20:00;2,4; m/s
12-03-2025;20:30:00;3,2; m/s
12-03-2025;20:40:00;3,2; m/s
12-03-2025;20:50:00;4,2; m/s
12-03-2025;21:00:00;6,6; m/s
12-03-2025;21:10:00;4,9; m/s
12-03-2025;21:20:00;5; m/s
12-03-2025;21:30:00;4,9; m/s
12-03-2025;21:40:00;5,3; m/s
12-03-2025;21:50:00;5,2; m/s
12-03-2025;22:00:00;5,4; m/s
12-03-2025;22:10:00;5; m/s
12-03-2025;22:20:00;5,2; m/s
12-03-2025;22:30:00;5,5; m/s
12-03-2025;22:40:00;5,2; m/s
12-03-2025;22:50:00;5,7; m/s
12-03-2025;23:00:00;5,7; m/s
12-03-2025;23:10:00;5,8; m/s
12-03-2025;23:20:00;5,4; m/s
12-03-2025;23:30:00;5,2; m/s
12-03-2025;23:40:00;5,6; m/s
12-03-2025;23:50:00;5,4; m/s
13-03-2025;00:00:00;5,7; m/s
13-03-2025;00:10:00;5,5; m/s
13-03-2025;00:20:00;6,5; m/s
13-03-2025;00:30:00;7,1; m/s
13-03-2025;00:40:00;6,4; m/s
13-03-2025;00:50:00;6,1; m/s
13-03-2025;01:00:00;6,5; m/s
13-03-2025;01:10:00;7,3; m/s
13-03-2025;01:20:00;6,5; m/s
13-03-2025;01:30:00;6,7; m/s
13-03-2025;01:40:00;6,6; m/s
13-03-2025;01:50:00;5,7; m/s
13-03-2025;02:00:00;7,2; m/s
13-03-2025;02:10:00;8,1; m/s
13-03-2025;02:20:00;6,4; m/s
13-03-2025;02:30:00;7,3; m/s
13-03-2025;02:40:00;6; m/s
13-03-2025;02:50:00;8,1; m/s
13-03-2025;03:00:00;7,2; m/s
13-03-2025;03:10:00;8,8; m/s
13-03-2025;03:20:00;9,2; m/s
13-03-2025;03:30:00;8,5; m/s
13-03-2025;03:40:00;7,6; m/s
13-03-2025;03:50:00;8,4; m/s
13-03-2025;04:00:00;8; m/s
13-03-2025;04:10:00;7,9; m/s
13-03-2025;04:20:00;8,3; m/s
13-03-2025;04:30:00;6,9; m/s
13-03-2025;04:40:00;6,5; m/s
13-03-2025;04:50:00;6,2; m/s
13-03-2025;05:00:00;5,8; m/s
13-03-2025;05:10:00;6,3; m/s
13-03-2025;05:20:00;6,6; m/s
13-03-2025;05:30:00;5,7; m/s
13-03-2025;05:40:00;6,1; m/s
13-03-2025;05:50:00;6,2; m/s
13-03-2025;06:00:00;8,6; m/s
13-03-2025;06:10:00;9; m/s
13-03-2025;06:20:00;10; m/s
13-03-2025;06:30:00;9,9; m/s
13-03-2025;06:40:00;9,3; m/s
13-03-2025;06:50:00;10,6; m/s
13-03-2025;07:00:00;8,8; m/s
13-03-2025;07:10:00;7,5; m/s
13-03-2025;07:20:00;6,8; m/s
13-03-2025;07:30:00;5,6; m/s
13-03-2025;07:40:00;8,3; m/s
13-03-2025;07:50:00;7,3; m/s
13-03-2025;08:00:00;7,8; m/s
13-03-2025;08:10:00;7,2; m/s
13-03-2025;08:20:00;6,4; m/s
13-03-2025;08:30:00;7,3; m/s
13-03-2025;08:40:00;7; m/s
13-03-2025;08:50:00;7,1; m/s
13-03-2025;09:00:00;5,2; m/s
13-03-2025;09:10:00;5,9; m/s
13-03-2025;09:20:00;5,6; m/s
13-03-2025;09:30:00;5,5; m/s
13-03-2025;09:40:00;5,9; m/s
13-03-2025;09:50:00;6,4; m/s
13-03-2025;10:00:00;6; m/s
13-03-2025;10:10:00;7,4; m/s
13-03-2025;10:20:00;6,6; m/s
13-03-2025;10:30:00;6,6; m/s
13-03-2025;10:40:00;8,3; m/s
13-03-2025;10:50:00;10,5; m/s
13-03-2025;11:00:00;9,3; m/s
13-03-2025;11:10:00;9,8; m/s
13-03-2025;11:20:00;10,7; m/s
13-03-2025;11:30:00;7,8; m/s
13-03-2025;11:40:00;8,4; m/s
13-03-2025;11:50:00;10,2; m/s
13-03-2025;12:00:00;9,2; m/s
13-03-2025;12:10:00;10,7; m/s
13-03-2025;12:20:00;9,8; m/s
13-03-2025;12:30:00;9,7; m/s
13-03-2025;12:40:00;8,2; m/s
13-03-2025;12:50:00;6,6; m/s
13-03-2025;13:00:00;6,4; m/s
13-03-2025;13:10:00;6; m/s
13-03-2025;13:20:00;6,8; m/s
13-03-2025;13:30:00;6,1; m/s
13-03-2025;13:40:00;5,7; m/s
13-03-2025;13:50:00;5,8; m/s
13-03-2025;14:00:00;5,2; m/s
13-03-2025;14:10:00;4,7; m/s
13-03-2025;14:20:00;4,5; m/s
13-03-2025;14:30:00;6; m/s
13-03-2025;14:40:00;6,3; m/s
13-03-2025;14:50:00;5,8; m/s
13-03-2025;15:00:00;5,1; m/s
13-03-2025;15:10:00;5,1; m/s
13-03-2025;15:20:00;4,3; m/s
13-03-2025;15:30:00;4,3; m/s
13-03-2025;15:40:00;3,5; m/s
13-03-2025;15:50:00;3,5; m/s
13-03-2025;16:00:00;3,5; m/s
13-03-2025;16:10:00;3; m/s
13-03-2025;16:20:00;2,8; m/s
13-03-2025;16:30:00;2,3; m/s
13-03-2025;16:40:00;2; m/s
13-03-2025;16:50:00;2,6; m/s
13-03-2025;17:00:00;2,4; m/s
13-03-2025;17:10:00;2,5; m/s
13-03-2025;17:20:00;2,8; m/s
13-03-2025;17:30:00;3,2; m/s
13-03-2025;17:40:00;3,3; m/s
13-03-2025;17:50:00;3,6; m/s
13-03-2025;18:00:00;3,6; m/s
13-03-2025;18:10:00;4,1; m/s
13-03-2025;18:20:00;4,4; m/s
13-03-2025;18:30:00;4,2; m/s
13-03-2025;18:40:00;4,2; m/s
13-03-2025;18:50:00;4,3; m/s
13-03-2025;19:00:00;3,9; m/s
13-03-2025;19:10:00;3,8; m/s
13-03-2025;19:20:00;4; m/s
13-03-2025;19:30:00;4,2; m/s
13-03-2025;19:40:00;3,8; m/s
13-03-2025;19:50:00;4,1; m/s
13-03-2025;20:00:00;4,1; m/s
13-03-2025;20:10:00;3,5; m/s
13-03-2025;20:20:00;2,6; m/s
13-03-2025;20:30:00;2,7; m/s
13-03-2025;20:40:00;2,4; m/s
13-03-2025;20:50:00;2,7; m/s
13-03-2025;21:00:00;2,6; m/s
13-03-2025;21:10:00;2,7; m/s
13-03-2025;21:20:00;2,9; m/s
13-03-2025;21:30:00;3,1; m/s
13-03-2025;21:40:00;3; m/s
13-03-2025;21:50:00;3,2; m/s
13-03-2025;22:00:00;3,8; m/s
13-03-2025;22:10:00;3,7; m/s
13-03-2025;22:20:00;3,9; m/s
13-03-2025;22:30:00;5,9; m/s
13-03-2025;22:40:00;5,4; m/s
13-03-2025;22:50:00;6,1; m/s
13-03-2025;23:00:00;5,1; m/s
13-03-2025;23:10:00;4,9; m/s
13-03-2025;23:20:00;5,4; m/s
13-03-2025;23:30:00;5,2; m/s
13-03-2025;23:40:00;4,5; m/s
13-03-2025;23:50:00;4,4; m/s
14-03-2025;00:00:00;5,2; m/s
14-03-2025;00:10:00;4,7; m/s
14-03-2025;00:20:00;4,9; m/s
14-03-2025;00:30:00;4,8; m/s
14-03-2025;00:40:00;4,4; m/s
14-03-2025;00:50:00;4,8; m/s
14-03-2025;01:00:00;5,2; m/s
14-03-2025;01:10:00;5,4; m/s
14-03-2025;01:20:00;5,4; m/s
14-03-2025;01:30:00;4,9; m/s
14-03-2025;01:40:00;5; m/s
14-03-2025;01:50:00;5; m/s
14-03-2025;02:00:00;4,6; m/s
14-03-2025;02:10:00;4,5; m/s
14-03-2025;02:20:00;4,6; m/s
14-03-2025;02:30:00;4,9; m/s
14-03-2025;02:40:00;5,1; m/s
14-03-2025;02:50:00;5,5; m/s
14-03-2025;03:00:00;5,1; m/s
14-03-2025;03:10:00;6,6; m/s
14-03-2025;03:20:00;5,5; m/s
14-03-2025;03:30:00;5,2; m/s
14-03-2025;03:40:00;4,8; m/s
14-03-2025;03:50:00;4,9; m/s
14-03-2025;04:00:00;5,2; m/s
14-03-2025;04:10:00;6; m/s
14-03-2025;04:20:00;5,1; m/s
14-03-2025;04:30:00;3,7; m/s
14-03-2025;04:40:00;4,7; m/s
14-03-2025;04:50:00;4,1; m/s
14-03-2025;05:00:00;3,9; m/s
14-03-2025;05:10:00;4,4; m/s
14-03-2025;05:20:00;4,2; m/s
14-03-2025;05:30:00;2,4; m/s
14-03-2025;05:40:00;1,8; m/s
14-03-2025;05:50:00;2,6; m/s
14-03-2025;06:00:00;3,4; m/s
14-03-2025;06:10:00;3,9; m/s
14-03-2025;06:20:00;3,6; m/s
14-03-2025;06:30:00;2,5; m/s
14-03-2025;06:40:00;2,5; m/s
14-03-2025;06:50:00;1,3; m/s
14-03-2025;07:00:00;2,2; m/s
14-03-2025;07:10:00;2,6; m/s
14-03-2025;07:20:00;2,2; m/s
14-03-2025;07:30:00;5,6; m/s
14-03-2025;07:40:00;7,7; m/s
14-03-2025;07:50:00;7,7; m/s
14-03-2025;08:00:00;6,1; m/s
14-03-2025;08:10:00;4,4; m/s
14-03-2025;08:20:00;5,3; m/s
14-03-2025;08:30:00;7,7; m/s
14-03-2025;08:40:00;7,5; m/s
14-03-2025;08:50:00;8,9; m/s
14-03-2025;09:00:00;8,9; m/s
14-03-2025;09:10:00;8,6; m/s
14-03-2025;09:20:00;8,3; m/s
14-03-2025;09:30:00;7,9; m/s
14-03-2025;09:40:00;8,9; m/s
14-03-2025;09:50:00;8,9; m/s
14-03-2025;10:00:00;7,3; m/s
14-03-2025;10:10:00;7,2; m/s
14-03-2025;10:20:00;6,7; m/s
14-03-2025;10:30:00;6,5; m/s
14-03-2025;10:40:00;5,7; m/s
14-03-2025;10:50:00;7,6; m/s
14-03-2025;11:00:00;8,9; m/s
14-03-2025;11:10:00;9; m/s
14-03-2025;11:20:00;6,9; m/s
14-03-2025;11:30:00;7,6; m/s
14-03-2025;11:40:00;8,1; m/s
14-03-2025;11:50:00;8,9; m/s
14-03-2025;12:00:00;9,1; m/s
14-03-2025;12:10:00;8,8; m/s
14-03-2025;12:20:00;8,7; m/s
14-03-2025;12:30:00;9,1; m/s
14-03-2025;12:40:00;8,5; m/s
14-03-2025;12:50:00;8,6; m/s
14-03-2025;13:00:00;9; m/s
14-03-2025;13:10:00;8,5; m/s
14-03-2025;13:20:00;8,7; m/s
14-03-2025;13:30:00;8,6; m/s
14-03-2025;13:40:00;8,4; m/s
14-03-2025;13:50:00;8,2; m/s
14-03-2025;14:00:00;8,7; m/s
14-03-2025;14:10:00;8,7; m/s
14-03-2025;14:20:00;8,6; m/s
14-03-2025;14:30:00;10,3; m/s
14-03-2025;14:40:00;9,3; m/s
14-03-2025;14:50:00;9,6; m/s
14-03-2025;15:00:00;9,1; m/s
14-03-2025;15:10:00;9,1; m/s
14-03-2025;15:20:00;9; m/s
14-03-2025;15:30:00;8,8; m/s
14-03-2025;15:40:00;8,8; m/s
14-03-2025;15:50:00;9,1; m/s
14-03-2025;16:00:00;8,6; m/s
14-03-2025;16:10:00;8,4; m/s
14-03-2025;16:20:00;8,5; m/s
14-03-2025;16:30:00;9,1; m/s
14-03-2025;16:40:00;8,9; m/s
14-03-2025;16:50:00;8,9; m/s
14-03-2025;17:00:00;8,6; m/s
14-03-2025;17:10:00;8,6; m/s
14-03-2025;17:20:00;9,3; m/s
14-03-2025;17:30:00;9,2; m/s
14-03-2025;17:40:00;8,7; m/s
14-03-2025;17:50:00;8,4; m/s
14-03-2025;18:00:00;8,5; m/s
14-03-2025;18:10:00;8,4; m/s
14-03-2025;18:20:00;9,6; m/s
14-03-2025;18:30:00;9,7; m/s
14-03-2025;18:40:00;9,1; m/s
14-03-2025;18:50:00;9; m/s
14-03-2025;19:00:00;9; m/s
14-03-2025;19:10:00;8,8; m/s
14-03-2025;19:20:00;8,6; m/s
14-03-2025;19:30:00;8,7; m/s
14-03-2025;19:40:00;9,1; m/s
14-03-2025;19:50:00;9; m/s
14-03-2025;20:00:00;8,6; m/s
14-03-2025;20:10:00;8,6; m/s
14-03-2025;20:20:00;7,8; m/s
14-03-2025;20:30:00;7,9; m/s
14-03-2025;20:40:00;7,9; m/s
14-03-2025;20:50:00;7,7; m/s
14-03-2025;21:00:00;7; m/s
14-03-2025;21:10:00;7; m/s
14-03-2025;21:20:00;6,7; m/s
14-03-2025;21:30:00;7,5; m/s
14-03-2025;21:40:00;7,9; m/s
14-03-2025;21:50:00;8,4; m/s
14-03-2025;22:00:00;7,4; m/s
14-03-2025;22:10:00;8,1; m/s
14-03-2025;22:20:00;8,2; m/s
14-03-2025;22:30:00;7,5; m/s
14-03-2025;22:40:00;7,6; m/s
14-03-2025;22:50:00;7,4; m/s
14-03-2025;23:00:00;6,7; m/s
14-03-2025;23:10:00;6,5; m/s
14-03-2025;23:20:00;7,1; m/s
14-03-2025;23:30:00;6,8; m/s
14-03-2025;23:40:00;6,3; m/s
14-03-2025;23:50:00;5,4; m/s
15-03-2025;00:00:00;6,1; m/s
15-03-2025;00:10:00;5,3; m/s
15-03-2025;00:20:00;6,3; m/s
15-03-2025;00:30:00;6; m/s
15-03-2025;00:40:00;5,7; m/s
15-03-2025;00:50:00;6; m/s
15-03-2025;01:00:00;5,2; m/s
15-03-2025;01:10:00;4,5; m/s
15-03-2025;01:20:00;3,9; m/s
15-03-2025;01:30:00;3,9; m/s
15-03-2025;01:40:00;4,6; m/s
15-03-2025;01:50:00;4,9; m/s
15-03-2025;02:00:00;4,2; m/s
15-03-2025;02:10:00;4; m/s
15-03-2025;02:20:00;3,9; m/s
15-03-2025;02:30:00;3,5; m/s
15-03-2025;02:40:00;3,2; m/s
15-03-2025;02:50:00;3,8; m/s
15-03-2025;03:00:00;3,5; m/s
15-03-2025;03:10:00;3,3; m/s
15-03-2025;03:20:00;2,7; m/s
15-03-2025;03:30:00;2,5; m/s
15-03-2025;03:40:00;2,4; m/s
15-03-2025;03:50:00;3,3; m/s
15-03-2025;04:00:00;2,6; m/s
15-03-2025;04:10:00;1,3; m/s
15-03-2025;04:20:00;1,6; m/s
15-03-2025;04:30:00;2,1; m/s
15-03-2025;04:40:00;2; m/s
15-03-2025;04:50:00;1,9; m/s
15-03-2025;05:00:00;1,8; m/s
15-03-2025;05:10:00;1,5; m/s
15-03-2025;05:20:00;1,9; m/s
15-03-2025;05:30:00;2,9; m/s
15-03-2025;05:40:00;2,5; m/s
15-03-2025;05:50:00;1,4; m/s
15-03-2025;06:00:00;2,4; m/s
15-03-2025;06:10:00;1,3; m/s
15-03-2025;06:20:00;1,1; m/s
15-03-2025;06:30:00;1,5; m/s
15-03-2025;06:40:00;1,3; m/s
15-03-2025;06:50:00;2,5; m/s
15-03-2025;07:00:00;2,6; m/s
15-03-2025;07:10:00;2,5; m/s
15-03-2025;07:20:00;2,3; m/s
15-03-2025;07:30:00;2,5; m/s
15-03-2025;07:40:00;2,8; m/s
15-03-2025;07:50:00;3,1; m/s
15-03-2025;08:00:00;3,8; m/s
15-03-2025;08:10:00;3,7; m/s
15-03-2025;08:20:00;3,2; m/s
15-03-2025;08:30:00;2,3; m/s
15-03-2025;08:40:00;2,1; m/s
15-03-2025;08:50:00;2,7; m/s
15-03-2025;09:00:00;2,2; m/s
15-03-2025;09:10:00;2,5; m/s
15-03-2025;09:20:00;2,4; m/s
15-03-2025;09:30:00;2,4; m/s
15-03-2025;09:40:00;2,6; m/s
15-03-2025;09:50:00;2,3; m/s
15-03-2025;10:00:00;2; m/s
15-03-2025;10:10:00;2,1; m/s
15-03-2025;10:20:00;1,4; m/s
15-03-2025;10:30:00;1,4; m/s
15-03-2025;10:40:00;1,2; m/s
15-03-2025;10:50:00;1,7; m/s
15-03-2025;11:00:00;1,5; m/s
15-03-2025;11:10:00;1,8; m/s
15-03-2025;11:20:00;2,7; m/s
15-03-2025;11:30:00;1,1; m/s
15-03-2025;11:40:00;0,9; m/s
15-03-2025;11:50:00;0,4; m/s
15-03-2025;12:00:00;1; m/s
15-03-2025;12:10:00;2,1; m/s
15-03-2025;12:20:00;3,3; m/s
15-03-2025;12:30:00;3,9; m/s
15-03-2025;12:40:00;4; m/s
15-03-2025;12:50:00;3,2; m/s
15-03-2025;13:00:00;3,7; m/s
15-03-2025;13:10:00;4,2; m/s
15-03-2025;13:20:00;3; m/s
15-03-2025;13:30:00;3; m/s
15-03-2025;13:40:00;4,2; m/s
15-03-2025;13:50:00;5; m/s
15-03-2025;14:00:00;7,4; m/s
15-03-2025;14:10:00;9,7; m/s
15-03-2025;14:20:00;11; m/s
15-03-2025;14:30:00;11,6; m/s
15-03-2025;14:40:00;10,6; m/s
15-03-2025;14:50:00;11,3; m/s
15-03-2025;15:00:00;10,9; m/s
15-03-2025;15:10:00;9,8; m/s
15-03-2025;15:20:00;9; m/s
15-03-2025;15:30:00;9,4; m/s
15-03-2025;15:40:00;9,7; m/s
15-03-2025;15:50:00;9,7; m/s
15-03-2025;16:00:00;6,5; m/s
15-03-2025;16:10:00;6,8; m/s
15-03-2025;16:20:00;8,1; m/s
15-03-2025;16:30:00;10,7; m/s
15-03-2025;16:40:00;11,1; m/s
15-03-2025;16:50:00;8,3; m/s
15-03-2025;17:00:00;11; m/s
15-03-2025;17:10:00;11; m/s
15-03-2025;17:20:00;10,2; m/s
15-03-2025;17:30:00;10,8; m/s
15-03-2025;17:40:00;12,7; m/s
15-03-2025;17:50:00;14,3; m/s
15-03-2025;18:00:00;13,8; m/s
15-03-2025;18:10:00;10,6; m/s
15-03-2025;18:20:00;8,3; m/s
15-03-2025;18:30:00;6,1; m/s
15-03-2025;18:40:00;5,6; m/s
15-03-2025;18:50:00;5,2; m/s
15-03-2025;19:00:00;4,5; m/s
15-03-2025;19:10:00;3,6; m/s
15-03-2025;19:20:00;5; m/s
15-03-2025;19:30:00;3,9; m/s
15-03-2025;19:40:00;4,1; m/s
15-03-2025;19:50:00;2,9; m/s
15-03-2025;20:00:00;1,6; m/s
15-03-2025;20:10:00;0,6; m/s
15-03-2025;20:20:00;1,5; m/s
15-03-2025;20:30:00;2,3; m/s
15-03-2025;20:40:00;2,4; m/s
15-03-2025;20:50:00;2,2; m/s
15-03-2025;21:00:00;1,5; m/s
15-03-2025;21:10:00;1,3; m/s
15-03-2025;21:20:00;2; m/s
15-03-2025;21:30:00;1,7; m/s
15-03-2025;21:40:00;1,9; m/s
15-03-2025;21:50:00;3,1; m/s
15-03-2025;22:00:00;4; m/s
15-03-2025;22:10:00;3,7; m/s
15-03-2025;22:20:00;4; m/s
15-03-2025;22:30:00;3,1; m/s
15-03-2025;22:40:00;3,2; m/s
15-03-2025;22:50:00;3,9; m/s
15-03-2025;23:00:00;3,4; m/s
15-03-2025;23:10:00;2,9; m/s
15-03-2025;23:20:00;3,3; m/s
15-03-2025;23:30:00;2,7; m/s
15-03-2025;23:40:00;2,4; m/s
15-03-2025;23:50:00;3,3; m/s
16-03-2025;00:00:00;4,9; m/s
16-03-2025;00:10:00;5,8; m/s
16-03-2025;00:20:00;4,9; m/s
16-03-2025;00:30:00;4,6; m/s
16-03-2025;00:40:00;3,6; m/s
16-03-2025;00:50:00;3,9; m/s
16-03-2025;01:00:00;5,2; m/s
16-03-2025;01:10:00;5,7; m/s
16-03-2025;01:20:00;6,4; m/s
16-03-2025;01:30:00;6,1; m/s
16-03-2025;01:40:00;6,3; m/s
16-03-2025;01:50:00;6,1; m/s
16-03-2025;02:00:00;6,1; m/s
16-03-2025;02:10:00;5,5; m/s
16-03-2025;02:20:00;4,7; m/s
16-03-2025;02:30:00;5; m/s
16-03-2025;02:40:00;4,5; m/s
16-03-2025;02:50:00;5,2; m/s
16-03-2025;03:00:00;10; m/s
16-03-2025;03:10:00;11,1; m/s
16-03-2025;03:20:00;9,8; m/s
16-03-2025;03:30:00;8,8; m/s
16-03-2025;03:40:00;9,4; m/s
16-03-2025;03:50:00;9,5; m/s
16-03-2025;04:00:00;10,6; m/s
16-03-2025;04:10:00;10,4; m/s
16-03-2025;04:20:00;8,7; m/s
16-03-2025;04:30:00;9,4; m/s
16-03-2025;04:40:00;8; m/s
16-03-2025;04:50:00;7,1; m/s
16-03-2025;05:00:00;8,5; m/s
16-03-2025;05:10:00;7,9; m/s
16-03-2025;05:20:00;6,9; m/s
16-03-2025;05:30:00;7,2; m/s
16-03-2025;05:40:00;7,5; m/s
16-03-2025;05:50:00;8,6; m/s
16-03-2025;06:00:00;7,6; m/s
16-03-2025;06:10:00;7,4; m/s
16-03-2025;06:20:00;7,3; m/s
16-03-2025;06:30:00;7,6; m/s
16-03-2025;06:40:00;8,1; m/s
16-03-2025;06:50:00;8,2; m/s
16-03-2025;07:00:00;8,2; m/s
16-03-2025;07:10:00;7,8; m/s
16-03-2025;07:20:00;7,7; m/s
16-03-2025;07:30:00;7,1; m/s
16-03-2025;07:40:00;7,6; m/s
16-03-2025;07:50:00;8,3; m/s
16-03-2025;08:00:00;8,9; m/s
16-03-2025;08:10:00;10,2; m/s
16-03-2025;08:20:00;9,3; m/s
16-03-2025;08:30:00;9,7; m/s
16-03-2025;08:40:00;9,3; m/s
16-03-2025;08:50:00;10,2; m/s
16-03-2025;09:00:00;10,3; m/s
16-03-2025;09:10:00;9,6; m/s
16-03-2025;09:20:00;9,7; m/s
16-03-2025;09:30:00;9; m/s
16-03-2025;09:40:00;9,2; m/s
16-03-2025;09:50:00;9,5; m/s
16-03-2025;10:00:00;9,3; m/s
16-03-2025;10:10:00;8,4; m/s
16-03-2025;10:20:00;8,7; m/s
16-03-2025;10:30:00;8,9; m/s
16-03-2025;10:40:00;8,2; m/s
16-03-2025;10:50:00;7,4; m/s
16-03-2025;11:00:00;8; m/s
16-03-2025;11:10:00;8,1; m/s
16-03-2025;11:20:00;8,8; m/s
16-03-2025;11:30:00;8; m/s
16-03-2025;11:40:00;8,4; m/s
16-03-2025;11:50:00;7,9; m/s
16-03-2025;12:00:00;8,3; m/s
16-03-2025;12:10:00;8,5; m/s
16-03-2025;12:20:00;9,1; m/s
16-03-2025;12:30:00;7,5; m/s
16-03-2025;12:40:00;8,1; m/s
16-03-2025;12:50:00;7,8; m/s
16-03-2025;13:00:00;6,4; m/s
16-03-2025;13:10:00;7,3; m/s
16-03-2025;13:20:00;7,1; m/s
16-03-2025;13:30:00;6,7; m/s
16-03-2025;13:40:00;6,6; m/s
16-03-2025;13:50:00;7; m/s
16-03-2025;14:00:00;6,9; m/s
16-03-2025;14:10:00;7,5; m/s
16-03-2025;14:20:00;7,9; m/s
16-03-2025;14:30:00;7,5; m/s
16-03-2025;14:40:00;8,8; m/s
16-03-2025;14:50:00;8,4; m/s
16-03-2025;15:00:00;7,9; m/s
16-03-2025;15:10:00;8; m/s
16-03-2025;15:20:00;6,9; m/s
16-03-2025;15:30:00;7,5; m/s
16-03-2025;15:40:00;7,5; m/s
16-03-2025;15:50:00;6,1; m/s
16-03-2025;16:00:00;5,7; m/s
16-03-2025;16:10:00;7,2; m/s
16-03-2025;16:20:00;7,3; m/s
16-03-2025;16:30:00;8; m/s
16-03-2025;16:40:00;7,5; m/s
16-03-2025;16:50:00;7,1; m/s
16-03-2025;17:00:00;6,9; m/s
16-03-2025;17:10:00;7,4; m/s
16-03-2025;17:20:00;6,9; m/s
16-03-2025;17:30:00;6,7; m/s
16-03-2025;17:40:00;7,4; m/s
16-03-2025;17:50:00;6,6; m/s
16-03-2025;18:00:00;7,1; m/s
16-03-2025;18:10:00;6,5; m/s
16-03-2025;18:20:00;6,2; m/s
16-03-2025;18:30:00;6,6; m/s
16-03-2025;18:40:00;6,8; m/s
16-03-2025;18:50:00;6,5; m/s
16-03-2025;19:00:00;6,4; m/s
16-03-2025;19:10:00;8,5; m/s
16-03-2025;19:20:00;9,4; m/s
16-03-2025;19:30:00;8,1; m/s
16-03-2025;19:40:00;9; m/s
16-03-2025;19:50:00;8,8; m/s
16-03-2025;20:00:00;5,3; m/s
16-03-2025;20:10:00;2,8; m/s
16-03-2025;20:20:00;2,7; m/s
16-03-2025;20:30:00;3,4; m/s
16-03-2025;20:40:00;4,4; m/s
16-03-2025;20:50:00;4,7; m/s
16-03-2025;21:00:00;4,8; m/s
16-03-2025;21:10:00;5,2; m/s
16-03-2025;21:20:00;5,8; m/s
16-03-2025;21:30:00;5,6; m/s
16-03-2025;21:40:00;5,4; m/s
16-03-2025;21:50:00;5,7; m/s
16-03-2025;22:00:00;5,5; m/s
16-03-2025;22:10:00;5,5; m/s
16-03-2025;22:20:00;6,2; m/s
16-03-2025;22:30:00;5,9; m/s
16-03-2025;22:40:00;5,9; m/s
16-03-2025;22:50:00;6,8; m/s
16-03-2025;23:00:00;7; m/s
16-03-2025;23:10:00;6,9; m/s
16-03-2025;23:20:00;7,6; m/s
16-03-2025;23:30:00;8,3; m/s
16-03-2025;23:40:00;8,5; m/s
16-03-2025;23:50:00;7,6; m/s
17-03-2025;00:00:00;8; m/s
17-03-2025;00:10:00;8,1; m/s
17-03-2025;00:20:00;8,9; m/s
17-03-2025;00:30:00;8,7; m/s
17-03-2025;00:40:00;10,9; m/s
17-03-2025;00:50:00;6,9; m/s
17-03-2025;01:00:00;8,6; m/s
17-03-2025;01:10:00;7,5; m/s
17-03-2025;01:20:00;13,4; m/s
17-03-2025;01:30:00;14,5; m/s
17-03-2025;01:40:00;4,8; m/s
17-03-2025;01:50:00;5,9; m/s
17-03-2025;02:00:00;5,6; m/s
17-03-2025;02:10:00;5,3; m/s
17-03-2025;02:20:00;4,5; m/s
17-03-2025;02:30:00;5,9; m/s
17-03-2025;02:40:00;5,5; m/s
17-03-2025;02:50:00;5,2; m/s
17-03-2025;03:00:00;4,4; m/s
17-03-2025;03:10:00;4; m/s
17-03-2025;03:20:00;6,8; m/s
17-03-2025;03:30:00;7,2; m/s
17-03-2025;03:40:00;7,6; m/s
17-03-2025;03:50:00;6,5; m/s
17-03-2025;04:00:00;7,4; m/s
17-03-2025;04:10:00;10,1; m/s
17-03-2025;04:20:00;8,8; m/s
17-03-2025;04:30:00;8,1; m/s
17-03-2025;04:40:00;7,9; m/s
17-03-2025;04:50:00;7,2; m/s
17-03-2025;05:00:00;8,3; m/s
17-03-2025;05:10:00;7,7; m/s
17-03-2025;05:20:00;8; m/s
17-03-2025;05:30:00;9; m/s
17-03-2025;05:40:00;9; m/s
17-03-2025;05:50:00;9,1; m/s
17-03-2025;06:00:00;5,5; m/s
17-03-2025;06:10:00;4,6; m/s
17-03-2025;06:20:00;3,6; m/s
17-03-2025;06:30:00;3,5; m/s
17-03-2025;06:40:00;4,8; m/s
17-03-2025;06:50:00;4,3; m/s
17-03-2025;07:00:00;4,4; m/s
17-03-2025;07:10:00;2,8; m/s
17-03-2025;07:20:00;2,7; m/s
17-03-2025;07:30:00;3,2; m/s
17-03-2025;07:40:00;2,2; m/s
17-03-2025;07:50:00;2; m/s
17-03-2025;08:00:00;3; m/s
17-03-2025;08:10:00;3,1; m/s
17-03-2025;08:20:00;3,2; m/s
17-03-2025;08:30:00;2,9; m/s
17-03-2025;08:40:00;3,5; m/s
17-03-2025;08:50:00;4,2; m/s
17-03-2025;09:00:00;4,5; m/s
17-03-2025;09:10:00;4,8; m/s
17-03-2025;09:20:00;4,5; m/s
17-03-2025;09:30:00;4,9; m/s
17-03-2025;09:40:00;5,4; m/s
17-03-2025;09:50:00;6,5; m/s
17-03-2025;10:00:00;6,9; m/s
17-03-2025;10:10:00;6,6; m/s
17-03-2025;10:20:00;6,6; m/s
17-03-2025;10:30:00;6,2; m/s
17-03-2025;10:40:00;6,2; m/s
17-03-2025;10:50:00;5,4; m/s
17-03-2025;11:00:00;5,5; m/s
17-03-2025;11:10:00;5; m/s
17-03-2025;11:20:00;4,4; m/s
17-03-2025;11:30:00;5,1; m/s
17-03-2025;11:40:00;5,3; m/s
17-03-2025;11:50:00;5,3; m/s
17-03-2025;12:00:00;5,2; m/s
17-03-2025;12:10:00;5,5; m/s
17-03-2025;12:20:00;4,4; m/s
17-03-2025;12:30:00;4,6; m/s
17-03-2025;12:40:00;4,7; m/s
17-03-2025;12:50:00;5,1; m/s
17-03-2025;13:00:00;5,9; m/s
17-03-2025;13:10:00;5,6; m/s
17-03-2025;13:20:00;5,2; m/s
17-03-2025;13:30:00;5,2; m/s
17-03-2025;13:40:00;5,8; m/s
17-03-2025;13:50:00;6; m/s
17-03-2025;14:00:00;6,5; m/s
17-03-2025;14:10:00;5,6; m/s
17-03-2025;14:20:00;4,7; m/s
17-03-2025;14:30:00;4,1; m/s
17-03-2025;14:40:00;2,9; m/s
17-03-2025;14:50:00;2,3; m/s
17-03-2025;15:00:00;1,6; m/s
17-03-2025;15:10:00;3,1; m/s
17-03-2025;15:20:00;2,8; m/s
17-03-2025;15:30:00;3,1; m/s
17-03-2025;15:40:00;3; m/s
17-03-2025;15:50:00;3,2; m/s
17-03-2025;16:00:00;3,3; m/s
17-03-2025;16:10:00;3,3; m/s
17-03-2025;16:20:00;3,5; m/s
17-03-2025;16:30:00;2,7; m/s
17-03-2025;16:40:00;2,3; m/s
17-03-2025;16:50:00;2,8; m/s
17-03-2025;17:00:00;2,3; m/s
17-03-2025;17:10:00;2,2; m/s
17-03-2025;17:20:00;1; m/s
17-03-2025;17:30:00;1,3; m/s
17-03-2025;17:40:00;1,4; m/s
17-03-2025;17:50:00;1,2; m/s
17-03-2025;18:00:00;1,5; m/s
17-03-2025;18:10:00;1; m/s
17-03-2025;18:20:00;1,4; m/s
17-03-2025;18:30:00;1,4; m/s
17-03-2025;18:40:00;1,8; m/s
17-03-2025;18:50:00;1,9; m/s
17-03-2025;19:00:00;1,3; m/s
17-03-2025;19:10:00;1,1; m/s
17-03-2025;19:20:00;1,4; m/s
17-03-2025;19:30:00;2,2; m/s
17-03-2025;19:40:00;2,9; m/s
17-03-2025;19:50:00;2,5; m/s
17-03-2025;20:00:00;1,2; m/s
17-03-2025;20:10:00;1,2; m/s
17-03-2025;20:20:00;1,7; m/s
17-03-2025;20:30:00;1,6; m/s
17-03-2025;20:40:00;1; m/s
17-03-2025;20:50:00;0,5; m/s
17-03-2025;21:00:00;0,4; m/s
17-03-2025;21:10:00;0,7; m/s
17-03-2025;21:20:00;0,9; m/s
17-03-2025;21:30:00;0,5; m/s
17-03-2025;21:40:00;1,2; m/s
17-03-2025;21:50:00;0,9; m/s
17-03-2025;22:00:00;1,1; m/s
17-03-2025;22:10:00;0,3; m/s
17-03-2025;22:20:00;1,2; m/s
17-03-2025;22:30:00;0,9; m/s
17-03-2025;22:40:00;0,8; m/s
17-03-2025;22:50:00;1,2; m/s
17-03-2025;23:00:00;1,9; m/s
17-03-2025;23:10:00;2,3; m/s
17-03-2025;23:20:00;2; m/s
17-03-2025;23:30:00;2,9; m/s
17-03-2025;23:40:00;2,6; m/s
17-03-2025;23:50:00;2,9; m/s
18-03-2025;00:00:00;2,1; m/s
18-03-2025;00:10:00;2,7; m/s
18-03-2025;00:20:00;2,5; m/s
18-03-2025;00:30:00;2,8; m/s
18-03-2025;00:40:00;2,8; m/s
18-03-2025;00:50:00;3,4; m/s
18-03-2025;01:00:00;3,4; m/s
18-03-2025;01:10:00;3,5; m/s
18-03-2025;01:20:00;3,6; m/s
18-03-2025;01:30:00;3; m/s
18-03-2025;01:40:00;4,1; m/s
18-03-2025;01:50:00;3,7; m/s
18-03-2025;02:00:00;6,4; m/s
18-03-2025;02:10:00;7,3; m/s
18-03-2025;02:20:00;8,3; m/s
18-03-2025;02:30:00;8,5; m/s
18-03-2025;02:40:00;6,5; m/s
18-03-2025;02:50:00;6,1; m/s
18-03-2025;03:00:00;7,5; m/s
18-03-2025;03:10:00;8,7; m/s
18-03-2025;03:20:00;6,9; m/s
18-03-2025;03:30:00;6,9; m/s
18-03-2025;03:40:00;7,2; m/s
18-03-2025;03:50:00;7,7; m/s
18-03-2025;04:00:00;7,4; m/s
18-03-2025;04:10:00;7,5; m/s
18-03-2025;04:20:00;8,5; m/s
18-03-2025;04:30:00;7,9; m/s
18-03-2025;04:40:00;7,7; m/s
18-03-2025;04:50:00;7,6; m/s
18-03-2025;05:00:00;7,2; m/s
18-03-2025;05:10:00;6,2; m/s
18-03-2025;05:20:00;6,8; m/s
18-03-2025;05:30:00;6,9; m/s
18-03-2025;05:40:00;6,9; m/s
18-03-2025;05:50:00;6,8; m/s
18-03-2025;06:00:00;7,3; m/s
18-03-2025;06:10:00;7; m/s
18-03-2025;06:20:00;6,4; m/s
18-03-2025;06:30:00;6,6; m/s
18-03-2025;06:40:00;7; m/s
18-03-2025;06:50:00;6,9; m/s
18-03-2025;07:00:00;6,3; m/s
18-03-2025;07:10:00;5,7; m/s
18-03-2025;07:20:00;7; m/s
18-03-2025;07:30:00;7,1; m/s
18-03-2025;07:40:00;6,9; m/s
18-03-2025;07:50:00;6,4; m/s
18-03-2025;08:00:00;7,3; m/s
18-03-2025;08:10:00;6,3; m/s
18-03-2025;08:20:00;5,9; m/s
18-03-2025;08:30:00;6,9; m/s
18-03-2025;08:40:00;7,2; m/s
18-03-2025;08:50:00;6,7; m/s
18-03-2025;09:00:00;5,7; m/s
18-03-2025;09:10:00;5,7; m/s
18-03-2025;09:20:00;6,2; m/s
18-03-2025;09:30:00;6,9; m/s
18-03-2025;09:40:00;6,8; m/s
18-03-2025;09:50:00;7; m/s
18-03-2025;10:00:00;6,6; m/s
18-03-2025;10:10:00;6,2; m/s
18-03-2025;10:20:00;7,5; m/s
18-03-2025;10:30:00;6,1; m/s
18-03-2025;10:40:00;6,5; m/s
18-03-2025;10:50:00;6,6; m/s
18-03-2025;11:00:00;7,5; m/s
18-03-2025;11:10:00;8,9; m/s
18-03-2025;11:20:00;9,5; m/s
18-03-2025;11:30:00;9,5; m/s
18-03-2025;11:40:00;8,6; m/s
18-03-2025;11:50:00;9,4; m/s
18-03-2025;12:00:00;9,6; m/s
18-03-2025;12:10:00;9,5; m/s
18-03-2025;12:20:00;7,8; m/s
18-03-2025;12:30:00;9,5; m/s
18-03-2025;12:40:00;9; m/s
18-03-2025;12:50:00;7,9; m/s
18-03-2025;13:00:00;8,1; m/s
18-03-2025;13:10:00;7,2; m/s
18-03-2025;13:20:00;7,4; m/s
18-03-2025;13:30:00;7,4; m/s
18-03-2025;13:40:00;7,8; m/s
18-03-2025;13:50:00;7,8; m/s
18-03-2025;14:00:00;7,9; m/s
18-03-2025;14:10:00;8,1; m/s
18-03-2025;14:20:00;7,9; m/s
18-03-2025;14:30:00;7,4; m/s
18-03-2025;14:40:00;7,6; m/s
18-03-2025;14:50:00;7,3; m/s
18-03-2025;15:00:00;7,2; m/s
18-03-2025;15:10:00;8,5; m/s
18-03-2025;15:20:00;7,3; m/s
18-03-2025;15:30:00;7,3; m/s
18-03-2025;15:40:00;9; m/s
18-03-2025;15:50:00;6,6; m/s
18-03-2025;16:00:00;6,5; m/s
18-03-2025;16:10:00;7,1; m/s
18-03-2025;16:20:00;8; m/s
18-03-2025;16:30:00;8,7; m/s
18-03-2025;16:40:00;7,4; m/s
18-03-2025;16:50:00;8,6; m/s
18-03-2025;17:00:00;8,7; m/s
18-03-2025;17:10:00;7,1; m/s
18-03-2025;17:20:00;8,6; m/s
18-03-2025;17:30:00;7,9; m/s
18-03-2025;17:40:00;8,7; m/s
18-03-2025;17:50:00;8,3; m/s
18-03-2025;18:00:00;7,9; m/s
18-03-2025;18:10:00;8,2; m/s
18-03-2025;18:20:00;7,2; m/s
18-03-2025;18:30:00;5,9; m/s
18-03-2025;18:40:00;6,4; m/s
18-03-2025;18:50:00;7,6; m/s
18-03-2025;19:00:00;7; m/s
18-03-2025;19:10:00;8,3; m/s
18-03-2025;19:20:00;8,8; m/s
18-03-2025;19:30:00;7,9; m/s
18-03-2025;19:40:00;8,5; m/s
18-03-2025;19:50:00;8,6; m/s
18-03-2025;20:00:00;7,1; m/s
18-03-2025;20:10:00;7,8; m/s
18-03-2025;20:20:00;6,2; m/s
18-03-2025;20:30:00;7; m/s
18-03-2025;20:40:00;8,2; m/s
18-03-2025;20:50:00;9,1; m/s
18-03-2025;21:00:00;9,2; m/s
18-03-2025;21:10:00;10,2; m/s
18-03-2025;21:20:00;9,2; m/s
18-03-2025;21:30:00;8,3; m/s
18-03-2025;21:40:00;7,8; m/s
18-03-2025;21:50:00;8; m/s
18-03-2025;22:00:00;7,1; m/s
18-03-2025;22:10:00;7,1; m/s
18-03-2025;22:20:00;5,8; m/s
18-03-2025;22:30:00;4,1; m/s
18-03-2025;22:40:00;6,4; m/s
18-03-2025;22:50:00;5,7; m/s
18-03-2025;23:00:00;4,6; m/s
18-03-2025;23:10:00;3,6; m/s
18-03-2025;23:20:00;4,9; m/s
18-03-2025;23:30:00;7,3; m/s
18-03-2025;23:40:00;7,7; m/s
18-03-2025;23:50:00;6; m/s
19-03-2025;00:00:00;5,5; m/s
19-03-2025;00:10:00;3,8; m/s
19-03-2025;00:20:00;5; m/s
19-03-2025;00:30:00;4,9; m/s
19-03-2025;00:40:00;6,1; m/s
19-03-2025;00:50:00;6,2; m/s
19-03-2025;01:00:00;5,8; m/s
19-03-2025;01:10:00;4,5; m/s
19-03-2025;01:20:00;4,2; m/s
19-03-2025;01:30:00;4,5; m/s
19-03-2025;01:40:00;3,7; m/s
19-03-2025;01:50:00;3,4; m/s
19-03-2025;02:00:00;4,5; m/s
19-03-2025;02:10:00;4,6; m/s
19-03-2025;02:20:00;4,8; m/s
19-03-2025;02:30:00;4,7; m/s
19-03-2025;02:40:00;3,8; m/s
19-03-2025;02:50:00;3,6; m/s
19-03-2025;03:00:00;3,6; m/s
19-03-2025;03:10:00;4,4; m/s
19-03-2025;03:20:00;3,9; m/s
19-03-2025;03:30:00;2,8; m/s
19-03-2025;03:40:00;2,7; m/s
19-03-2025;03:50:00;3,5; m/s
19-03-2025;04:00:00;3,9; m/s
19-03-2025;04:10:00;3,1; m/s
19-03-2025;04:20:00;2,8; m/s
19-03-2025;04:30:00;2,8; m/s
19-03-2025;04:40:00;2,4; m/s
19-03-2025;04:50:00;3; m/s
19-03-2025;05:00:00;3; m/s
19-03-2025;05:10:00;2,9; m/s
19-03-2025;05:20:00;4,1; m/s
19-03-2025;05:30:00;4; m/s
19-03-2025;05:40:00;4,2; m/s
19-03-2025;05:50:00;4,1; m/s
19-03-2025;06:00:00;3,7; m/s
19-03-2025;06:10:00;3,3; m/s
19-03-2025;06:20:00;3,1; m/s
19-03-2025;06:30:00;2,7; m/s
19-03-2025;06:40:00;2,3; m/s
19-03-2025;06:50:00;2,4; m/s
19-03-2025;07:00:00;2,4; m/s
19-03-2025;07:10:00;2,8; m/s
19-03-2025;07:20:00;2,8; m/s
19-03-2025;07:30:00;3,3; m/s
19-03-2025;07:40:00;3; m/s
19-03-2025;07:50:00;2,4; m/s
19-03-2025;08:00:00;2,6; m/s
19-03-2025;08:10:00;2,4; m/s
19-03-2025;08:20:00;2,8; m/s
19-03-2025;08:30:00;1,7; m/s
19-03-2025;08:40:00;1,8; m/s
19-03-2025;08:50:00;3; m/s
19-03-2025;09:00:00;2,2; m/s
19-03-2025;09:10:00;2,7; m/s
19-03-2025;09:20:00;2,8; m/s
19-03-2025;09:30:00;2,5; m/s
19-03-2025;09:40:00;2,4; m/s
19-03-2025;09:50:00;2,9; m/s
19-03-2025;10:00:00;2,7; m/s
19-03-2025;10:10:00;4,1; m/s
19-03-2025;10:20:00;3,7; m/s
19-03-2025;10:30:00;2,8; m/s
19-03-2025;10:40:00;3,6; m/s
19-03-2025;10:50:00;2,8; m/s
19-03-2025;11:00:00;2,4; m/s
19-03-2025;11:10:00;2,8; m/s
19-03-2025;11:20:00;2,8; m/s
19-03-2025;11:30:00;2,7; m/s
19-03-2025;11:40:00;2,5; m/s
19-03-2025;11:50:00;2; m/s
19-03-2025;12:00:00;1,9; m/s
19-03-2025;12:10:00;2; m/s
19-03-2025;12:20:00;2,3; m/s
19-03-2025;12:30:00;2,7; m/s
19-03-2025;12:40:00;2,4; m/s
19-03-2025;12:50:00;2,1; m/s
19-03-2025;13:00:00;2,2; m/s
19-03-2025;13:10:00;2,2; m/s
19-03-2025;13:20:00;2,1; m/s
19-03-2025;13:30:00;2; m/s
19-03-2025;13:40:00;2,2; m/s
19-03-2025;13:50:00;3,6; m/s
19-03-2025;14:00:00;3,4; m/s
19-03-2025;14:10:00;4,2; m/s
19-03-2025;14:20:00;3,9; m/s
19-03-2025;14:30:00;4,4; m/s
19-03-2025;14:40:00;5,3; m/s
19-03-2025;14:50:00;4,5; m/s
19-03-2025;15:00:00;4,3; m/s
19-03-2025;15:10:00;3,9; m/s
19-03-2025;15:20:00;4,1; m/s
19-03-2025;15:30:00;4,5; m/s
19-03-2025;15:40:00;4,1; m/s
19-03-2025;15:50:00;3,7; m/s
19-03-2025;16:00:00;3,1; m/s
19-03-2025;16:10:00;3,2; m/s
19-03-2025;16:20:00;3,8; m/s
19-03-2025;16:30:00;3,5; m/s
19-03-2025;16:40:00;3,6; m/s
19-03-2025;16:50:00;4; m/s
19-03-2025;17:00:00;4,4; m/s
19-03-2025;17:10:00;4,1; m/s
19-03-2025;17:20:00;3,9; m/s
19-03-2025;17:30:00;3,3; m/s
19-03-2025;17:40:00;3,3; m/s
19-03-2025;17:50:00;3,3; m/s
19-03-2025;18:00:00;2,7; m/s
19-03-2025;18:10:00;2,7; m/s
19-03-2025;18:20:00;3,3; m/s
19-03-2025;18:30:00;2; m/s
19-03-2025;18:40:00;2,4; m/s
19-03-2025;18:50:00;2,6; m/s
19-03-2025;19:00:00;2,8; m/s
19-03-2025;19:10:00;3; m/s
19-03-2025;19:20:00;3,4; m/s
19-03-2025;19:30:00;3,7; m/s
19-03-2025;19:40:00;3,7; m/s
19-03-2025;19:50:00;3,9; m/s
19-03-2025;20:00:00;3,7; m/s
19-03-2025;20:10:00;3,6; m/s
19-03-2025;20:20:00;3,1; m/s
19-03-2025;20:30:00;2,5; m/s
19-03-2025;20:40:00;2,6; m/s
19-03-2025;20:50:00;2,8; m/s
19-03-2025;21:00:00;2,9; m/s
19-03-2025;21:10:00;3,1; m/s
19-03-2025;21:20:00;2,8; m/s
19-03-2025;21:30:00;2,9; m/s
19-03-2025;21:40:00;2,9; m/s
19-03-2025;21:50:00;2,5; m/s
19-03-2025;22:00:00;2,7; m/s
19-03-2025;22:10:00;2,6; m/s
19-03-2025;22:20:00;2,7; m/s
19-03-2025;22:30:00;3; m/s
19-03-2025;22:40:00;2,9; m/s
19-03-2025;22:50:00;2,6; m/s
19-03-2025;23:00:00;2,5; m/s
19-03-2025;23:10:00;2,2; m/s
19-03-2025;23:20:00;2; m/s
19-03-2025;23:30:00;2; m/s
19-03-2025;23:40:00;1,8; m/s
19-03-2025;23:50:00;1,8; m/s
20-03-2025;00:00:00;2,4; m/s
20-03-2025;00:10:00;2,7; m/s
20-03-2025;00:20:00;2,9; m/s
20-03-2025;00:30:00;2,9; m/s
20-03-2025;00:40:00;2,7; m/s
20-03-2025;00:50:00;2,7; m/s
20-03-2025;01:00:00;2,9; m/s
20-03-2025;01:10:00;2,7; m/s
20-03-2025;01:20:00;2,2; m/s
20-03-2025;01:30:00;2,1; m/s
20-03-2025;01:40:00;2,1; m/s
20-03-2025;01:50:00;1,7; m/s
20-03-2025;02:00:00;2,2; m/s
20-03-2025;02:10:00;2,3; m/s
20-03-2025;02:20:00;2,3; m/s
20-03-2025;02:30:00;2,3; m/s
20-03-2025;02:40:00;2,3; m/s
20-03-2025;02:50:00;2,5; m/s
20-03-2025;03:00:00;2,4; m/s
20-03-2025;03:10:00;2,3; m/s
20-03-2025;03:20:00;1,9; m/s
20-03-2025;03:30:00;1,3; m/s
20-03-2025;03:40:00;0,4; m/s
20-03-2025;03:50:00;0; m/s
20-03-2025;04:00:00;0; m/s
20-03-2025;04:10:00;1,3; m/s
20-03-2025;04:20:00;2,8; m/s
20-03-2025;04:30:00;2,9; m/s
20-03-2025;04:40:00;2,2; m/s
20-03-2025;04:50:00;2,6; m/s
20-03-2025;05:00:00;2,3; m/s
20-03-2025;05:10:00;1,7; m/s
20-03-2025;05:20:00;2,9; m/s
20-03-2025;05:30:00;2,9; m/s
20-03-2025;05:40:00;3,6; m/s
20-03-2025;05:50:00;3,2; m/s
20-03-2025;06:00:00;2,7; m/s
20-03-2025;06:10:00;2,3; m/s
20-03-2025;06:20:00;2,7; m/s
20-03-2025;06:30:00;3; m/s
20-03-2025;06:40:00;2,9; m/s
20-03-2025;06:50:00;2,8; m/s
20-03-2025;07:00:00;2,4; m/s
20-03-2025;07:10:00;2,5; m/s
20-03-2025;07:20:00;2,4; m/s
20-03-2025;07:30:00;2,5; m/s
20-03-2025;07:40:00;2,6; m/s
20-03-2025;07:50:00;2,6; m/s
20-03-2025;08:00:00;2,6; m/s
20-03-2025;08:10:00;2,3; m/s
20-03-2025;08:20:00;2,1; m/s
20-03-2025;08:30:00;2,3; m/s
20-03-2025;08:40:00;2,3; m/s
20-03-2025;08:50:00;2,1; m/s
20-03-2025;09:00:00;2; m/s
20-03-2025;09:10:00;1,9; m/s
20-03-2025;09:20:00;2; m/s
20-03-2025;09:30:00;1,8; m/s
20-03-2025;09:40:00;2,1; m/s
20-03-2025;09:50:00;2; m/s
20-03-2025;10:00:00;2,1; m/s
20-03-2025;10:10:00;1,9; m/s
20-03-2025;10:20:00;1,8; m/s
20-03-2025;10:30:00;1,7; m/s
20-03-2025;10:40:00;1,9; m/s
20-03-2025;10:50:00;2,1; m/s
20-03-2025;11:00:00;1,9; m/s
20-03-2025;11:10:00;2,4; m/s
20-03-2025;11:20:00;2,1; m/s
20-03-2025;11:30:00;1,9; m/s
20-03-2025;11:40:00;2,1; m/s
20-03-2025;11:50:00;1,9; m/s
20-03-2025;12:00:00;1,9; m/s
20-03-2025;12:10:00;2,2; m/s
20-03-2025;12:20:00;2,3; m/s
20-03-2025;12:30:00;2,4; m/s
20-03-2025;12:40:00;2,1; m/s
20-03-2025;12:50:00;2,2; m/s
20-03-2025;13:00:00;2,3; m/s
20-03-2025;13:10:00;2,4; m/s
20-03-2025;13:20:00;2,3; m/s
20-03-2025;13:30:00;2,5; m/s
20-03-2025;13:40:00;2,6; m/s
20-03-2025;13:50:00;2,3; m/s
20-03-2025;14:00:00;2,2; m/s
20-03-2025;14:10:00;2,4; m/s
20-03-2025;14:20:00;2,6; m/s
20-03-2025;14:30:00;2,9; m/s
20-03-2025;14:40:00;3,5; m/s
20-03-2025;14:50:00;2,9; m/s
20-03-2025;15:00:00;3,4; m/s
20-03-2025;15:10:00;3,4; m/s
20-03-2025;15:20:00;3,6; m/s
20-03-2025;15:30:00;3,2; m/s
20-03-2025;15:40:00;3,8; m/s
20-03-2025;15:50:00;3,9; m/s
20-03-2025;16:00:00;5,1; m/s
20-03-2025;16:10:00;4,2; m/s
20-03-2025;16:20:00;3,9; m/s
20-03-2025;16:30:00;3,4; m/s
20-03-2025;16:40:00;3,4; m/s
20-03-2025;16:50:00;3,8; m/s
20-03-2025;17:00:00;3,5; m/s
20-03-2025;17:10:00;2,9; m/s
20-03-2025;17:20:00;3,4; m/s
20-03-2025;17:30:00;3,7; m/s
20-03-2025;17:40:00;4; m/s
20-03-2025;17:50:00;3,6; m/s
20-03-2025;18:00:00;4; m/s
20-03-2025;18:10:00;3,9; m/s
20-03-2025;18:20:00;3,3; m/s
20-03-2025;18:30:00;3; m/s
20-03-2025;18:40:00;3,1; m/s
20-03-2025;18:50:00;2,7; m/s
20-03-2025;19:00:00;3,1; m/s
20-03-2025;19:10:00;2,2; m/s
20-03-2025;19:20:00;2,5; m/s
20-03-2025;19:30:00;2,4; m/s
20-03-2025;19:40:00;2,7; m/s
20-03-2025;19:50:00;2,6; m/s
20-03-2025;20:00:00;2,8; m/s
20-03-2025;20:10:00;2,9; m/s
20-03-2025;20:20:00;2,9; m/s
20-03-2025;20:30:00;2,7; m/s
20-03-2025;20:40:00;2,6; m/s
20-03-2025;20:50:00;2,6; m/s
20-03-2025;21:00:00;2,7; m/s
20-03-2025;21:10:00;2,6; m/s
20-03-2025;21:20:00;2,8; m/s
20-03-2025;21:30:00;2,7; m/s
20-03-2025;21:40:00;2,5; m/s
20-03-2025;21:50:00;2,2; m/s
20-03-2025;22:00:00;2,2; m/s
20-03-2025;22:10:00;1,9; m/s
20-03-2025;22:20:00;1,7; m/s
20-03-2025;22:30:00;1,8; m/s
20-03-2025;22:40:00;2,2; m/s
20-03-2025;22:50:00;2,2; m/s
20-03-2025;23:00:00;2; m/s
20-03-2025;23:10:00;1,8; m/s
20-03-2025;23:20:00;2,1; m/s
20-03-2025;23:30:00;2,2; m/s
20-03-2025;23:40:00;2,2; m/s
20-03-2025;23:50:00;2,4; m/s
21-03-2025;00:00:00;2,8; m/s
21-03-2025;00:10:00;2,7; m/s
21-03-2025;00:20:00;3,2; m/s
21-03-2025;00:30:00;3,9; m/s
21-03-2025;00:40:00;3,8; m/s
21-03-2025;00:50:00;3,5; m/s
21-03-2025;01:00:00;3,4; m/s
21-03-2025;01:10:00;3,1; m/s
21-03-2025;01:20:00;2,6; m/s
21-03-2025;01:30:00;2,4; m/s
21-03-2025;01:40:00;1,8; m/s
21-03-2025;01:50:00;1,4; m/s
21-03-2025;02:00:00;0,9; m/s
21-03-2025;02:10:00;0,1; m/s
21-03-2025;02:20:00;0,2; m/s
21-03-2025;02:30:00;0,7; m/s
21-03-2025;02:40:00;1,7; m/s
21-03-2025;02:50:00;1,9; m/s
21-03-2025;03:00:00;2,1; m/s
21-03-2025;03:10:00;1,9; m/s
21-03-2025;03:20:00;1,7; m/s
21-03-2025;03:30:00;1,8; m/s
21-03-2025;03:40:00;1,7; m/s
21-03-2025;03:50:00;1,8; m/s
21-03-2025;04:00:00;1,6; m/s
21-03-2025;04:10:00;2,1; m/s
21-03-2025;04:20:00;2,2; m/s
21-03-2025;04:30:00;1,8; m/s
21-03-2025;04:40:00;1,7; m/s
21-03-2025;04:50:00;1,6; m/s
21-03-2025;05:00:00;1,8; m/s
21-03-2025;05:10:00;1,4; m/s
21-03-2025;05:20:00;1,8; m/s
21-03-2025;05:30:00;2,2; m/s
21-03-2025;05:40:00;2,3; m/s
21-03-2025;05:50:00;2,5; m/s
21-03-2025;06:00:00;2,5; m/s
21-03-2025;06:10:00;1,7; m/s
21-03-2025;06:20:00;1,9; m/s
21-03-2025;06:30:00;1,9; m/s
21-03-2025;06:40:00;1,2; m/s
21-03-2025;06:50:00;1,5; m/s
21-03-2025;07:00:00;1,2; m/s
21-03-2025;07:10:00;1; m/s
21-03-2025;07:20:00;0,3; m/s
21-03-2025;07:30:00;1; m/s
21-03-2025;07:40:00;1,6; m/s
21-03-2025;07:50:00;2; m/s
21-03-2025;08:00:00;2,4; m/s
21-03-2025;08:10:00;2,5; m/s
21-03-2025;08:20:00;2,4; m/s
21-03-2025;08:30:00;2,2; m/s
21-03-2025;08:40:00;1,7; m/s
21-03-2025;08:50:00;1,9; m/s
21-03-2025;09:00:00;2,5; m/s
21-03-2025;09:10:00;2; m/s
21-03-2025;09:20:00;2,5; m/s
21-03-2025;09:30:00;2,1; m/s
21-03-2025;09:40:00;2,2; m/s
21-03-2025;09:50:00;2,3; m/s
21-03-2025;10:00:00;2,2; m/s
21-03-2025;10:10:00;2,1; m/s
21-03-2025;10:20:00;1,7; m/s
21-03-2025;10:30:00;1,7; m/s
21-03-2025;10:40:00;1,6; m/s
21-03-2025;10:50:00;1,6; m/s
21-03-2025;11:00:00;1,6; m/s
21-03-2025;11:10:00;1,7; m/s
21-03-2025;11:20:00;1,9; m/s
21-03-2025;11:30:00;2,2; m/s
21-03-2025;11:40:00;2,4; m/s
21-03-2025;11:50:00;2,5; m/s
21-03-2025;12:00:00;2,1; m/s
21-03-2025;12:10:00;2,3; m/s
21-03-2025;12:20:00;2,1; m/s
21-03-2025;12:30:00;2,3; m/s
21-03-2025;12:40:00;2; m/s
21-03-2025;12:50:00;2; m/s
21-03-2025;13:00:00;2; m/s
21-03-2025;13:10:00;1,9; m/s
21-03-2025;13:20:00;2,2; m/s
21-03-2025;13:30:00;2,4; m/s
21-03-2025;13:40:00;2,2; m/s
21-03-2025;13:50:00;2,1; m/s
21-03-2025;14:00:00;1,9; m/s
21-03-2025;14:10:00;2; m/s
21-03-2025;14:20:00;1,9; m/s
21-03-2025;14:30:00;2,2; m/s
21-03-2025;14:40:00;2,1; m/s
21-03-2025;14:50:00;2,1; m/s
21-03-2025;15:00:00;2,1; m/s
21-03-2025;15:10:00;2,4; m/s
21-03-2025;15:20:00;2; m/s
21-03-2025;15:30:00;1,9; m/s
21-03-2025;15:40:00;1,8; m/s
21-03-2025;15:50:00;2; m/s
21-03-2025;16:00:00;2; m/s
21-03-2025;16:10:00;2; m/s
21-03-2025;16:20:00;1,7; m/s
21-03-2025;16:30:00;1,5; m/s
21-03-2025;16:40:00;1,7; m/s
21-03-2025;16:50:00;1,8; m/s
21-03-2025;17:00:00;1,6; m/s
21-03-2025;17:10:00;1,6; m/s
21-03-2025;17:20:00;1,1; m/s
21-03-2025;17:30:00;1,2; m/s
21-03-2025;17:40:00;1,2; m/s
21-03-2025;17:50:00;1,2; m/s
21-03-2025;18:00:00;1,5; m/s
21-03-2025;18:10:00;1,2; m/s
21-03-2025;18:20:00;1,6; m/s
21-03-2025;18:30:00;1,5; m/s
21-03-2025;18:40:00;1,6; m/s
21-03-2025;18:50:00;1,8; m/s
21-03-2025;19:00:00;1,3; m/s
21-03-2025;19:10:00;1,7; m/s
21-03-2025;19:20:00;1,3; m/s
21-03-2025;19:30:00;1,5; m/s
21-03-2025;19:40:00;1,3; m/s
21-03-2025;19:50:00;1,1; m/s
21-03-2025;20:00:00;0,6; m/s
21-03-2025;20:10:00;0,5; m/s
21-03-2025;20:20:00;1; m/s
21-03-2025;20:30:00;1; m/s
21-03-2025;20:40:00;1,2; m/s
21-03-2025;20:50:00;1,5; m/s
21-03-2025;21:00:00;1,8; m/s
21-03-2025;21:10:00;2,3; m/s
21-03-2025;21:20:00;1,8; m/s
21-03-2025;21:30:00;2,4; m/s
21-03-2025;21:40:00;2,2; m/s
21-03-2025;21:50:00;1,8; m/s
21-03-2025;22:00:00;2,4; m/s
21-03-2025;22:10:00;2,5; m/s
21-03-2025;22:20:00;2,4; m/s
21-03-2025;22:30:00;3,3; m/s
21-03-2025;22:40:00;3,4; m/s
21-03-2025;22:50:00;3,1; m/s
21-03-2025;23:00:00;3; m/s
21-03-2025;23:10:00;2,6; m/s
21-03-2025;23:20:00;1,8; m/s
21-03-2025;23:30:00;2,1; m/s
21-03-2025;23:40:00;2,1; m/s
21-03-2025;23:50:00;2,7; m/s
22-03-2025;00:00:00;2,9; m/s
22-03-2025;00:10:00;3,7; m/s
22-03-2025;00:20:00;3,4; m/s
22-03-2025;00:30:00;3,3; m/s
22-03-2025;00:40:00;3,1; m/s
22-03-2025;00:50:00;3,2; m/s
22-03-2025;01:00:00;3,2; m/s
22-03-2025;01:10:00;3,5; m/s
22-03-2025;01:20:00;2,9; m/s
22-03-2025;01:30:00;2,8; m/s
22-03-2025;01:40:00;3,4; m/s
22-03-2025;01:50:00;3,6; m/s
22-03-2025;02:00:00;3; m/s
22-03-2025;02:10:00;2,7; m/s
22-03-2025;02:20:00;3; m/s
22-03-2025;02:30:00;2,3; m/s
22-03-2025;02:40:00;1,2; m/s
22-03-2025;02:50:00;0,9; m/s
22-03-2025;03:00:00;1; m/s
22-03-2025;03:10:00;1; m/s
22-03-2025;03:20:00;0,5; m/s
22-03-2025;03:30:00;0,8; m/s
22-03-2025;03:40:00;1,4; m/s
22-03-2025;03:50:00;1,6; m/s
22-03-2025;04:00:00;1,8; m/s
22-03-2025;04:10:00;1,5; m/s
22-03-2025;04:20:00;1,2; m/s
22-03-2025;04:30:00;0,6; m/s
22-03-2025;04:40:00;0,8; m/s
22-03-2025;04:50:00;1,5; m/s
22-03-2025;05:00:00;2; m/s
22-03-2025;05:10:00;2,1; m/s
22-03-2025;05:20:00;1,9; m/s
22-03-2025;05:30:00;1,1; m/s
22-03-2025;05:40:00;1,3; m/s
22-03-2025;05:50:00;2,3; m/s
22-03-2025;06:00:00;2; m/s
22-03-2025;06:10:00;1,6; m/s
22-03-2025;06:20:00;0,8; m/s
22-03-2025;06:30:00;1,2; m/s
22-03-2025;06:40:00;2,7; m/s
22-03-2025;06:50:00;3,2; m/s
22-03-2025;07:00:00;2,6; m/s
22-03-2025;07:10:00;2,2; m/s
22-03-2025;07:20:00;2,4; m/s
22-03-2025;07:30:00;1,9; m/s
22-03-2025;07:40:00;2,1; m/s
22-03-2025;07:50:00;1,8; m/s
22-03-2025;08:00:00;1,3; m/s
22-03-2025;08:10:00;1,5; m/s
22-03-2025;08:20:00;2,6; m/s
22-03-2025;08:30:00;2,9; m/s
22-03-2025;08:40:00;1,6; m/s
22-03-2025;08:50:00;2,5; m/s
22-03-2025;09:00:00;2; m/s
22-03-2025;09:10:00;1,5; m/s
22-03-2025;09:20:00;2,5; m/s
22-03-2025;09:30:00;2; m/s
22-03-2025;09:40:00;1; m/s
22-03-2025;09:50:00;0,6; m/s
22-03-2025;10:00:00;0,8; m/s
22-03-2025;10:10:00;1,4; m/s
22-03-2025;10:20:00;1,2; m/s
22-03-2025;10:30:00;1,8; m/s
22-03-2025;10:40:00;2; m/s
22-03-2025;10:50:00;2,9; m/s
22-03-2025;11:00:00;4,1; m/s
22-03-2025;11:10:00;4,1; m/s
22-03-2025;11:20:00;3; m/s
22-03-2025;11:30:00;2,8; m/s
22-03-2025;11:40:00;2,5; m/s
22-03-2025;11:50:00;1,5; m/s
22-03-2025;12:00:00;1,1; m/s
22-03-2025;12:10:00;1,6; m/s
22-03-2025;12:20:00;1,8; m/s
22-03-2025;12:30:00;1,8; m/s
22-03-2025;12:40:00;1,8; m/s
22-03-2025;12:50:00;2,6; m/s
22-03-2025;13:00:00;2,6; m/s
22-03-2025;13:10:00;1,9; m/s
22-03-2025;13:20:00;1,8; m/s
22-03-2025;13:30:00;1,5; m/s
22-03-2025;13:40:00;1,4; m/s
22-03-2025;13:50:00;1,7; m/s
22-03-2025;14:00:00;2,4; m/s
22-03-2025;14:10:00;2,7; m/s
22-03-2025;14:20:00;2,4; m/s
22-03-2025;14:30:00;2,8; m/s
22-03-2025;14:40:00;2,7; m/s
22-03-2025;14:50:00;2,9; m/s
22-03-2025;15:00:00;3,3; m/s
22-03-2025;15:10:00;2,7; m/s
22-03-2025;15:20:00;3,2; m/s
22-03-2025;15:30:00;2,5; m/s
22-03-2025;15:40:00;2,6; m/s
22-03-2025;15:50:00;2,8; m/s
22-03-2025;16:00:00;3,1; m/s
22-03-2025;16:10:00;2,6; m/s
22-03-2025;16:20:00;2,4; m/s
22-03-2025;16:30:00;2,3; m/s
22-03-2025;16:40:00;2,4; m/s
22-03-2025;16:50:00;2,3; m/s
22-03-2025;17:00:00;1,9; m/s
22-03-2025;17:10:00;1,5; m/s
22-03-2025;17:20:00;1,6; m/s
22-03-2025;17:30:00;1,5; m/s
22-03-2025;17:40:00;1,7; m/s
22-03-2025;17:50:00;2,1; m/s
22-03-2025;18:00:00;2,7; m/s
22-03-2025;18:10:00;3,2; m/s
22-03-2025;18:20:00;2,2; m/s
22-03-2025;18:30:00;1,7; m/s
22-03-2025;18:40:00;3,7; m/s
22-03-2025;18:50:00;3,2; m/s
22-03-2025;19:00:00;3,4; m/s
22-03-2025;19:10:00;3; m/s
22-03-2025;19:20:00;4,4; m/s
22-03-2025;19:30:00;5,3; m/s
22-03-2025;19:40:00;5,3; m/s
22-03-2025;19:50:00;5,2; m/s
22-03-2025;20:00:00;5,9; m/s
22-03-2025;20:10:00;7,4; m/s
22-03-2025;20:20:00;7; m/s
22-03-2025;20:30:00;6,2; m/s
22-03-2025;20:40:00;6,6; m/s
22-03-2025;20:50:00;6; m/s
22-03-2025;21:00:00;7,4; m/s
22-03-2025;21:10:00;5,5; m/s
22-03-2025;21:20:00;4,6; m/s
22-03-2025;21:30:00;6,3; m/s
22-03-2025;21:40:00;5,5; m/s
22-03-2025;21:50:00;6,1; m/s
22-03-2025;22:00:00;7; m/s
22-03-2025;22:10:00;6; m/s
22-03-2025;22:20:00;5,5; m/s
22-03-2025;22:30:00;5,1; m/s
22-03-2025;22:40:00;5,6; m/s
22-03-2025;22:50:00;6,9; m/s
22-03-2025;23:00:00;6,8; m/s
22-03-2025;23:10:00;6,4; m/s
22-03-2025;23:20:00;5,3; m/s
22-03-2025;23:30:00;6; m/s
22-03-2025;23:40:00;5,3; m/s
22-03-2025;23:50:00;5,9; m/s
23-03-2025;00:00:00;6; m/s
23-03-2025;00:10:00;4,9; m/s
23-03-2025;00:20:00;4,8; m/s
23-03-2025;00:30:00;4,7; m/s
23-03-2025;00:40:00;3,8; m/s
23-03-2025;00:50:00;5,4; m/s
23-03-2025;01:00:00;5,6; m/s
23-03-2025;01:10:00;6,6; m/s
23-03-2025;01:20:00;7,1; m/s
23-03-2025;01:30:00;7,1; m/s
23-03-2025;01:40:00;5,8; m/s
23-03-2025;01:50:00;5,1; m/s
23-03-2025;02:00:00;3,1; m/s
23-03-2025;02:10:00;2,8; m/s
23-03-2025;02:20:00;3,9; m/s
23-03-2025;02:30:00;4,3; m/s
23-03-2025;02:40:00;3,4; m/s
23-03-2025;02:50:00;2,4; m/s
23-03-2025;03:00:00;2,8; m/s
23-03-2025;03:10:00;4,4; m/s
23-03-2025;03:20:00;5,3; m/s
23-03-2025;03:30:00;5,3; m/s
23-03-2025;03:40:00;4,1; m/s
23-03-2025;03:50:00;3,6; m/s
23-03-2025;04:00:00;3,4; m/s
23-03-2025;04:10:00;2,6; m/s
23-03-2025;04:20:00;3,6; m/s
23-03-2025;04:30:00;3,2; m/s
23-03-2025;04:40:00;3,3; m/s
23-03-2025;04:50:00;2,7; m/s
23-03-2025;05:00:00;3,8; m/s
23-03-2025;05:10:00;3,9; m/s
23-03-2025;05:20:00;3,2; m/s
23-03-2025;05:30:00;3,3; m/s
23-03-2025;05:40:00;2,6; m/s
23-03-2025;05:50:00;3,4; m/s
23-03-2025;06:00:00;4; m/s
23-03-2025;06:10:00;3,4; m/s
23-03-2025;06:20:00;3,1; m/s
23-03-2025;06:30:00;3,9; m/s
23-03-2025;06:40:00;4,6; m/s
23-03-2025;06:50:00;3,9; m/s
23-03-2025;07:00:00;3,7; m/s
23-03-2025;07:10:00;4; m/s
23-03-2025;07:20:00;2,8; m/s
23-03-2025;07:30:00;2,7; m/s
23-03-2025;07:40:00;2,5; m/s
23-03-2025;07:50:00;2,6; m/s
23-03-2025;08:00:00;2,4; m/s
23-03-2025;08:10:00;3; m/s
23-03-2025;08:20:00;2,8; m/s
23-03-2025;08:30:00;2,1; m/s
23-03-2025;08:40:00;2,1; m/s
23-03-2025;08:50:00;1,4; m/s
23-03-2025;09:00:00;0,9; m/s
23-03-2025;09:10:00;1,2; m/s
23-03-2025;09:20:00;1,6; m/s
23-03-2025;09:30:00;2,1; m/s
23-03-2025;09:40:00;1,8; m/s
23-03-2025;09:50:00;2,5; m/s
23-03-2025;10:00:00;2,7; m/s
23-03-2025;10:10:00;2,9; m/s
23-03-2025;10:20:00;3,2; m/s
23-03-2025;10:30:00;3,8; m/s
23-03-2025;10:40:00;4,5; m/s
23-03-2025;10:50:00;4,7; m/s
23-03-2025;11:00:00;5; m/s
23-03-2025;11:10:00;5,8; m/s
23-03-2025;11:20:00;4,7; m/s
23-03-2025;11:30:00;5; m/s
23-03-2025;11:40:00;4,1; m/s
23-03-2025;11:50:00;4,5; m/s
23-03-2025;12:00:00;5,6; m/s
23-03-2025;12:10:00;5,4; m/s
23-03-2025;12:20:00;6; m/s
23-03-2025;12:30:00;5,4; m/s
23-03-2025;12:40:00;5,5; m/s
23-03-2025;12:50:00;4,7; m/s
23-03-2025;13:00:00;4,7; m/s
23-03-2025;13:10:00;4,7; m/s
23-03-2025;13:20:00;4,4; m/s
23-03-2025;13:30:00;3,8; m/s
23-03-2025;13:40:00;3,5; m/s
23-03-2025;13:50:00;2,9; m/s
23-03-2025;14:00:00;3,4; m/s
23-03-2025;14:10:00;3,1; m/s
23-03-2025;14:20:00;2,9; m/s
23-03-2025;14:30:00;2,5; m/s
23-03-2025;14:40:00;2,1; m/s
23-03-2025;14:50:00;1,8; m/s
23-03-2025;15:00:00;1,9; m/s
23-03-2025;15:10:00;1,6; m/s
23-03-2025;15:20:00;1,4; m/s
23-03-2025;15:30:00;1,2; m/s
23-03-2025;15:40:00;2,2; m/s
23-03-2025;15:50:00;1,9; m/s
23-03-2025;16:00:00;1,8; m/s
23-03-2025;16:10:00;1,1; m/s
23-03-2025;16:20:00;1,1; m/s
23-03-2025;16:30:00;1,3; m/s
23-03-2025;16:40:00;2; m/s
23-03-2025;16:50:00;1,8; m/s
23-03-2025;17:00:00;2,4; m/s
23-03-2025;17:10:00;2,6; m/s
23-03-2025;17:20:00;3,1; m/s
23-03-2025;17:30:00;1,8; m/s
23-03-2025;17:40:00;2,4; m/s
23-03-2025;17:50:00;2,7; m/s
23-03-2025;18:00:00;2,3; m/s
23-03-2025;18:10:00;1,8; m/s
23-03-2025;18:20:00;1,7; m/s
23-03-2025;18:30:00;1,9; m/s
23-03-2025;18:40:00;1,5; m/s
23-03-2025;18:50:00;1,6; m/s
23-03-2025;19:00:00;1,6; m/s
23-03-2025;19:10:00;1,9; m/s
23-03-2025;19:20:00;2,9; m/s
23-03-2025;19:30:00;3,5; m/s
23-03-2025;19:40:00;2,7; m/s
23-03-2025;19:50:00;2,8; m/s
23-03-2025;20:00:00;2,1; m/s
23-03-2025;20:10:00;2,3; m/s
23-03-2025;20:20:00;1,1; m/s
23-03-2025;20:30:00;1,3; m/s
23-03-2025;20:40:00;2,1; m/s
23-03-2025;20:50:00;2,8; m/s
23-03-2025;21:00:00;3; m/s
23-03-2025;21:10:00;2,5; m/s
23-03-2025;21:20:00;2,4; m/s
23-03-2025;21:30:00;2,2; m/s
23-03-2025;21:40:00;2,4; m/s
23-03-2025;21:50:00;3; m/s
23-03-2025;22:00:00;3,2; m/s
23-03-2025;22:10:00;3,2; m/s
23-03-2025;22:20:00;2,6; m/s
23-03-2025;22:30:00;2,6; m/s
23-03-2025;22:40:00;2,1; m/s
23-03-2025;22:50:00;1,1; m/s
23-03-2025;23:00:00;1,4; m/s
23-03-2025;23:10:00;2,6; m/s
23-03-2025;23:20:00;2; m/s
23-03-2025;23:30:00;2,8; m/s
23-03-2025;23:40:00;1,9; m/s
23-03-2025;23:50:00;2; m/s
24-03-2025;00:00:00;1,9; m/s
24-03-2025;00:10:00;1,8; m/s
24-03-2025;00:20:00;1,9; m/s
24-03-2025;00:30:00;1,9; m/s
24-03-2025;00:40:00;1,9; m/s
24-03-2025;00:50:00;2,4; m/s
24-03-2025;01:00:00;2,2; m/s
24-03-2025;01:10:00;2,1; m/s
24-03-2025;01:20:00;2,1; m/s
24-03-2025;01:30:00;1,6; m/s
24-03-2025;01:40:00;1,6; m/s
24-03-2025;01:50:00;1,5; m/s
24-03-2025;02:00:00;1,3; m/s
24-03-2025;02:10:00;1,8; m/s
24-03-2025;02:20:00;1,7; m/s
24-03-2025;02:30:00;2,3; m/s
24-03-2025;02:40:00;2,6; m/s
24-03-2025;02:50:00;2,2; m/s
24-03-2025;03:00:00;1,4; m/s
24-03-2025;03:10:00;1,3; m/s
24-03-2025;03:20:00;0,7; m/s
24-03-2025;03:30:00;1,1; m/s
24-03-2025;03:40:00;1,3; m/s
24-03-2025;03:50:00;1,4; m/s
24-03-2025;04:00:00;1,3; m/s
24-03-2025;04:10:00;1,1; m/s
24-03-2025;04:20:00;1,4; m/s
24-03-2025;04:30:00;1,3; m/s
24-03-2025;04:40:00;1,5; m/s
24-03-2025;04:50:00;1,7; m/s
24-03-2025;05:00:00;1,9; m/s
24-03-2025;05:10:00;1,9; m/s
24-03-2025;05:20:00;2,2; m/s
24-03-2025;05:30:00;2; m/s
24-03-2025;05:40:00;1,2; m/s
24-03-2025;05:50:00;0,4; m/s
24-03-2025;06:00:00;0,6; m/s
24-03-2025;06:10:00;1,2; m/s
24-03-2025;06:20:00;2; m/s
24-03-2025;06:30:00;1,7; m/s
24-03-2025;06:40:00;1,6; m/s
24-03-2025;06:50:00;1,9; m/s
24-03-2025;07:00:00;2,6; m/s
24-03-2025;07:10:00;1,5; m/s
24-03-2025;07:20:00;1,7; m/s
24-03-2025;07:30:00;2; m/s
24-03-2025;07:40:00;2,1; m/s
24-03-2025;07:50:00;1,7; m/s
24-03-2025;08:00:00;1,4; m/s
24-03-2025;08:10:00;2,1; m/s
24-03-2025;08:20:00;1,5; m/s
24-03-2025;08:30:00;0,7; m/s
24-03-2025;08:40:00;1,9; m/s
24-03-2025;08:50:00;1,7; m/s
24-03-2025;09:00:00;2; m/s
24-03-2025;09:10:00;2,3; m/s
24-03-2025;09:20:00;1; m/s
24-03-2025;09:30:00;1; m/s
24-03-2025;09:40:00;0,9; m/s
24-03-2025;09:50:00;1,9; m/s
24-03-2025;10:00:00;2,2; m/s
24-03-2025;10:10:00;2,1; m/s
24-03-2025;10:20:00;1,7; m/s
24-03-2025;10:30:00;2,4; m/s
24-03-2025;10:40:00;3,5; m/s
24-03-2025;10:50:00;3,4; m/s
24-03-2025;11:00:00;2,1; m/s
24-03-2025;11:10:00;1,7; m/s
24-03-2025;11:20:00;2,7; m/s
24-03-2025;11:30:00;1,8; m/s
24-03-2025;11:40:00;2,6; m/s
24-03-2025;11:50:00;2,2; m/s
24-03-2025;12:00:00;2; m/s
24-03-2025;12:10:00;2,2; m/s
24-03-2025;12:20:00;1,9; m/s
24-03-2025;12:30:00;2,3; m/s
24-03-2025;12:40:00;1,7; m/s
24-03-2025;12:50:00;2; m/s
24-03-2025;13:00:00;1,9; m/s
24-03-2025;13:10:00;2,1; m/s
24-03-2025;13:20:00;2; m/s
24-03-2025;13:30:00;3,3; m/s
24-03-2025;13:40:00;3,2; m/s
24-03-2025;13:50:00;2,2; m/s
24-03-2025;14:00:00;4; m/s
24-03-2025;14:10:00;3,9; m/s
24-03-2025;14:20:00;3,7; m/s
24-03-2025;14:30:00;4,1; m/s
24-03-2025;14:40:00;4,6; m/s
24-03-2025;14:50:00;5,7; m/s
24-03-2025;15:00:00;6,6; m/s
24-03-2025;15:10:00;6,5; m/s
24-03-2025;15:20:00;6,5; m/s
24-03-2025;15:30:00;6; m/s
24-03-2025;15:40:00;6; m/s
24-03-2025;15:50:00;4,9; m/s
24-03-2025;16:00:00;6,7; m/s
24-03-2025;16:10:00;6,7; m/s
24-03-2025;16:20:00;5,8; m/s
24-03-2025;16:30:00;5,1; m/s
24-03-2025;16:40:00;4,7; m/s
24-03-2025;16:50:00;4,6; m/s
24-03-2025;17:00:00;3,8; m/s
24-03-2025;17:10:00;3,4; m/s
24-03-2025;17:20:00;3,8; m/s
24-03-2025;17:30:00;5,1; m/s
24-03-2025;17:40:00;5,8; m/s
24-03-2025;17:50:00;6,1; m/s
24-03-2025;18:00:00;6,2; m/s
24-03-2025;18:10:00;5,3; m/s
24-03-2025;18:20:00;3,8; m/s
24-03-2025;18:30:00;2,4; m/s
24-03-2025;18:40:00;2,9; m/s
24-03-2025;18:50:00;3,2; m/s
24-03-2025;19:00:00;3,7; m/s
24-03-2025;19:10:00;3,8; m/s
24-03-2025;19:20:00;3,3; m/s
24-03-2025;19:30:00;2,3; m/s
24-03-2025;19:40:00;1,5; m/s
24-03-2025;19:50:00;1,7; m/s
24-03-2025;20:00:00;2,6; m/s
24-03-2025;20:10:00;2,9; m/s
24-03-2025;20:20:00;3,3; m/s
24-03-2025;20:30:00;2,7; m/s
24-03-2025;20:40:00;3,1; m/s
24-03-2025;20:50:00;2,3; m/s
24-03-2025;21:00:00;3,7; m/s
24-03-2025;21:10:00;3,8; m/s
24-03-2025;21:20:00;3,2; m/s
24-03-2025;21:30:00;2,2; m/s
24-03-2025;21:40:00;3,3; m/s
24-03-2025;21:50:00;3,2; m/s
24-03-2025;22:00:00;2,6; m/s
24-03-2025;22:10:00;2,6; m/s
24-03-2025;22:20:00;2,7; m/s
24-03-2025;22:30:00;3,1; m/s
24-03-2025;22:40:00;2; m/s
24-03-2025;22:50:00;2,1; m/s
24-03-2025;23:00:00;2,4; m/s
24-03-2025;23:10:00;2,7; m/s
24-03-2025;23:20:00;2,8; m/s
24-03-2025;23:30:00;2,1; m/s
24-03-2025;23:40:00;2; m/s
24-03-2025;23:50:00;1,7; m/s
25-03-2025;00:00:00;1,8; m/s
25-03-2025;00:10:00;2,2; m/s
25-03-2025;00:20:00;1,2; m/s
25-03-2025;00:30:00;2; m/s
25-03-2025;00:40:00;2,7; m/s
25-03-2025;00:50:00;3,2; m/s
25-03-2025;01:00:00;3,5; m/s
25-03-2025;01:10:00;3; m/s
25-03-2025;01:20:00;3,5; m/s
25-03-2025;01:30:00;2,9; m/s
25-03-2025;01:40:00;2,2; m/s
25-03-2025;01:50:00;1,9; m/s
25-03-2025;02:00:00;1,3; m/s
25-03-2025;02:10:00;0,8; m/s
25-03-2025;02:20:00;1,1; m/s
25-03-2025;02:30:00;1,3; m/s
25-03-2025;02:40:00;2; m/s
25-03-2025;02:50:00;1,9; m/s
25-03-2025;03:00:00;1,5; m/s
25-03-2025;03:10:00;1,4; m/s
25-03-2025;03:20:00;1,7; m/s
25-03-2025;03:30:00;2,1; m/s
25-03-2025;03:40:00;2; m/s
25-03-2025;03:50:00;2,4; m/s
25-03-2025;04:00:00;2,1; m/s
25-03-2025;04:10:00;1,7; m/s
25-03-2025;04:20:00;2,3; m/s
25-03-2025;04:30:00;2; m/s
25-03-2025;04:40:00;2,4; m/s
25-03-2025;04:50:00;1,7; m/s
25-03-2025;05:00:00;1; m/s
25-03-2025;05:10:00;1,1; m/s
25-03-2025;05:20:00;1; m/s
25-03-2025;05:30:00;1,7; m/s
25-03-2025;05:40:00;0,9; m/s
25-03-2025;05:50:00;0,9; m/s
25-03-2025;06:00:00;0,8; m/s
25-03-2025;06:10:00;1,1; m/s
25-03-2025;06:20:00;1,4; m/s
25-03-2025;06:30:00;1,4; m/s
25-03-2025;06:40:00;2,1; m/s
25-03-2025;06:50:00;1,2; m/s
25-03-2025;07:00:00;1,5; m/s
25-03-2025;07:10:00;1,9; m/s
25-03-2025;07:20:00;1,7; m/s
25-03-2025;07:30:00;1,7; m/s
25-03-2025;07:40:00;1,8; m/s
25-03-2025;07:50:00;1,7; m/s
25-03-2025;08:00:00;1,5; m/s
25-03-2025;08:10:00;1,2; m/s
25-03-2025;08:20:00;1,5; m/s
25-03-2025;08:30:00;1,5; m/s
25-03-2025;08:40:00;1,5; m/s
25-03-2025;08:50:00;1,6; m/s
25-03-2025;09:00:00;1,8; m/s
25-03-2025;09:10:00;1,6; m/s
25-03-2025;09:20:00;1,2; m/s
25-03-2025;09:30:00;1; m/s
25-03-2025;09:40:00;1; m/s
25-03-2025;09:50:00;1; m/s
25-03-2025;10:00:00;1,1; m/s
25-03-2025;10:10:00;1,5; m/s
25-03-2025;10:20:00;1,4; m/s
25-03-2025;10:30:00;1,5; m/s
25-03-2025;10:40:00;1,4; m/s
25-03-2025;10:50:00;1,5; m/s
25-03-2025;11:00:00;1,5; m/s
25-03-2025;11:10:00;1,7; m/s
25-03-2025;11:20:00;2,2; m/s
25-03-2025;11:30:00;2,1; m/s
25-03-2025;11:40:00;1,7; m/s
25-03-2025;11:50:00;1,7; m/s
25-03-2025;12:00:00;1,5; m/s
25-03-2025;12:10:00;1,5; m/s
25-03-2025;12:20:00;1,7; m/s
25-03-2025;12:30:00;1,5; m/s
25-03-2025;12:40:00;2,4; m/s
25-03-2025;12:50:00;2,8; m/s
25-03-2025;13:00:00;3; m/s
25-03-2025;13:10:00;2,9; m/s
25-03-2025;13:20:00;2,9; m/s
25-03-2025;13:30:00;3; m/s
25-03-2025;13:40:00;3,5; m/s
25-03-2025;13:50:00;3,5; m/s
25-03-2025;14:00:00;3,5; m/s
25-03-2025;14:10:00;3,5; m/s
25-03-2025;14:20:00;2,9; m/s
25-03-2025;14:30:00;3,3; m/s
25-03-2025;14:40:00;3,7; m/s
25-03-2025;14:50:00;3,5; m/s
25-03-2025;15:00:00;4,4; m/s
25-03-2025;15:10:00;5,6; m/s
25-03-2025;15:20:00;5,6; m/s
25-03-2025;15:30:00;3,3; m/s
25-03-2025;15:40:00;2; m/s
25-03-2025;15:50:00;5,1; m/s
25-03-2025;16:00:00;7; m/s
25-03-2025;16:10:00;6,4; m/s
25-03-2025;16:20:00;6,8; m/s
25-03-2025;16:30:00;6,6; m/s
25-03-2025;16:40:00;7,1; m/s
25-03-2025;16:50:00;5,8; m/s
25-03-2025;17:00:00;4,6; m/s
25-03-2025;17:10:00;5,1; m/s
25-03-2025;17:20:00;4,7; m/s
25-03-2025;17:30:00;4,8; m/s
25-03-2025;17:40:00;3,7; m/s
25-03-2025;17:50:00;3,5; m/s
25-03-2025;18:00:00;4,2; m/s
25-03-2025;18:10:00;4,6; m/s
25-03-2025;18:20:00;4,4; m/s
25-03-2025;18:30:00;3,8; m/s
25-03-2025;18:40:00;3,4; m/s
25-03-2025;18:50:00;3,1; m/s
25-03-2025;19:00:00;3,5; m/s
25-03-2025;19:10:00;3,3; m/s
25-03-2025;19:20:00;3,2; m/s
25-03-2025;19:30:00;3,2; m/s
25-03-2025;19:40:00;1,9; m/s
25-03-2025;19:50:00;1,2; m/s
25-03-2025;20:00:00;1,5; m/s
25-03-2025;20:10:00;1,2; m/s
25-03-2025;20:20:00;1,6; m/s
25-03-2025;20:30:00;1,3; m/s
25-03-2025;20:40:00;0,9; m/s
25-03-2025;20:50:00;0,9; m/s
25-03-2025;21:00:00;0,6; m/s
25-03-2025;21:10:00;2; m/s
25-03-2025;21:20:00;3,9; m/s
25-03-2025;21:30:00;4,1; m/s
25-03-2025;21:40:00;3,4; m/s
25-03-2025;21:50:00;4,2; m/s
25-03-2025;22:00:00;3; m/s
25-03-2025;22:10:00;2,8; m/s
25-03-2025;22:20:00;3,3; m/s
25-03-2025;22:30:00;3,5; m/s
25-03-2025;22:40:00;3,3; m/s
25-03-2025;22:50:00;5,5; m/s
25-03-2025;23:00:00;6,2; m/s
25-03-2025;23:10:00;5,7; m/s
25-03-2025;23:20:00;4,7; m/s
25-03-2025;23:30:00;3,8; m/s
25-03-2025;23:40:00;4,3; m/s
25-03-2025;23:50:00;4,4; m/s
26-03-2025;00:00:00;4,2; m/s
26-03-2025;00:10:00;4,9; m/s
26-03-2025;00:20:00;4,3; m/s
26-03-2025;00:30:00;4,6; m/s
26-03-2025;00:40:00;4,5; m/s
26-03-2025;00:50:00;3,8; m/s
26-03-2025;01:00:00;4,1; m/s
26-03-2025;01:10:00;4,2; m/s
26-03-2025;01:20:00;4,4; m/s
26-03-2025;01:30:00;4,7; m/s
26-03-2025;01:40:00;4,5; m/s
26-03-2025;01:50:00;4,3; m/s
26-03-2025;02:00:00;4,5; m/s
26-03-2025;02:10:00;5; m/s
26-03-2025;02:20:00;4,5; m/s
26-03-2025;02:30:00;4,1; m/s
26-03-2025;02:40:00;4,2; m/s
26-03-2025;02:50:00;3,1; m/s
26-03-2025;03:00:00;3,1; m/s
26-03-2025;03:10:00;3; m/s
26-03-2025;03:20:00;2,7; m/s
26-03-2025;03:30:00;3,2; m/s
26-03-2025;03:40:00;3,4; m/s
26-03-2025;03:50:00;3,3; m/s
26-03-2025;04:00:00;3; m/s
26-03-2025;04:10:00;3; m/s
26-03-2025;04:20:00;2,5; m/s
26-03-2025;04:30:00;2,3; m/s
26-03-2025;04:40:00;2,3; m/s
26-03-2025;04:50:00;2,8; m/s
26-03-2025;05:00:00;2,3; m/s
26-03-2025;05:10:00;2,9; m/s
26-03-2025;05:20:00;3,1; m/s
26-03-2025;05:30:00;4,3; m/s
26-03-2025;05:40:00;3,7; m/s
26-03-2025;05:50:00;3,5; m/s
26-03-2025;06:00:00;3,6; m/s
26-03-2025;06:10:00;3,3; m/s
26-03-2025;06:20:00;3,1; m/s
26-03-2025;06:30:00;3,2; m/s
26-03-2025;06:40:00;2,6; m/s
26-03-2025;06:50:00;2,8; m/s
26-03-2025;07:00:00;3,1; m/s
26-03-2025;07:10:00;3,4; m/s
26-03-2025;07:20:00;2,6; m/s
26-03-2025;07:30:00;1,8; m/s
26-03-2025;07:40:00;1,5; m/s
26-03-2025;07:50:00;1,9; m/s
26-03-2025;08:00:00;1,4; m/s
26-03-2025;08:10:00;1,7; m/s
26-03-2025;08:20:00;1,3; m/s
26-03-2025;08:30:00;1; m/s
26-03-2025;08:40:00;1,1; m/s
26-03-2025;08:50:00;2; m/s
26-03-2025;09:00:00;1,7; m/s
26-03-2025;09:10:00;1,3; m/s
26-03-2025;09:20:00;1; m/s
26-03-2025;09:30:00;2,5; m/s
26-03-2025;09:40:00;4,4; m/s
26-03-2025;09:50:00;5,1; m/s
26-03-2025;10:00:00;4,5; m/s
26-03-2025;10:10:00;2,9; m/s
26-03-2025;10:20:00;3,3; m/s
26-03-2025;10:30:00;5,7; m/s
26-03-2025;10:40:00;5,3; m/s
26-03-2025;10:50:00;4,7; m/s
26-03-2025;11:00:00;6,1; m/s
26-03-2025;11:10:00;6,8; m/s
26-03-2025;11:20:00;6,7; m/s
26-03-2025;11:30:00;6,6; m/s
26-03-2025;11:40:00;6,9; m/s
26-03-2025;11:50:00;7,8; m/s
26-03-2025;12:00:00;7,6; m/s
26-03-2025;12:10:00;7,4; m/s
26-03-2025;12:20:00;7,3; m/s
26-03-2025;12:30:00;6,9; m/s
26-03-2025;12:40:00;6,9; m/s
26-03-2025;12:50:00;6,7; m/s
26-03-2025;13:00:00;6,9; m/s
26-03-2025;13:10:00;6,9; m/s
26-03-2025;13:20:00;6,9; m/s
26-03-2025;13:30:00;7,4; m/s
26-03-2025;13:40:00;7,7; m/s
26-03-2025;13:50:00;7,5; m/s
26-03-2025;14:00:00;7,8; m/s
26-03-2025;14:10:00;7,3; m/s
26-03-2025;14:20:00;7,2; m/s
26-03-2025;14:30:00;7,7; m/s
26-03-2025;14:40:00;7,8; m/s
26-03-2025;14:50:00;8; m/s
26-03-2025;15:00:00;5,2; m/s
26-03-2025;15:10:00;5,1; m/s
26-03-2025;15:20:00;4,4; m/s
26-03-2025;15:30:00;4,5; m/s
26-03-2025;15:40:00;3,6; m/s
26-03-2025;15:50:00;3,7; m/s
26-03-2025;16:00:00;3,8; m/s
26-03-2025;16:10:00;4,3; m/s
26-03-2025;16:20:00;3,4; m/s
26-03-2025;16:30:00;2,7; m/s
26-03-2025;16:40:00;3,2; m/s
26-03-2025;16:50:00;4,2; m/s
26-03-2025;17:00:00;4,5; m/s
26-03-2025;17:10:00;3,8; m/s
26-03-2025;17:20:00;4,6; m/s
26-03-2025;17:30:00;5,1; m/s
26-03-2025;17:40:00;4,7; m/s
26-03-2025;17:50:00;4,3; m/s
26-03-2025;18:00:00;4,5; m/s
26-03-2025;18:10:00;3,7; m/s
26-03-2025;18:20:00;3; m/s
26-03-2025;18:30:00;3,2; m/s
26-03-2025;18:40:00;3,4; m/s
26-03-2025;18:50:00;3,1; m/s
26-03-2025;19:00:00;2,9; m/s
26-03-2025;19:10:00;2,3; m/s
26-03-2025;19:20:00;1,9; m/s
26-03-2025;19:30:00;1,8; m/s
26-03-2025;19:40:00;1,5; m/s
26-03-2025;19:50:00;1,9; m/s
26-03-2025;20:00:00;1,9; m/s
26-03-2025;20:10:00;2,2; m/s
26-03-2025;20:20:00;2,5; m/s
26-03-2025;20:30:00;2,4; m/s
26-03-2025;20:40:00;2; m/s
26-03-2025;20:50:00;2; m/s
26-03-2025;21:00:00;2,8; m/s
26-03-2025;21:10:00;3,2; m/s
26-03-2025;21:20:00;3,6; m/s
26-03-2025;21:30:00;3,1; m/s
26-03-2025;21:40:00;3,2; m/s
26-03-2025;21:50:00;3,6; m/s
26-03-2025;22:00:00;3,6; m/s
26-03-2025;22:10:00;3,6; m/s
26-03-2025;22:20:00;3,8; m/s
26-03-2025;22:30:00;3,4; m/s
26-03-2025;22:40:00;3,3; m/s
26-03-2025;22:50:00;2,7; m/s
26-03-2025;23:00:00;2,2; m/s
26-03-2025;23:10:00;2,3; m/s
26-03-2025;23:20:00;2,7; m/s
26-03-2025;23:30:00;2,6; m/s
26-03-2025;23:40:00;2,4; m/s
26-03-2025;23:50:00;2,6; m/s
27-03-2025;00:00:00;3; m/s
27-03-2025;00:10:00;2,3; m/s
27-03-2025;00:20:00;2,2; m/s
27-03-2025;00:30:00;3,3; m/s
27-03-2025;00:40:00;3,2; m/s
27-03-2025;00:50:00;3; m/s
27-03-2025;01:00:00;2,5; m/s
27-03-2025;01:10:00;2,1; m/s
27-03-2025;01:20:00;3,4; m/s
27-03-2025;01:30:00;3,1; m/s
27-03-2025;01:40:00;2,6; m/s
27-03-2025;01:50:00;3,3; m/s
27-03-2025;02:00:00;3,2; m/s
27-03-2025;02:10:00;2,6; m/s
27-03-2025;02:20:00;2,6; m/s
27-03-2025;02:30:00;2,8; m/s
27-03-2025;02:40:00;3; m/s
27-03-2025;02:50:00;2,7; m/s
27-03-2025;03:00:00;2,4; m/s
27-03-2025;03:10:00;1,7; m/s
27-03-2025;03:20:00;2,7; m/s
27-03-2025;03:30:00;1,9; m/s
27-03-2025;03:40:00;1,7; m/s
27-03-2025;03:50:00;2; m/s
27-03-2025;04:00:00;1,3; m/s
27-03-2025;04:10:00;1,7; m/s
27-03-2025;04:20:00;2,1; m/s
27-03-2025;04:30:00;0,9; m/s
27-03-2025;04:40:00;2,4; m/s
27-03-2025;04:50:00;2,5; m/s
27-03-2025;05:00:00;2,4; m/s
27-03-2025;05:10:00;2,8; m/s
27-03-2025;05:20:00;2,6; m/s
27-03-2025;05:30:00;2,8; m/s
27-03-2025;05:40:00;2,6; m/s
27-03-2025;05:50:00;2,1; m/s
27-03-2025;06:00:00;2,3; m/s
27-03-2025;06:10:00;1,9; m/s
27-03-2025;06:20:00;2; m/s
27-03-2025;06:30:00;2,1; m/s
27-03-2025;06:40:00;1,1; m/s
27-03-2025;06:50:00;0; m/s
27-03-2025;07:00:00;1,2; m/s
27-03-2025;07:10:00;1,6; m/s
27-03-2025;07:20:00;2,3; m/s
27-03-2025;07:30:00;2,6; m/s
27-03-2025;07:40:00;2,6; m/s
27-03-2025;07:50:00;2,8; m/s
27-03-2025;08:00:00;2,4; m/s
27-03-2025;08:10:00;2,4; m/s
27-03-2025;08:20:00;1,9; m/s
27-03-2025;08:30:00;2,4; m/s
27-03-2025;08:40:00;2,3; m/s
27-03-2025;08:50:00;2,1; m/s
27-03-2025;09:00:00;2; m/s
27-03-2025;09:10:00;2,1; m/s
27-03-2025;09:20:00;2; m/s
27-03-2025;09:30:00;1,8; m/s
27-03-2025;09:40:00;1,6; m/s
27-03-2025;09:50:00;1,6; m/s
27-03-2025;10:00:00;1,5; m/s
27-03-2025;10:10:00;2,1; m/s
27-03-2025;10:20:00;2,1; m/s
27-03-2025;10:30:00;1,9; m/s
27-03-2025;10:40:00;2,3; m/s
27-03-2025;10:50:00;2,2; m/s
27-03-2025;11:00:00;2,7; m/s
27-03-2025;11:10:00;2,4; m/s
27-03-2025;11:20:00;3; m/s
27-03-2025;11:30:00;3,1; m/s
27-03-2025;11:40:00;3,6; m/s
27-03-2025;11:50:00;4,3; m/s
27-03-2025;12:00:00;5,3; m/s
27-03-2025;12:10:00;6,5; m/s
27-03-2025;12:20:00;7,6; m/s
27-03-2025;12:30:00;7,5; m/s
27-03-2025;12:40:00;6,4; m/s
27-03-2025;12:50:00;5,9; m/s
27-03-2025;13:00:00;6,1; m/s
27-03-2025;13:10:00;5,9; m/s
27-03-2025;13:20:00;5,6; m/s
27-03-2025;13:30:00;5,5; m/s
27-03-2025;13:40:00;5,6; m/s
27-03-2025;13:50:00;5,7; m/s
27-03-2025;14:00:00;5,6; m/s
27-03-2025;14:10:00;5,3; m/s
27-03-2025;14:20:00;5,1; m/s
27-03-2025;14:30:00;3,7; m/s
27-03-2025;14:40:00;4,4; m/s
27-03-2025;14:50:00;3,8; m/s
27-03-2025;15:00:00;3,5; m/s
27-03-2025;15:10:00;4,5; m/s
27-03-2025;15:20:00;4,4; m/s
27-03-2025;15:30:00;3,8; m/s
27-03-2025;15:40:00;4; m/s
27-03-2025;15:50:00;4,7; m/s
27-03-2025;16:00:00;3,7; m/s
27-03-2025;16:10:00;4,5; m/s
27-03-2025;16:20:00;4,2; m/s
27-03-2025;16:30:00;3,6; m/s
27-03-2025;16:40:00;3,3; m/s
27-03-2025;16:50:00;3,3; m/s
27-03-2025;17:00:00;3,6; m/s
27-03-2025;17:10:00;3,8; m/s
27-03-2025;17:20:00;3,4; m/s
27-03-2025;17:30:00;3,1; m/s
27-03-2025;17:40:00;2,6; m/s
27-03-2025;17:50:00;2,7; m/s
27-03-2025;18:00:00;3,4; m/s
27-03-2025;18:10:00;4,4; m/s
27-03-2025;18:20:00;4,1; m/s
27-03-2025;18:30:00;3,3; m/s
27-03-2025;18:40:00;1,7; m/s
27-03-2025;18:50:00;2,2; m/s
27-03-2025;19:00:00;2; m/s
27-03-2025;19:10:00;1,9; m/s
27-03-2025;19:20:00;1,3; m/s
27-03-2025;19:30:00;1,3; m/s
27-03-2025;19:40:00;1; m/s
27-03-2025;19:50:00;0,4; m/s
27-03-2025;20:00:00;0,9; m/s
27-03-2025;20:10:00;0,6; m/s
27-03-2025;20:20:00;1,9; m/s
27-03-2025;20:30:00;2; m/s
27-03-2025;20:40:00;2,3; m/s
27-03-2025;20:50:00;2; m/s
27-03-2025;21:00:00;2,2; m/s
27-03-2025;21:10:00;1,8; m/s
27-03-2025;21:20:00;1,8; m/s
27-03-2025;21:30:00;1,7; m/s
27-03-2025;21:40:00;2,1; m/s
27-03-2025;21:50:00;1,8; m/s
27-03-2025;22:00:00;1,6; m/s
27-03-2025;22:10:00;1,6; m/s
27-03-2025;22:20:00;2; m/s
27-03-2025;22:30:00;2; m/s
27-03-2025;22:40:00;1,7; m/s
27-03-2025;22:50:00;2,1; m/s
27-03-2025;23:00:00;1,9; m/s
27-03-2025;23:10:00;1,7; m/s
27-03-2025;23:20:00;1,3; m/s
27-03-2025;23:30:00;1,5; m/s
27-03-2025;23:40:00;2; m/s
27-03-2025;23:50:00;2,6; m/s
28-03-2025;00:00:00;2,2; m/s
28-03-2025;00:10:00;1,8; m/s
28-03-2025;00:20:00;1,9; m/s
28-03-2025;00:30:00;1,9; m/s
28-03-2025;00:40:00;1,3; m/s
28-03-2025;00:50:00;1,4; m/s
28-03-2025;01:00:00;1,7; m/s
28-03-2025;01:10:00;1,9; m/s
28-03-2025;01:20:00;2; m/s
28-03-2025;01:30:00;0,7; m/s
28-03-2025;01:40:00;1,5; m/s
28-03-2025;01:50:00;1,8; m/s
28-03-2025;02:00:00;2; m/s
28-03-2025;02:10:00;2,2; m/s
28-03-2025;02:20:00;2,2; m/s
28-03-2025;02:30:00;2,3; m/s
28-03-2025;02:40:00;2,3; m/s
28-03-2025;02:50:00;1,6; m/s
28-03-2025;03:00:00;2,6; m/s
28-03-2025;03:10:00;2,5; m/s
28-03-2025;03:20:00;1,7; m/s
28-03-2025;03:30:00;1; m/s
28-03-2025;03:40:00;1,5; m/s
28-03-2025;03:50:00;1,8; m/s
28-03-2025;04:00:00;0,9; m/s
28-03-2025;04:10:00;2; m/s
28-03-2025;04:20:00;2,1; m/s
28-03-2025;04:30:00;2,3; m/s
28-03-2025;04:40:00;2,3; m/s
28-03-2025;04:50:00;2,5; m/s
28-03-2025;05:00:00;2,4; m/s
28-03-2025;05:10:00;2,8; m/s
28-03-2025;05:20:00;2,8; m/s
28-03-2025;05:30:00;2,5; m/s
28-03-2025;05:40:00;2,6; m/s
28-03-2025;05:50:00;2,4; m/s
28-03-2025;06:00:00;1,6; m/s
28-03-2025;06:10:00;1; m/s
28-03-2025;06:20:00;2,1; m/s
28-03-2025;06:30:00;2,6; m/s
28-03-2025;06:40:00;2,5; m/s
28-03-2025;06:50:00;2; m/s
28-03-2025;07:00:00;2,3; m/s
28-03-2025;07:10:00;2,8; m/s
28-03-2025;07:20:00;2,7; m/s
28-03-2025;07:30:00;2,9; m/s
28-03-2025;07:40:00;2,5; m/s
28-03-2025;07:50:00;2,6; m/s
28-03-2025;08:00:00;2,2; m/s
28-03-2025;08:10:00;2,4; m/s
28-03-2025;08:20:00;2,1; m/s
28-03-2025;08:30:00;2,1; m/s
28-03-2025;08:40:00;1,7; m/s
28-03-2025;08:50:00;1,8; m/s
28-03-2025;09:00:00;2,6; m/s
28-03-2025;09:10:00;1,8; m/s
28-03-2025;09:20:00;1,1; m/s
28-03-2025;09:30:00;1,2; m/s
28-03-2025;09:40:00;2,3; m/s
28-03-2025;09:50:00;2,6; m/s
28-03-2025;10:00:00;2; m/s
28-03-2025;10:10:00;2,5; m/s
28-03-2025;10:20:00;2,8; m/s
28-03-2025;10:30:00;2,6; m/s
28-03-2025;10:40:00;2,2; m/s
28-03-2025;10:50:00;1,3; m/s
28-03-2025;11:00:00;1,2; m/s
28-03-2025;11:10:00;1,6; m/s
28-03-2025;11:20:00;1,2; m/s
28-03-2025;11:30:00;1,2; m/s
28-03-2025;11:40:00;1,6; m/s
28-03-2025;11:50:00;3,3; m/s
28-03-2025;12:00:00;5,2; m/s
28-03-2025;12:10:00;6,1; m/s
28-03-2025;12:20:00;5,3; m/s
28-03-2025;12:30:00;5,1; m/s
28-03-2025;12:40:00;4,8; m/s
28-03-2025;12:50:00;5,2; m/s
28-03-2025;13:00:00;6,3; m/s
28-03-2025;13:10:00;6,5; m/s
28-03-2025;13:20:00;6,4; m/s
28-03-2025;13:30:00;7; m/s
28-03-2025;13:40:00;7,2; m/s
28-03-2025;13:50:00;7,5; m/s
28-03-2025;14:00:00;7,6; m/s
28-03-2025;14:10:00;6,7; m/s
28-03-2025;14:20:00;6,5; m/s
28-03-2025;14:30:00;7,5; m/s
28-03-2025;14:40:00;7,1; m/s
28-03-2025;14:50:00;7,4; m/s
28-03-2025;15:00:00;7,4; m/s
28-03-2025;15:10:00;7,7; m/s
28-03-2025;15:20:00;6,7; m/s
28-03-2025;15:30:00;7,4; m/s
28-03-2025;15:40:00;7; m/s
28-03-2025;15:50:00;7,3; m/s
28-03-2025;16:00:00;8,6; m/s
28-03-2025;16:10:00;8,7; m/s
28-03-2025;16:20:00;7,4; m/s
28-03-2025;16:30:00;7,9; m/s
28-03-2025;16:40:00;7,6; m/s
28-03-2025;16:50:00;7,4; m/s
28-03-2025;17:00:00;8,5; m/s
28-03-2025;17:10:00;8,4; m/s
28-03-2025;17:20:00;9; m/s
28-03-2025;17:30:00;8,2; m/s
28-03-2025;17:40:00;8,4; m/s
28-03-2025;17:50:00;9,5; m/s
28-03-2025;18:00:00;8,7; m/s
28-03-2025;18:10:00;8,8; m/s
28-03-2025;18:20:00;9,5; m/s
28-03-2025;18:30:00;8,4; m/s
28-03-2025;18:40:00;8,9; m/s
28-03-2025;18:50:00;8,5; m/s
28-03-2025;19:00:00;8,8; m/s
28-03-2025;19:10:00;8,3; m/s
28-03-2025;19:20:00;8,6; m/s
28-03-2025;19:30:00;8,4; m/s
28-03-2025;19:40:00;6,9; m/s
28-03-2025;19:50:00;7,1; m/s
28-03-2025;20:00:00;6,1; m/s
28-03-2025;20:10:00;6,6; m/s
28-03-2025;20:20:00;4,9; m/s
28-03-2025;20:30:00;3,4; m/s
28-03-2025;20:40:00;2,4; m/s
28-03-2025;20:50:00;1,9; m/s
28-03-2025;21:00:00;2,6; m/s
28-03-2025;21:10:00;2,5; m/s
28-03-2025;21:20:00;2,4; m/s
28-03-2025;21:30:00;1,7; m/s
28-03-2025;21:40:00;1,7; m/s
28-03-2025;21:50:00;1,7; m/s
28-03-2025;22:00:00;2,1; m/s
28-03-2025;22:10:00;1,9; m/s
28-03-2025;22:20:00;1,5; m/s
28-03-2025;22:30:00;1,4; m/s
28-03-2025;22:40:00;1,7; m/s
28-03-2025;22:50:00;1,6; m/s
28-03-2025;23:00:00;1,8; m/s
28-03-2025;23:10:00;2,1; m/s
28-03-2025;23:20:00;1,9; m/s
28-03-2025;23:30:00;1,9; m/s
28-03-2025;23:40:00;2; m/s
28-03-2025;23:50:00;1,5; m/s
29-03-2025;00:00:00;1,5; m/s
29-03-2025;00:10:00;1,7; m/s
29-03-2025;00:20:00;2; m/s
29-03-2025;00:30:00;1,7; m/s
29-03-2025;00:40:00;1,5; m/s
29-03-2025;00:50:00;1; m/s
29-03-2025;01:00:00;1,1; m/s
29-03-2025;01:10:00;1,5; m/s
29-03-2025;01:20:00;0,9; m/s
29-03-2025;01:30:00;0,3; m/s
29-03-2025;01:40:00;0,2; m/s
29-03-2025;01:50:00;0,2; m/s
29-03-2025;02:00:00;0,8; m/s
29-03-2025;02:10:00;1,3; m/s
29-03-2025;02:20:00;1,9; m/s
29-03-2025;02:30:00;1,8; m/s
29-03-2025;02:40:00;1,9; m/s
29-03-2025;02:50:00;1,8; m/s
29-03-2025;03:00:00;1; m/s
29-03-2025;03:10:00;1,3; m/s
29-03-2025;03:20:00;1,4; m/s
29-03-2025;03:30:00;1,4; m/s
29-03-2025;03:40:00;1,2; m/s
29-03-2025;03:50:00;1,4; m/s
29-03-2025;04:00:00;1,9; m/s
29-03-2025;04:10:00;2,3; m/s
29-03-2025;04:20:00;1,8; m/s
29-03-2025;04:30:00;2; m/s
29-03-2025;04:40:00;1,9; m/s
29-03-2025;04:50:00;2,1; m/s
29-03-2025;05:00:00;1,8; m/s
29-03-2025;05:10:00;1,5; m/s
29-03-2025;05:20:00;1,4; m/s
29-03-2025;05:30:00;1,5; m/s
29-03-2025;05:40:00;2,2; m/s
29-03-2025;05:50:00;2,3; m/s
29-03-2025;06:00:00;3,1; m/s
29-03-2025;06:10:00;2; m/s
29-03-2025;06:20:00;1,2; m/s
29-03-2025;06:30:00;0,8; m/s
29-03-2025;06:40:00;1; m/s
29-03-2025;06:50:00;1,3; m/s
29-03-2025;07:00:00;1,8; m/s
29-03-2025;07:10:00;2,8; m/s
29-03-2025;07:20:00;3; m/s
29-03-2025;07:30:00;4,1; m/s
29-03-2025;07:40:00;3,9; m/s
29-03-2025;07:50:00;3,3; m/s
29-03-2025;08:00:00;3; m/s
29-03-2025;08:10:00;2,6; m/s
29-03-2025;08:20:00;2,9; m/s
29-03-2025;08:30:00;2,7; m/s
29-03-2025;08:40:00;2,6; m/s
29-03-2025;08:50:00;3,1; m/s
29-03-2025;09:00:00;3,3; m/s
29-03-2025;09:10:00;0,8; m/s
29-03-2025;09:20:00;1,2; m/s
29-03-2025;09:30:00;2; m/s
29-03-2025;09:40:00;1,8; m/s
29-03-2025;09:50:00;1,6; m/s
29-03-2025;10:00:00;1,8; m/s
29-03-2025;10:10:00;2,1; m/s
29-03-2025;10:20:00;2,1; m/s
29-03-2025;10:30:00;2,1; m/s
29-03-2025;10:40:00;2,2; m/s
29-03-2025;10:50:00;2,1; m/s
29-03-2025;11:00:00;1,9; m/s
29-03-2025;11:10:00;2,1; m/s
29-03-2025;11:20:00;2,3; m/s
29-03-2025;11:30:00;2,4; m/s
29-03-2025;11:40:00;2,4; m/s
29-03-2025;11:50:00;2,3; m/s
29-03-2025;12:00:00;2; m/s
29-03-2025;12:10:00;2,3; m/s
29-03-2025;12:20:00;2,5; m/s
29-03-2025;12:30:00;2,6; m/s
29-03-2025;12:40:00;2,3; m/s
29-03-2025;12:50:00;2,7; m/s
29-03-2025;13:00:00;2,4; m/s
29-03-2025;13:10:00;2,5; m/s
29-03-2025;13:20:00;2,8; m/s
29-03-2025;13:30:00;3; m/s
29-03-2025;13:40:00;3,3; m/s
29-03-2025;13:50:00;3; m/s
29-03-2025;14:00:00;2,8; m/s
29-03-2025;14:10:00;2,4; m/s
29-03-2025;14:20:00;2,3; m/s
29-03-2025;14:30:00;2,2; m/s
29-03-2025;14:40:00;2,7; m/s
29-03-2025;14:50:00;2,2; m/s
29-03-2025;15:00:00;2,8; m/s
29-03-2025;15:10:00;2,9; m/s
29-03-2025;15:20:00;1,7; m/s
29-03-2025;15:30:00;2,9; m/s
29-03-2025;15:40:00;3,2; m/s
29-03-2025;15:50:00;3,3; m/s
29-03-2025;16:00:00;3,6; m/s
29-03-2025;16:10:00;3; m/s
29-03-2025;16:20:00;3,1; m/s
29-03-2025;16:30:00;2,9; m/s
29-03-2025;16:40:00;2,8; m/s
29-03-2025;16:50:00;3,3; m/s
29-03-2025;17:00:00;3,8; m/s
29-03-2025;17:10:00;3; m/s
29-03-2025;17:20:00;3,5; m/s
29-03-2025;17:30:00;3,9; m/s
29-03-2025;17:40:00;3,6; m/s
29-03-2025;17:50:00;3,4; m/s
29-03-2025;18:00:00;3,4; m/s
29-03-2025;18:10:00;3,9; m/s
29-03-2025;18:20:00;3,6; m/s
29-03-2025;18:30:00;3,4; m/s
29-03-2025;18:40:00;3,3; m/s
29-03-2025;18:50:00;3,2; m/s
29-03-2025;19:00:00;3,1; m/s
29-03-2025;19:10:00;3; m/s
29-03-2025;19:20:00;2,9; m/s
29-03-2025;19:30:00;2,9; m/s
29-03-2025;19:40:00;3,3; m/s
29-03-2025;19:50:00;3,4; m/s
29-03-2025;20:00:00;4; m/s
29-03-2025;20:10:00;3,9; m/s
29-03-2025;20:20:00;4,1; m/s
29-03-2025;20:30:00;3,8; m/s
29-03-2025;20:40:00;3,9; m/s
29-03-2025;20:50:00;3,1; m/s
29-03-2025;21:00:00;2,7; m/s
29-03-2025;21:10:00;2,7; m/s
29-03-2025;21:20:00;2,5; m/s
29-03-2025;21:30:00;2,7; m/s
29-03-2025;21:40:00;2,8; m/s
29-03-2025;21:50:00;2,9; m/s
29-03-2025;22:00:00;3,3; m/s
29-03-2025;22:10:00;3,5; m/s
29-03-2025;22:20:00;3,7; m/s
29-03-2025;22:30:00;3,7; m/s
29-03-2025;22:40:00;3,1; m/s
29-03-2025;22:50:00;3; m/s
29-03-2025;23:00:00;3,7; m/s
29-03-2025;23:10:00;3,7; m/s
29-03-2025;23:20:00;3,5; m/s
29-03-2025;23:30:00;3,4; m/s
29-03-2025;23:40:00;3,8; m/s
29-03-2025;23:50:00;3,4; m/s
30-03-2025;00:00:00;3,3; m/s
30-03-2025;00:10:00;3,1; m/s
30-03-2025;00:20:00;4; m/s
30-03-2025;00:30:00;3,9; m/s
30-03-2025;00:40:00;3,7; m/s
30-03-2025;00:50:00;3,7; m/s
30-03-2025;01:00:00;3,5; m/s
30-03-2025;01:10:00;3,4; m/s
30-03-2025;01:20:00;3,5; m/s
30-03-2025;01:30:00;3,8; m/s
30-03-2025;01:40:00;3,9; m/s
30-03-2025;01:50:00;3,7; m/s
30-03-2025;02:00:00;3,3; m/s
30-03-2025;02:10:00;3,5; m/s
30-03-2025;02:20:00;3,5; m/s
30-03-2025;02:30:00;3,9; m/s
30-03-2025;02:40:00;3,9; m/s
30-03-2025;02:50:00;3,6; m/s
30-03-2025;03:00:00;3,4; m/s
30-03-2025;03:10:00;3,4; m/s
30-03-2025;03:20:00;3,9; m/s
30-03-2025;03:30:00;4; m/s
30-03-2025;03:40:00;3,4; m/s
30-03-2025;03:50:00;3,8; m/s
30-03-2025;04:00:00;3,7; m/s
30-03-2025;04:10:00;3,5; m/s
30-03-2025;04:20:00;3,6; m/s
30-03-2025;04:30:00;2,7; m/s
30-03-2025;04:40:00;3,3; m/s
30-03-2025;04:50:00;2,8; m/s
30-03-2025;05:00:00;3,3; m/s
30-03-2025;05:10:00;3,7; m/s
30-03-2025;05:20:00;3,8; m/s
30-03-2025;05:30:00;3,6; m/s
30-03-2025;05:40:00;4,8; m/s
30-03-2025;05:50:00;4,8; m/s
30-03-2025;06:00:00;3,8; m/s
30-03-2025;06:10:00;3,9; m/s
30-03-2025;06:20:00;3,1; m/s
30-03-2025;06:30:00;2,9; m/s
30-03-2025;06:40:00;3,2; m/s
30-03-2025;06:50:00;3,4; m/s
30-03-2025;07:00:00;4,1; m/s
30-03-2025;07:10:00;3,5; m/s
30-03-2025;07:20:00;4; m/s
30-03-2025;07:30:00;3,9; m/s
30-03-2025;07:40:00;3,6; m/s
30-03-2025;07:50:00;3,8; m/s
30-03-2025;08:00:00;4; m/s
30-03-2025;08:10:00;4; m/s
30-03-2025;08:20:00;4,3; m/s
30-03-2025;08:30:00;4,7; m/s
30-03-2025;08:40:00;4,5; m/s
30-03-2025;08:50:00;2,8; m/s
30-03-2025;09:00:00;4,5; m/s
30-03-2025;09:10:00;5,1; m/s
30-03-2025;09:20:00;5,3; m/s
30-03-2025;09:30:00;5,3; m/s
30-03-2025;09:40:00;6,1; m/s
30-03-2025;09:50:00;5,3; m/s
30-03-2025;10:00:00;5,5; m/s
30-03-2025;10:10:00;6,1; m/s
30-03-2025;10:20:00;7,5; m/s
30-03-2025;10:30:00;7,1; m/s
30-03-2025;10:40:00;6,9; m/s
30-03-2025;10:50:00;6,7; m/s
30-03-2025;11:00:00;6,9; m/s
30-03-2025;11:10:00;6,4; m/s
30-03-2025;11:20:00;5,7; m/s
30-03-2025;11:30:00;5; m/s
30-03-2025;11:40:00;5,1; m/s
30-03-2025;11:50:00;5,8; m/s
30-03-2025;12:00:00;4,7; m/s
30-03-2025;12:10:00;6,2; m/s
30-03-2025;12:20:00;4,9; m/s
30-03-2025;12:30:00;4,4; m/s
30-03-2025;12:40:00;3,8; m/s
30-03-2025;12:50:00;4,9; m/s
30-03-2025;13:00:00;5,4; m/s
30-03-2025;13:10:00;5,9; m/s
30-03-2025;13:20:00;5,8; m/s
30-03-2025;13:30:00;5,1; m/s
30-03-2025;13:40:00;2,9; m/s
30-03-2025;13:50:00;3,9; m/s
30-03-2025;14:00:00;4,5; m/s
30-03-2025;14:10:00;5,7; m/s
30-03-2025;14:20:00;5,8; m/s
30-03-2025;14:30:00;4; m/s
30-03-2025;14:40:00;3,7; m/s
30-03-2025;14:50:00;3,6; m/s
30-03-2025;15:00:00;2,8; m/s
30-03-2025;15:10:00;3,3; m/s
30-03-2025;15:20:00;2,8; m/s
30-03-2025;15:30:00;2,6; m/s
30-03-2025;15:40:00;3,9; m/s
30-03-2025;15:50:00;3,6; m/s
30-03-2025;16:00:00;5,7; m/s
30-03-2025;16:10:00;3,4; m/s
30-03-2025;16:20:00;3,6; m/s
30-03-2025;16:30:00;5,1; m/s
30-03-2025;16:40:00;4,8; m/s
30-03-2025;16:50:00;3,2; m/s
30-03-2025;17:00:00;4,7; m/s
30-03-2025;17:10:00;3,2; m/s
30-03-2025;17:20:00;3,3; m/s
30-03-2025;17:30:00;2,1; m/s
30-03-2025;17:40:00;2; m/s
30-03-2025;17:50:00;2,4; m/s
30-03-2025;18:00:00;1,8; m/s
30-03-2025;18:10:00;1,6; m/s
30-03-2025;18:20:00;2,8; m/s
30-03-2025;18:30:00;3,5; m/s
30-03-2025;18:40:00;2,7; m/s
30-03-2025;18:50:00;2,3; m/s
30-03-2025;19:00:00;2,1; m/s
30-03-2025;19:10:00;2; m/s
30-03-2025;19:20:00;2,2; m/s
30-03-2025;19:30:00;1,9; m/s
30-03-2025;19:40:00;2,2; m/s
30-03-2025;19:50:00;3,2; m/s
30-03-2025;20:00:00;2,9; m/s
30-03-2025;20:10:00;1,9; m/s
30-03-2025;20:20:00;2; m/s
30-03-2025;20:30:00;3; m/s
30-03-2025;20:40:00;2,6; m/s
30-03-2025;20:50:00;2,9; m/s
30-03-2025;21:00:00;3,1; m/s
30-03-2025;21:10:00;3,4; m/s
30-03-2025;21:20:00;3,6; m/s
30-03-2025;21:30:00;3,4; m/s
30-03-2025;21:40:00;3; m/s
30-03-2025;21:50:00;3,3; m/s
30-03-2025;22:00:00;2,1; m/s
30-03-2025;22:10:00;1,3; m/s
30-03-2025;22:20:00;1,2; m/s
30-03-2025;22:30:00;1,4; m/s
30-03-2025;22:40:00;2,6; m/s
30-03-2025;22:50:00;1,9; m/s
30-03-2025;23:00:00;1,2; m/s
30-03-2025;23:10:00;2,3; m/s
30-03-2025;23:20:00;2,2; m/s
30-03-2025;23:30:00;2; m/s
30-03-2025;23:40:00;2,7; m/s
30-03-2025;23:50:00;2,4; m/s
31-03-2025;00:00:00;2,1; m/s
31-03-2025;00:10:00;2,1; m/s
31-03-2025;00:20:00;1,7; m/s
31-03-2025;00:30:00;2,1; m/s
31-03-2025;00:40:00;2,6; m/s
31-03-2025;00:50:00;2; m/s
31-03-2025;01:00:00;2; m/s
31-03-2025;01:10:00;2; m/s
31-03-2025;01:20:00;1,8; m/s
31-03-2025;01:30:00;2,1; m/s
31-03-2025;01:40:00;2,2; m/s
31-03-2025;01:50:00;2,3; m/s
31-03-2025;02:00:00;2,4; m/s
31-03-2025;02:10:00;2,5; m/s
31-03-2025;02:20:00;2,3; m/s
31-03-2025;02:30:00;2,2; m/s
31-03-2025;02:40:00;1,4; m/s
31-03-2025;02:50:00;2,6; m/s
31-03-2025;03:00:00;2,3; m/s
31-03-2025;03:10:00;3,5; m/s
31-03-2025;03:20:00;4,1; m/s
31-03-2025;03:30:00;3,4; m/s
31-03-2025;03:40:00;3,6; m/s
31-03-2025;03:50:00;3,3; m/s
31-03-2025;04:00:00;3,1; m/s
31-03-2025;04:10:00;2,8; m/s
31-03-2025;04:20:00;3,4; m/s
31-03-2025;04:30:00;2,9; m/s
31-03-2025;04:40:00;2,7; m/s
31-03-2025;04:50:00;2,2; m/s
31-03-2025;05:00:00;2,7; m/s
31-03-2025;05:10:00;2,9; m/s
31-03-2025;05:20:00;2,8; m/s
31-03-2025;05:30:00;2,2; m/s
31-03-2025;05:40:00;2,3; m/s
31-03-2025;05:50:00;2,5; m/s
31-03-2025;06:00:00;2,7; m/s
31-03-2025;06:10:00;2,7; m/s
31-03-2025;06:20:00;2,7; m/s
31-03-2025;06:30:00;3,2; m/s
31-03-2025;06:40:00;4,8; m/s
31-03-2025;06:50:00;5,5; m/s
31-03-2025;07:00:00;4; m/s
31-03-2025;07:10:00;4,6; m/s
31-03-2025;07:20:00;4,5; m/s
31-03-2025;07:30:00;6,2; m/s
31-03-2025;07:40:00;5,4; m/s
31-03-2025;07:50:00;5,1; m/s
31-03-2025;08:00:00;4,7; m/s
31-03-2025;08:10:00;5,4; m/s
31-03-2025;08:20:00;5,5; m/s
31-03-2025;08:30:00;6,5; m/s
31-03-2025;08:40:00;6,2; m/s
31-03-2025;08:50:00;7,1; m/s
31-03-2025;09:00:00;7,2; m/s
31-03-2025;09:10:00;5,3; m/s
31-03-2025;09:20:00;5,4; m/s
31-03-2025;09:30:00;6; m/s
31-03-2025;09:40:00;5,1; m/s
31-03-2025;09:50:00;4,2; m/s
31-03-2025;10:00:00;4,6; m/s
31-03-2025;10:10:00;4,1; m/s
31-03-2025;10:20:00;3,3; m/s
31-03-2025;10:30:00;3,9; m/s
31-03-2025;10:40:00;3,9; m/s
31-03-2025;10:50:00;3,2; m/s
31-03-2025;11:00:00;2,8; m/s
31-03-2025;11:10:00;2,7; m/s
31-03-2025;11:20:00;4,3; m/s
31-03-2025;11:30:00;3; m/s
31-03-2025;11:40:00;5,9; m/s
31-03-2025;11:50:00;5,1; m/s
31-03-2025;12:00:00;6; m/s
31-03-2025;12:10:00;7,4; m/s
31-03-2025;12:20:00;7,5; m/s
31-03-2025;12:30:00;5,4; m/s
31-03-2025;12:40:00;7,2; m/s
31-03-2025;12:50:00;7,1; m/s
31-03-2025;13:00:00;6,3; m/s
31-03-2025;13:10:00;5,4; m/s
31-03-2025;13:20:00;4,5; m/s
31-03-2025;13:30:00;5,4; m/s
31-03-2025;13:40:00;6,4; m/s
31-03-2025;13:50:00;7,9; m/s
31-03-2025;14:00:00;5,8; m/s
31-03-2025;14:10:00;6,9; m/s
31-03-2025;14:20:00;8,8; m/s
31-03-2025;14:30:00;8,8; m/s
31-03-2025;14:40:00;8; m/s
31-03-2025;14:50:00;8,4; m/s
31-03-2025;15:00:00;8,2; m/s
31-03-2025;15:10:00;6,7; m/s
31-03-2025;15:20:00;8,5; m/s
31-03-2025;15:30:00;7,9; m/s
31-03-2025;15:40:00;7,1; m/s
31-03-2025;15:50:00;8; m/s
31-03-2025;16:00:00;7,7; m/s
31-03-2025;16:10:00;8,7; m/s
31-03-2025;16:20:00;7,9; m/s
31-03-2025;16:30:00;6,5; m/s
31-03-2025;16:40:00;7,5; m/s
31-03-2025;16:50:00;6,8; m/s
31-03-2025;17:00:00;6,6; m/s
31-03-2025;17:10:00;5,6; m/s
31-03-2025;17:20:00;7,2; m/s
31-03-2025;17:30:00;7,1; m/s
31-03-2025;17:40:00;6,6; m/s
31-03-2025;17:50:00;6,7; m/s
31-03-2025;18:00:00;5,3; m/s
31-03-2025;18:10:00;5,5; m/s
31-03-2025;18:20:00;5,5; m/s
31-03-2025;18:30:00;5,9; m/s
31-03-2025;18:40:00;5,3; m/s
31-03-2025;18:50:00;4,6; m/s
31-03-2025;19:00:00;5,2; m/s
31-03-2025;19:10:00;6; m/s
31-03-2025;19:20:00;5,7; m/s
31-03-2025;19:30:00;5,1; m/s
31-03-2025;19:40:00;6,1; m/s
31-03-2025;19:50:00;5,5; m/s
31-03-2025;20:00:00;6,3; m/s
31-03-2025;20:10:00;6,7; m/s
31-03-2025;20:20:00;6,3; m/s
31-03-2025;20:30:00;6,4; m/s
31-03-2025;20:40:00;6,4; m/s
31-03-2025;20:50:00;7; m/s
31-03-2025;21:00:00;7,1; m/s
31-03-2025;21:10:00;6; m/s
31-03-2025;21:20:00;4,4; m/s
31-03-2025;21:30:00;3,9; m/s
31-03-2025;21:40:00;3,7; m/s
31-03-2025;21:50:00;3,7; m/s
31-03-2025;22:00:00;3,9; m/s
31-03-2025;22:10:00;3,6; m/s
31-03-2025;22:20:00;3,3; m/s
31-03-2025;22:30:00;3,4; m/s
31-03-2025;22:40:00;4; m/s
31-03-2025;22:50:00;6,5; m/s
31-03-2025;23:00:00;7,6; m/s
31-03-2025;23:10:00;7,3; m/s
31-03-2025;23:20:00;5,4; m/s
31-03-2025;23:30:00;6,1; m/s
31-03-2025;23:40:00;5,5; m/s
31-03-2025;23:50:00;3,9; m/s
01-04-2025;00:00:00;5; m/s
01-04-2025;00:10:00;4,6; m/s
01-04-2025;00:20:00;3,6; m/s
01-04-2025;00:30:00;3,6; m/s
01-04-2025;00:40:00;3,9; m/s
01-04-2025;00:50:00;3,1; m/s
01-04-2025;01:00:00;4,8; m/s
01-04-2025;01:10:00;5; m/s
01-04-2025;01:20:00;4; m/s
01-04-2025;01:30:00;5; m/s
01-04-2025;01:40:00;6,3; m/s
01-04-2025;01:50:00;6,2; m/s
01-04-2025;02:00:00;5,7; m/s
01-04-2025;02:10:00;5,7; m/s
01-04-2025;02:20:00;7,1; m/s
01-04-2025;02:30:00;6; m/s
01-04-2025;02:40:00;4,5; m/s
01-04-2025;02:50:00;4,1; m/s
01-04-2025;03:00:00;5,5; m/s
01-04-2025;03:10:00;5,2; m/s
01-04-2025;03:20:00;6,1; m/s
01-04-2025;03:30:00;5,4; m/s
01-04-2025;03:40:00;5,4; m/s
01-04-2025;03:50:00;3,7; m/s
01-04-2025;04:00:00;4,1; m/s
01-04-2025;04:10:00;3,9; m/s
01-04-2025;04:20:00;3,7; m/s
01-04-2025;04:30:00;3,9; m/s
01-04-2025;04:40:00;4; m/s
01-04-2025;04:50:00;5,5; m/s
01-04-2025;05:00:00;4,7; m/s
01-04-2025;05:10:00;5,7; m/s
01-04-2025;05:20:00;7,1; m/s
01-04-2025;05:30:00;7,3; m/s
01-04-2025;05:40:00;5,9; m/s
01-04-2025;05:50:00;5,3; m/s
01-04-2025;06:00:00;5,4; m/s
01-04-2025;06:10:00;4,7; m/s
01-04-2025;06:20:00;4; m/s
01-04-2025;06:30:00;3,8; m/s
01-04-2025;06:40:00;4,1; m/s
01-04-2025;06:50:00;4; m/s
01-04-2025;07:00:00;5,4; m/s
01-04-2025;07:10:00;6,6; m/s
01-04-2025;07:20:00;6,8; m/s
01-04-2025;07:30:00;5,9; m/s
01-04-2025;07:40:00;5,2; m/s
01-04-2025;07:50:00;5,1; m/s
01-04-2025;08:00:00;4,6; m/s
01-04-2025;08:10:00;5,7; m/s
01-04-2025;08:20:00;4,3; m/s
01-04-2025;08:30:00;3,8; m/s
01-04-2025;08:40:00;4,2; m/s
01-04-2025;08:50:00;4,8; m/s
01-04-2025;09:00:00;5,8; m/s
01-04-2025;09:10:00;5,9; m/s
01-04-2025;09:20:00;6,2; m/s
01-04-2025;09:30:00;6,3; m/s
01-04-2025;09:40:00;6,5; m/s
01-04-2025;09:50:00;5,8; m/s
01-04-2025;10:00:00;6,6; m/s
01-04-2025;10:10:00;6,6; m/s
01-04-2025;10:20:00;6,8; m/s
01-04-2025;10:30:00;6,5; m/s
01-04-2025;10:40:00;6,3; m/s
01-04-2025;10:50:00;5,9; m/s
01-04-2025;11:00:00;5,6; m/s
01-04-2025;11:10:00;6,6; m/s
01-04-2025;11:20:00;6,5; m/s
01-04-2025;11:30:00;5,9; m/s
01-04-2025;11:40:00;7; m/s
01-04-2025;11:50:00;7,6; m/s
01-04-2025;12:00:00;8,6; m/s
01-04-2025;12:10:00;7,9; m/s
01-04-2025;12:20:00;7,3; m/s
01-04-2025;12:30:00;6,6; m/s
01-04-2025;12:40:00;7,2; m/s
01-04-2025;12:50:00;6,5; m/s
01-04-2025;13:00:00;6,5; m/s
01-04-2025;13:10:00;6,5; m/s
01-04-2025;13:20:00;6,3; m/s
01-04-2025;13:30:00;4,8; m/s
01-04-2025;13:40:00;4,8; m/s
01-04-2025;13:50:00;4,4; m/s
01-04-2025;14:00:00;5; m/s
01-04-2025;14:10:00;6,5; m/s
01-04-2025;14:20:00;6,5; m/s
01-04-2025;14:30:00;5,4; m/s
01-04-2025;14:40:00;6; m/s
01-04-2025;14:50:00;5,9; m/s
01-04-2025;15:00:00;6,7; m/s
01-04-2025;15:10:00;7,7; m/s
01-04-2025;15:20:00;6,9; m/s
01-04-2025;15:30:00;7,3; m/s
01-04-2025;15:40:00;7,9; m/s
01-04-2025;15:50:00;7,2; m/s
01-04-2025;16:00:00;6,6; m/s
01-04-2025;16:10:00;7,2; m/s
01-04-2025;16:20:00;7,1; m/s
01-04-2025;16:30:00;7,7; m/s
01-04-2025;16:40:00;8,3; m/s
01-04-2025;16:50:00;7,3; m/s
01-04-2025;17:00:00;7,4; m/s
01-04-2025;17:10:00;6,4; m/s
01-04-2025;17:20:00;6,7; m/s
01-04-2025;17:30:00;6,8; m/s
01-04-2025;17:40:00;6,2; m/s
01-04-2025;17:50:00;7; m/s
01-04-2025;18:00:00;7,3; m/s
01-04-2025;18:10:00;6,6; m/s
01-04-2025;18:20:00;5,8; m/s
01-04-2025;18:30:00;5,2; m/s
01-04-2025;18:40:00;4,4; m/s
01-04-2025;18:50:00;4,8; m/s
01-04-2025;19:00:00;4,7; m/s
01-04-2025;19:10:00;5,3; m/s
01-04-2025;19:20:00;5,3; m/s
01-04-2025;19:30:00;5,3; m/s
01-04-2025;19:40:00;5,5; m/s
01-04-2025;19:50:00;5,9; m/s
01-04-2025;20:00:00;6,6; m/s
01-04-2025;20:10:00;5,8; m/s
01-04-2025;20:20:00;6,2; m/s
01-04-2025;20:30:00;6,1; m/s
01-04-2025;20:40:00;6,5; m/s
01-04-2025;20:50:00;6,6; m/s
01-04-2025;21:00:00;5,7; m/s
01-04-2025;21:10:00;5,2; m/s
01-04-2025;21:20:00;5,1; m/s
01-04-2025;21:30:00;4,8; m/s
01-04-2025;21:40:00;5,2; m/s
01-04-2025;21:50:00;4,8; m/s
01-04-2025;22:00:00;5,1; m/s
01-04-2025;22:10:00;4,8; m/s
01-04-2025;22:20:00;5; m/s
01-04-2025;22:30:00;4,6; m/s
01-04-2025;22:40:00;4,6; m/s
01-04-2025;22:50:00;4,1; m/s
01-04-2025;23:00:00;3,7; m/s
01-04-2025;23:10:00;3,7; m/s
01-04-2025;23:20:00;4,5; m/s
01-04-2025;23:30:00;3,4; m/s
01-04-2025;23:40:00;4,1; m/s
01-04-2025;23:50:00;4,5; m/s
02-04-2025;00:00:00;4,4; m/s
02-04-2025;00:10:00;4,8; m/s
02-04-2025;00:20:00;4,5; m/s
02-04-2025;00:30:00;4,6; m/s
02-04-2025;00:40:00;4,7; m/s
02-04-2025;00:50:00;4,7; m/s
02-04-2025;01:00:00;6,6; m/s
02-04-2025;01:10:00;5,8; m/s
02-04-2025;01:20:00;4,9; m/s
02-04-2025;01:30:00;5,1; m/s
02-04-2025;01:40:00;4; m/s
02-04-2025;01:50:00;4,2; m/s
02-04-2025;02:00:00;4,1; m/s
02-04-2025;02:10:00;4,1; m/s
02-04-2025;02:20:00;3,9; m/s
02-04-2025;02:30:00;3,5; m/s
02-04-2025;02:40:00;3; m/s
02-04-2025;02:50:00;1,5; m/s
02-04-2025;03:00:00;1,2; m/s
02-04-2025;03:10:00;1,3; m/s
02-04-2025;03:20:00;2,6; m/s
02-04-2025;03:30:00;3; m/s
02-04-2025;03:40:00;4,3; m/s
02-04-2025;03:50:00;5,2; m/s
02-04-2025;04:00:00;4,5; m/s
02-04-2025;04:10:00;4,3; m/s
02-04-2025;04:20:00;3,5; m/s
02-04-2025;04:30:00;3,5; m/s
02-04-2025;04:40:00;4,1; m/s
02-04-2025;04:50:00;4,4; m/s
02-04-2025;05:00:00;5,2; m/s
02-04-2025;05:10:00;4,4; m/s
02-04-2025;05:20:00;3,7; m/s
02-04-2025;05:30:00;3,6; m/s
02-04-2025;05:40:00;4,3; m/s
02-04-2025;05:50:00;4,2; m/s
02-04-2025;06:00:00;4,8; m/s
02-04-2025;06:10:00;4,3; m/s
02-04-2025;06:20:00;3,5; m/s
02-04-2025;06:30:00;3,9; m/s
02-04-2025;06:40:00;3,7; m/s
02-04-2025;06:50:00;3,3; m/s
02-04-2025;07:00:00;2,8; m/s
02-04-2025;07:10:00;2,6; m/s
02-04-2025;07:20:00;2,2; m/s
02-04-2025;07:30:00;2,5; m/s
02-04-2025;07:40:00;2,2; m/s
02-04-2025;07:50:00;3,3; m/s
02-04-2025;08:00:00;2,5; m/s
02-04-2025;08:10:00;2,3; m/s
02-04-2025;08:20:00;2,1; m/s
02-04-2025;08:30:00;2,3; m/s
02-04-2025;08:40:00;2,1; m/s
02-04-2025;08:50:00;0,9; m/s
02-04-2025;09:00:00;1,3; m/s
02-04-2025;09:10:00;1,4; m/s
02-04-2025;09:20:00;1,8; m/s
02-04-2025;09:30:00;1,3; m/s
02-04-2025;09:40:00;1,3; m/s
02-04-2025;09:50:00;3,6; m/s
02-04-2025;10:00:00;4; m/s
02-04-2025;10:10:00;3,9; m/s
02-04-2025;10:20:00;2,5; m/s
02-04-2025;10:30:00;2,1; m/s
02-04-2025;10:40:00;1,9; m/s
02-04-2025;10:50:00;2,2; m/s
02-04-2025;11:00:00;1,6; m/s
02-04-2025;11:10:00;1,7; m/s
02-04-2025;11:20:00;1,5; m/s
02-04-2025;11:30:00;1,5; m/s
02-04-2025;11:40:00;1,7; m/s
02-04-2025;11:50:00;1,5; m/s
02-04-2025;12:00:00;1,8; m/s
02-04-2025;12:10:00;1,4; m/s
02-04-2025;12:20:00;1,9; m/s
02-04-2025;12:30:00;2,6; m/s
02-04-2025;12:40:00;3; m/s
02-04-2025;12:50:00;2,4; m/s
02-04-2025;13:00:00;3,4; m/s
02-04-2025;13:10:00;3,5; m/s
02-04-2025;13:20:00;3,2; m/s
02-04-2025;13:30:00;3,4; m/s
02-04-2025;13:40:00;2,8; m/s
02-04-2025;13:50:00;3,3; m/s
02-04-2025;14:00:00;4,7; m/s
02-04-2025;14:10:00;6,4; m/s
02-04-2025;14:20:00;6,4; m/s
02-04-2025;14:30:00;6,2; m/s
02-04-2025;14:40:00;5,2; m/s
02-04-2025;14:50:00;5,8; m/s
02-04-2025;15:00:00;5,6; m/s
02-04-2025;15:10:00;6; m/s
02-04-2025;15:20:00;6,2; m/s
02-04-2025;15:30:00;5,9; m/s
02-04-2025;15:40:00;6,9; m/s
02-04-2025;15:50:00;6,3; m/s
02-04-2025;16:00:00;6; m/s
02-04-2025;16:10:00;6,5; m/s
02-04-2025;16:20:00;6,4; m/s
02-04-2025;16:30:00;7; m/s
02-04-2025;16:40:00;7,2; m/s
02-04-2025;16:50:00;7,3; m/s
02-04-2025;17:00:00;5,9; m/s
02-04-2025;17:10:00;5; m/s
02-04-2025;17:20:00;5; m/s
02-04-2025;17:30:00;4,5; m/s
02-04-2025;17:40:00;4,3; m/s
02-04-2025;17:50:00;4; m/s
02-04-2025;18:00:00;2,8; m/s
02-04-2025;18:10:00;2,9; m/s
02-04-2025;18:20:00;3,1; m/s
02-04-2025;18:30:00;2,9; m/s
02-04-2025;18:40:00;3,4; m/s
02-04-2025;18:50:00;3,7; m/s
02-04-2025;19:00:00;3,5; m/s
02-04-2025;19:10:00;2,1; m/s
02-04-2025;19:20:00;2,8; m/s
02-04-2025;19:30:00;3; m/s
02-04-2025;19:40:00;2,7; m/s
02-04-2025;19:50:00;2,4; m/s
02-04-2025;20:00:00;1,8; m/s
02-04-2025;20:10:00;2,7; m/s
02-04-2025;20:20:00;2,4; m/s
02-04-2025;20:30:00;1,1; m/s
02-04-2025;20:40:00;1,1; m/s
02-04-2025;20:50:00;1,3; m/s
02-04-2025;21:00:00;1,6; m/s
02-04-2025;21:10:00;1,4; m/s
02-04-2025;21:20:00;2; m/s
02-04-2025;21:30:00;2,3; m/s
02-04-2025;21:40:00;2,6; m/s
02-04-2025;21:50:00;2,7; m/s
02-04-2025;22:00:00;2,1; m/s
02-04-2025;22:10:00;1,5; m/s
02-04-2025;22:20:00;0,9; m/s
02-04-2025;22:30:00;1,2; m/s
02-04-2025;22:40:00;1,2; m/s
02-04-2025;22:50:00;1,3; m/s
02-04-2025;23:00:00;0,8; m/s
02-04-2025;23:10:00;1,6; m/s
02-04-2025;23:20:00;1,7; m/s
02-04-2025;23:30:00;2,1; m/s
02-04-2025;23:40:00;2,5; m/s
02-04-2025;23:50:00;1,8; m/s
03-04-2025;00:00:00;2,3; m/s
03-04-2025;00:10:00;2,5; m/s
03-04-2025;00:20:00;2,4; m/s
03-04-2025;00:30:00;2,4; m/s
03-04-2025;00:40:00;1,9; m/s
03-04-2025;00:50:00;2,3; m/s
03-04-2025;01:00:00;2,5; m/s
03-04-2025;01:10:00;2,2; m/s
03-04-2025;01:20:00;1,5; m/s
03-04-2025;01:30:00;1,7; m/s
03-04-2025;01:40:00;2,3; m/s
03-04-2025;01:50:00;2,6; m/s
03-04-2025;02:00:00;2,8; m/s
03-04-2025;02:10:00;3,2; m/s
03-04-2025;02:20:00;2,6; m/s
03-04-2025;02:30:00;2,5; m/s
03-04-2025;02:40:00;2,3; m/s
03-04-2025;02:50:00;2,6; m/s
03-04-2025;03:00:00;2,3; m/s
03-04-2025;03:10:00;2,3; m/s
03-04-2025;03:20:00;1,9; m/s
03-04-2025;03:30:00;1,4; m/s
03-04-2025;03:40:00;1,1; m/s
03-04-2025;03:50:00;0,7; m/s
03-04-2025;04:00:00;1,6; m/s
03-04-2025;04:10:00;1,8; m/s
03-04-2025;04:20:00;1,6; m/s
03-04-2025;04:30:00;0,8; m/s
03-04-2025;04:40:00;0,7; m/s
03-04-2025;04:50:00;1; m/s
03-04-2025;05:00:00;1; m/s
03-04-2025;05:10:00;0,9; m/s
03-04-2025;05:20:00;0,8; m/s
03-04-2025;05:30:00;0,5; m/s
03-04-2025;05:40:00;0,4; m/s
03-04-2025;05:50:00;0,1; m/s
03-04-2025;06:00:00;0,9; m/s
03-04-2025;06:10:00;1,6; m/s
03-04-2025;06:20:00;1,9; m/s
03-04-2025;06:30:00;1; m/s
03-04-2025;06:40:00;0,9; m/s
03-04-2025;06:50:00;1,5; m/s
03-04-2025;07:00:00;1,7; m/s
03-04-2025;07:10:00;1,9; m/s
03-04-2025;07:20:00;1,2; m/s
03-04-2025;07:30:00;0,8; m/s
03-04-2025;07:40:00;0,9; m/s
03-04-2025;07:50:00;0,5; m/s
03-04-2025;08:00:00;0,5; m/s
03-04-2025;08:10:00;1,5; m/s
03-04-2025;08:20:00;0,8; m/s
03-04-2025;08:30:00;1,3; m/s
03-04-2025;08:40:00;1,4; m/s
03-04-2025;08:50:00;1,1; m/s
03-04-2025;09:00:00;0,8; m/s
03-04-2025;09:10:00;1,5; m/s
03-04-2025;09:20:00;1,8; m/s
03-04-2025;09:30:00;1,4; m/s
03-04-2025;09:40:00;1,3; m/s
03-04-2025;09:50:00;1,2; m/s
03-04-2025;10:00:00;1,2; m/s
03-04-2025;10:10:00;1,4; m/s
03-04-2025;10:20:00;1,5; m/s
03-04-2025;10:30:00;1,6; m/s
03-04-2025;10:40:00;1,6; m/s
03-04-2025;10:50:00;1,3; m/s
03-04-2025;11:00:00;1,7; m/s
03-04-2025;11:10:00;2; m/s
03-04-2025;11:20:00;2,5; m/s
03-04-2025;11:30:00;3; m/s
03-04-2025;11:40:00;4,5; m/s
03-04-2025;11:50:00;3,8; m/s
03-04-2025;12:00:00;4,1; m/s
03-04-2025;12:10:00;4,1; m/s
03-04-2025;12:20:00;4,2; m/s
03-04-2025;12:30:00;4,6; m/s
03-04-2025;12:40:00;4,9; m/s
03-04-2025;12:50:00;5,2; m/s
03-04-2025;13:00:00;4,9; m/s
03-04-2025;13:10:00;4,2; m/s
03-04-2025;13:20:00;4,7; m/s
03-04-2025;13:30:00;4,3; m/s
03-04-2025;13:40:00;5,1; m/s
03-04-2025;13:50:00;5,3; m/s
03-04-2025;14:00:00;5,2; m/s
03-04-2025;14:10:00;5,8; m/s
03-04-2025;14:20:00;5,6; m/s
03-04-2025;14:30:00;6,2; m/s
03-04-2025;14:40:00;6,3; m/s
03-04-2025;14:50:00;6,4; m/s
03-04-2025;15:00:00;5,9; m/s
03-04-2025;15:10:00;6,2; m/s
03-04-2025;15:20:00;6,3; m/s
03-04-2025;15:30:00;6,6; m/s
03-04-2025;15:40:00;6,5; m/s
03-04-2025;15:50:00;6,7; m/s
03-04-2025;16:00:00;6,9; m/s
03-04-2025;16:10:00;6,7; m/s
03-04-2025;16:20:00;7,1; m/s
03-04-2025;16:30:00;7,5; m/s
03-04-2025;16:40:00;6,9; m/s
03-04-2025;16:50:00;6,9; m/s
03-04-2025;17:00:00;7,1; m/s
03-04-2025;17:10:00;7,7; m/s
03-04-2025;17:20:00;7,4; m/s
03-04-2025;17:30:00;6,7; m/s
03-04-2025;17:40:00;5,4; m/s
03-04-2025;17:50:00;4,1; m/s
03-04-2025;18:00:00;3,6; m/s
03-04-2025;18:10:00;3,1; m/s
03-04-2025;18:20:00;3,5; m/s
03-04-2025;18:30:00;3,8; m/s
03-04-2025;18:40:00;3,4; m/s
03-04-2025;18:50:00;3,8; m/s
03-04-2025;19:00:00;4,5; m/s
03-04-2025;19:10:00;4,4; m/s
03-04-2025;19:20:00;4,1; m/s
03-04-2025;19:30:00;3,5; m/s
03-04-2025;19:40:00;3,8; m/s
03-04-2025;19:50:00;3,4; m/s
03-04-2025;20:00:00;4,1; m/s
03-04-2025;20:10:00;3,7; m/s
03-04-2025;20:20:00;3,4; m/s
03-04-2025;20:30:00;1,8; m/s
03-04-2025;20:40:00;2,6; m/s
03-04-2025;20:50:00;2,4; m/s
03-04-2025;21:00:00;2,6; m/s
03-04-2025;21:10:00;2,5; m/s
03-04-2025;21:20:00;2,3; m/s
03-04-2025;21:30:00;2,5; m/s
03-04-2025;21:40:00;2,7; m/s
03-04-2025;21:50:00;2,4; m/s
03-04-2025;22:00:00;2,1; m/s
03-04-2025;22:10:00;1,8; m/s
03-04-2025;22:20:00;2,4; m/s
03-04-2025;22:30:00;2,1; m/s
03-04-2025;22:40:00;1,7; m/s
03-04-2025;22:50:00;1,4; m/s
03-04-2025;23:00:00;1,6; m/s
03-04-2025;23:10:00;1,8; m/s
03-04-2025;23:20:00;1,4; m/s
03-04-2025;23:30:00;1; m/s
03-04-2025;23:40:00;1,9; m/s
03-04-2025;23:50:00;1,7; m/s
04-04-2025;00:00:00;1,3; m/s
04-04-2025;00:10:00;1; m/s
04-04-2025;00:20:00;0,5; m/s
04-04-2025;00:30:00;0,6; m/s
04-04-2025;00:40:00;0,7; m/s
04-04-2025;00:50:00;2,3; m/s
04-04-2025;01:00:00;2,1; m/s
04-04-2025;01:10:00;2; m/s
04-04-2025;01:20:00;2,1; m/s
04-04-2025;01:30:00;2,9; m/s
04-04-2025;01:40:00;3,2; m/s
04-04-2025;01:50:00;2,9; m/s
04-04-2025;02:00:00;2,5; m/s
04-04-2025;02:10:00;2,6; m/s
04-04-2025;02:20:00;2,3; m/s
04-04-2025;02:30:00;1,6; m/s
04-04-2025;02:40:00;1,4; m/s
04-04-2025;02:50:00;1,8; m/s
04-04-2025;03:00:00;2,2; m/s
04-04-2025;03:10:00;2,2; m/s
04-04-2025;03:20:00;2,1; m/s
04-04-2025;03:30:00;2,3; m/s
04-04-2025;03:40:00;2,2; m/s
04-04-2025;03:50:00;2,2; m/s
04-04-2025;04:00:00;2,8; m/s
04-04-2025;04:10:00;1,9; m/s
04-04-2025;04:20:00;2,2; m/s
04-04-2025;04:30:00;2; m/s
04-04-2025;04:40:00;1,9; m/s
04-04-2025;04:50:00;1,9; m/s
04-04-2025;05:00:00;1,5; m/s
04-04-2025;05:10:00;1,6; m/s
04-04-2025;05:20:00;1,1; m/s
04-04-2025;05:30:00;0,5; m/s
04-04-2025;05:40:00;1,2; m/s
04-04-2025;05:50:00;1,7; m/s
04-04-2025;06:00:00;1,3; m/s
04-04-2025;06:10:00;2,1; m/s
04-04-2025;06:20:00;2,3; m/s
04-04-2025;06:30:00;2,3; m/s
04-04-2025;06:40:00;2,5; m/s
04-04-2025;06:50:00;2,2; m/s
04-04-2025;07:00:00;1,3; m/s
04-04-2025;07:10:00;1; m/s
04-04-2025;07:20:00;0,6; m/s
04-04-2025;07:30:00;0,9; m/s
04-04-2025;07:40:00;1,3; m/s
04-04-2025;07:50:00;1; m/s
04-04-2025;08:00:00;1,7; m/s
04-04-2025;08:10:00;2; m/s
04-04-2025;08:20:00;1,8; m/s
04-04-2025;08:30:00;1,7; m/s
04-04-2025;08:40:00;1,5; m/s
04-04-2025;08:50:00;1,7; m/s
04-04-2025;09:00:00;1,7; m/s
04-04-2025;09:10:00;1,3; m/s
04-04-2025;09:20:00;2; m/s
04-04-2025;09:30:00;2,1; m/s
04-04-2025;09:40:00;2,1; m/s
04-04-2025;09:50:00;1,8; m/s
04-04-2025;10:00:00;2,2; m/s
04-04-2025;10:10:00;2,4; m/s
04-04-2025;10:20:00;2,5; m/s
04-04-2025;10:30:00;2,2; m/s
04-04-2025;10:40:00;2,2; m/s
04-04-2025;10:50:00;2,3; m/s
04-04-2025;11:00:00;1,6; m/s
04-04-2025;11:10:00;1,7; m/s
04-04-2025;11:20:00;1,9; m/s
04-04-2025;11:30:00;2,4; m/s
04-04-2025;11:40:00;3,3; m/s
04-04-2025;11:50:00;3,4; m/s
04-04-2025;12:00:00;4,1; m/s
04-04-2025;12:10:00;4; m/s
04-04-2025;12:20:00;4,1; m/s
04-04-2025;12:30:00;4,1; m/s
04-04-2025;12:40:00;4,5; m/s
04-04-2025;12:50:00;4,7; m/s
04-04-2025;13:00:00;4,7; m/s
04-04-2025;13:10:00;4,9; m/s
04-04-2025;13:20:00;4,3; m/s
04-04-2025;13:30:00;4,6; m/s
04-04-2025;13:40:00;4,8; m/s
04-04-2025;13:50:00;4,2; m/s
04-04-2025;14:00:00;4,5; m/s
04-04-2025;14:10:00;5,6; m/s
04-04-2025;14:20:00;5,8; m/s
04-04-2025;14:30:00;5,9; m/s
04-04-2025;14:40:00;5,4; m/s
04-04-2025;14:50:00;4,7; m/s
04-04-2025;15:00:00;4,2; m/s
04-04-2025;15:10:00;5,1; m/s
04-04-2025;15:20:00;6,7; m/s
04-04-2025;15:30:00;5,8; m/s
04-04-2025;15:40:00;5,4; m/s
04-04-2025;15:50:00;5,4; m/s
04-04-2025;16:00:00;5,1; m/s
04-04-2025;16:10:00;5,4; m/s
04-04-2025;16:20:00;5,5; m/s
04-04-2025;16:30:00;5,3; m/s
04-04-2025;16:40:00;4,1; m/s
04-04-2025;16:50:00;4,7; m/s
04-04-2025;17:00:00;4,9; m/s
04-04-2025;17:10:00;5,1; m/s
04-04-2025;17:20:00;5,2; m/s
04-04-2025;17:30:00;5,4; m/s
04-04-2025;17:40:00;5,9; m/s
04-04-2025;17:50:00;5,8; m/s
04-04-2025;18:00:00;6,2; m/s
04-04-2025;18:10:00;5,6; m/s
04-04-2025;18:20:00;4,8; m/s
04-04-2025;18:30:00;2,9; m/s
04-04-2025;18:40:00;3,1; m/s
04-04-2025;18:50:00;3,2; m/s
04-04-2025;19:00:00;3,8; m/s
04-04-2025;19:10:00;4,1; m/s
04-04-2025;19:20:00;3,9; m/s
04-04-2025;19:30:00;3,6; m/s
04-04-2025;19:40:00;3,5; m/s
04-04-2025;19:50:00;2,8; m/s
04-04-2025;20:00:00;2,9; m/s
04-04-2025;20:10:00;3,2; m/s
04-04-2025;20:20:00;2,8; m/s
04-04-2025;20:30:00;3,5; m/s
04-04-2025;20:40:00;2,8; m/s
04-04-2025;20:50:00;2,9; m/s
04-04-2025;21:00:00;3,1; m/s
04-04-2025;21:10:00;2,7; m/s
04-04-2025;21:20:00;2,9; m/s
04-04-2025;21:30:00;3,7; m/s
04-04-2025;21:40:00;3,1; m/s
04-04-2025;21:50:00;3,2; m/s
04-04-2025;22:00:00;3,3; m/s
04-04-2025;22:10:00;3,5; m/s
04-04-2025;22:20:00;3,6; m/s
04-04-2025;22:30:00;3,9; m/s
04-04-2025;22:40:00;3,7; m/s
04-04-2025;22:50:00;3,5; m/s
04-04-2025;23:00:00;3,4; m/s
04-04-2025;23:10:00;3,7; m/s
04-04-2025;23:20:00;3,2; m/s
04-04-2025;23:30:00;2,1; m/s
04-04-2025;23:40:00;1,7; m/s
04-04-2025;23:50:00;1,7; m/s
05-04-2025;00:00:00;1,6; m/s
05-04-2025;00:10:00;1,3; m/s
05-04-2025;00:20:00;1,4; m/s
05-04-2025;00:30:00;1; m/s
05-04-2025;00:40:00;1,5; m/s
05-04-2025;00:50:00;2,4; m/s
05-04-2025;01:00:00;2,7; m/s
05-04-2025;01:10:00;3,7; m/s
05-04-2025;01:20:00;3,7; m/s
05-04-2025;01:30:00;3,2; m/s
05-04-2025;01:40:00;3,3; m/s
05-04-2025;01:50:00;3,1; m/s
05-04-2025;02:00:00;3,3; m/s
05-04-2025;02:10:00;3,4; m/s
05-04-2025;02:20:00;3,5; m/s
05-04-2025;02:30:00;3,6; m/s
05-04-2025;02:40:00;3,4; m/s
05-04-2025;02:50:00;3,1; m/s
05-04-2025;03:00:00;3; m/s
05-04-2025;03:10:00;3; m/s
05-04-2025;03:20:00;3,3; m/s
05-04-2025;03:30:00;3,3; m/s
05-04-2025;03:40:00;2,7; m/s
05-04-2025;03:50:00;2,6; m/s
05-04-2025;04:00:00;2,3; m/s
05-04-2025;04:10:00;1,9; m/s
05-04-2025;04:20:00;2,5; m/s
05-04-2025;04:30:00;3,1; m/s
05-04-2025;04:40:00;3,2; m/s
05-04-2025;04:50:00;2,9; m/s
05-04-2025;05:00:00;2,4; m/s
05-04-2025;05:10:00;2,5; m/s
05-04-2025;05:20:00;1,1; m/s
05-04-2025;05:30:00;0,6; m/s
05-04-2025;05:40:00;0,3; m/s
05-04-2025;05:50:00;0,8; m/s
05-04-2025;06:00:00;1,1; m/s
05-04-2025;06:10:00;1,4; m/s
05-04-2025;06:20:00;1,7; m/s
05-04-2025;06:30:00;1,4; m/s
05-04-2025;06:40:00;1,6; m/s
05-04-2025;06:50:00;2,1; m/s
05-04-2025;07:00:00;1,8; m/s
05-04-2025;07:10:00;0,4; m/s
05-04-2025;07:20:00;0,1; m/s
05-04-2025;07:30:00;0,5; m/s
05-04-2025;07:40:00;0,6; m/s
05-04-2025;07:50:00;0,6; m/s
05-04-2025;08:00:00;1,1; m/s
05-04-2025;08:10:00;1,1; m/s
05-04-2025;08:20:00;2,1; m/s
05-04-2025;08:30:00;2,3; m/s
05-04-2025;08:40:00;2,6; m/s
05-04-2025;08:50:00;2,3; m/s
05-04-2025;09:00:00;2,1; m/s
05-04-2025;09:10:00;1,9; m/s
05-04-2025;09:20:00;1,5; m/s
05-04-2025;09:30:00;1,7; m/s
05-04-2025;09:40:00;1,6; m/s
05-04-2025;09:50:00;1,9; m/s
05-04-2025;10:00:00;2,2; m/s
05-04-2025;10:10:00;1,8; m/s
05-04-2025;10:20:00;2; m/s
05-04-2025;10:30:00;2,5; m/s
05-04-2025;10:40:00;3,2; m/s
05-04-2025;10:50:00;3,1; m/s
05-04-2025;11:00:00;2,6; m/s
05-04-2025;11:10:00;2,5; m/s
05-04-2025;11:20:00;2,4; m/s
05-04-2025;11:30:00;3; m/s
05-04-2025;11:40:00;3,3; m/s
05-04-2025;11:50:00;3,9; m/s
05-04-2025;12:00:00;4,1; m/s
05-04-2025;12:10:00;4,5; m/s
05-04-2025;12:20:00;4,6; m/s
05-04-2025;12:30:00;4,9; m/s
05-04-2025;12:40:00;4,7; m/s
05-04-2025;12:50:00;4,7; m/s
05-04-2025;13:00:00;4,7; m/s
05-04-2025;13:10:00;4,9; m/s
05-04-2025;13:20:00;5,8; m/s
05-04-2025;13:30:00;5,8; m/s
05-04-2025;13:40:00;5,6; m/s
05-04-2025;13:50:00;4,3; m/s
05-04-2025;14:00:00;4,2; m/s
05-04-2025;14:10:00;5,4; m/s
05-04-2025;14:20:00;5,5; m/s
05-04-2025;14:30:00;5,7; m/s
05-04-2025;14:40:00;6,3; m/s
05-04-2025;14:50:00;4,8; m/s
05-04-2025;15:00:00;4,5; m/s
05-04-2025;15:10:00;4,9; m/s
05-04-2025;15:20:00;6,3; m/s
05-04-2025;15:30:00;5,8; m/s
05-04-2025;15:40:00;5,7; m/s
05-04-2025;15:50:00;5,9; m/s
05-04-2025;16:00:00;5,8; m/s
05-04-2025;16:10:00;5,7; m/s
05-04-2025;16:20:00;6,1; m/s
05-04-2025;16:30:00;5,2; m/s
05-04-2025;16:40:00;4,3; m/s
05-04-2025;16:50:00;4,2; m/s
05-04-2025;17:00:00;5,2; m/s
05-04-2025;17:10:00;5,4; m/s
05-04-2025;17:20:00;5,3; m/s
05-04-2025;17:30:00;5,2; m/s
05-04-2025;17:40:00;5,7; m/s
05-04-2025;17:50:00;5,8; m/s
05-04-2025;18:00:00;5,4; m/s
05-04-2025;18:10:00;4,9; m/s
05-04-2025;18:20:00;4,6; m/s
05-04-2025;18:30:00;4,4; m/s
05-04-2025;18:40:00;4,4; m/s
05-04-2025;18:50:00;4,4; m/s
05-04-2025;19:00:00;4,5; m/s
05-04-2025;19:10:00;4,3; m/s
05-04-2025;19:20:00;3,8; m/s
05-04-2025;19:30:00;3,4; m/s
05-04-2025;19:40:00;3,4; m/s
05-04-2025;19:50:00;3,8; m/s
05-04-2025;20:00:00;3,9; m/s
05-04-2025;20:10:00;4,2; m/s
05-04-2025;20:20:00;4,2; m/s
05-04-2025;20:30:00;4,1; m/s
05-04-2025;20:40:00;3,9; m/s
05-04-2025;20:50:00;2,7; m/s
05-04-2025;21:00:00;1,7; m/s
05-04-2025;21:10:00;2,4; m/s
05-04-2025;21:20:00;1,7; m/s
05-04-2025;21:30:00;1,6; m/s
05-04-2025;21:40:00;1,8; m/s
05-04-2025;21:50:00;1,1; m/s
05-04-2025;22:00:00;1,1; m/s
05-04-2025;22:10:00;0,7; m/s
05-04-2025;22:20:00;1; m/s
05-04-2025;22:30:00;1,1; m/s
05-04-2025;22:40:00;1,2; m/s
05-04-2025;22:50:00;1,5; m/s
05-04-2025;23:00:00;1,4; m/s
05-04-2025;23:10:00;1,4; m/s
05-04-2025;23:20:00;1,5; m/s
05-04-2025;23:30:00;1,2; m/s
05-04-2025;23:40:00;1,3; m/s
05-04-2025;23:50:00;0,9; m/s
06-04-2025;00:00:00;0,5; m/s
06-04-2025;00:10:00;0,4; m/s
06-04-2025;00:20:00;0,8; m/s
06-04-2025;00:30:00;1; m/s
06-04-2025;00:40:00;0,9; m/s
06-04-2025;00:50:00;1,3; m/s
06-04-2025;01:00:00;1,4; m/s
06-04-2025;01:10:00;1,3; m/s
06-04-2025;01:20:00;1,2; m/s
06-04-2025;01:30:00;1,6; m/s
06-04-2025;01:40:00;1,1; m/s
06-04-2025;01:50:00;1,1; m/s
06-04-2025;02:00:00;1; m/s
06-04-2025;02:10:00;1,6; m/s
06-04-2025;02:20:00;1,9; m/s
06-04-2025;02:30:00;1,9; m/s
06-04-2025;02:40:00;2; m/s
06-04-2025;02:50:00;2; m/s
06-04-2025;03:00:00;2; m/s
06-04-2025;03:10:00;2; m/s
06-04-2025;03:20:00;2,1; m/s
06-04-2025;03:30:00;2,4; m/s
06-04-2025;03:40:00;2,5; m/s
06-04-2025;03:50:00;2,5; m/s
06-04-2025;04:00:00;1,7; m/s
06-04-2025;04:10:00;1,8; m/s
06-04-2025;04:20:00;2,6; m/s
06-04-2025;04:30:00;2,2; m/s
06-04-2025;04:40:00;2,3; m/s
06-04-2025;04:50:00;2,1; m/s
06-04-2025;05:00:00;1,9; m/s
06-04-2025;05:10:00;1,5; m/s
06-04-2025;05:20:00;1,6; m/s
06-04-2025;05:30:00;1,5; m/s
06-04-2025;05:40:00;1,4; m/s
06-04-2025;05:50:00;0,8; m/s
06-04-2025;06:00:00;0,4; m/s
06-04-2025;06:10:00;0,3; m/s
06-04-2025;06:20:00;0,1; m/s
06-04-2025;06:30:00;0,8; m/s
06-04-2025;06:40:00;1,2; m/s
06-04-2025;06:50:00;0,8; m/s
06-04-2025;07:00:00;0,8; m/s
06-04-2025;07:10:00;1,3; m/s
06-04-2025;07:20:00;1,3; m/s
06-04-2025;07:30:00;1,8; m/s
06-04-2025;07:40:00;2; m/s
06-04-2025;07:50:00;1,9; m/s
06-04-2025;08:00:00;2,1; m/s
06-04-2025;08:10:00;2,7; m/s
06-04-2025;08:20:00;3,9; m/s
06-04-2025;08:30:00;4,6; m/s
06-04-2025;08:40:00;4,3; m/s
06-04-2025;08:50:00;3,9; m/s
06-04-2025;09:00:00;4,8; m/s
06-04-2025;09:10:00;5; m/s
06-04-2025;09:20:00;5,1; m/s
06-04-2025;09:30:00;4,4; m/s
06-04-2025;09:40:00;4,7; m/s
06-04-2025;09:50:00;4,4; m/s
06-04-2025;10:00:00;5,3; m/s
06-04-2025;10:10:00;6; m/s
06-04-2025;10:20:00;5,3; m/s
06-04-2025;10:30:00;4,8; m/s
06-04-2025;10:40:00;4,3; m/s
06-04-2025;10:50:00;3,9; m/s
06-04-2025;11:00:00;4; m/s
06-04-2025;11:10:00;4,8; m/s
06-04-2025;11:20:00;4,2; m/s
06-04-2025;11:30:00;3,8; m/s
06-04-2025;11:40:00;3,7; m/s
06-04-2025;11:50:00;4,2; m/s
06-04-2025;12:00:00;4; m/s
06-04-2025;12:10:00;4; m/s
06-04-2025;12:20:00;4,1; m/s
06-04-2025;12:30:00;3,7; m/s
06-04-2025;12:40:00;3,7; m/s
06-04-2025;12:50:00;4,2; m/s
06-04-2025;13:00:00;4,3; m/s
06-04-2025;13:10:00;3,7; m/s
06-04-2025;13:20:00;3,8; m/s
06-04-2025;13:30:00;4,6; m/s
06-04-2025;13:40:00;4,8; m/s
06-04-2025;13:50:00;4,6; m/s
06-04-2025;14:00:00;4,9; m/s
06-04-2025;14:10:00;5,1; m/s
06-04-2025;14:20:00;5,4; m/s
06-04-2025;14:30:00;6,3; m/s
06-04-2025;14:40:00;6,5; m/s
06-04-2025;14:50:00;6,3; m/s
06-04-2025;15:00:00;5,9; m/s
06-04-2025;15:10:00;5,3; m/s
06-04-2025;15:20:00;5,7; m/s
06-04-2025;15:30:00;5,5; m/s
06-04-2025;15:40:00;5,3; m/s
06-04-2025;15:50:00;6,4; m/s
06-04-2025;16:00:00;6,5; m/s
06-04-2025;16:10:00;6,1; m/s
06-04-2025;16:20:00;6,1; m/s
06-04-2025;16:30:00;4,9; m/s
06-04-2025;16:40:00;7,1; m/s
06-04-2025;16:50:00;9,3; m/s
06-04-2025;17:00:00;8,7; m/s
06-04-2025;17:10:00;7,8; m/s
06-04-2025;17:20:00;8; m/s
06-04-2025;17:30:00;8,8; m/s
06-04-2025;17:40:00;7,7; m/s
06-04-2025;17:50:00;9,1; m/s
06-04-2025;18:00:00;7,8; m/s
06-04-2025;18:10:00;7,5; m/s
06-04-2025;18:20:00;6,7; m/s
06-04-2025;18:30:00;6,1; m/s
06-04-2025;18:40:00;8,5; m/s
06-04-2025;18:50:00;8,7; m/s
06-04-2025;19:00:00;8,7; m/s
06-04-2025;19:10:00;8,1; m/s
06-04-2025;19:20:00;8; m/s
06-04-2025;19:30:00;9; m/s
06-04-2025;19:40:00;8,9; m/s
06-04-2025;19:50:00;9,3; m/s
06-04-2025;20:00:00;10,1; m/s
06-04-2025;20:10:00;8,8; m/s
06-04-2025;20:20:00;9,3; m/s
06-04-2025;20:30:00;7,5; m/s
06-04-2025;20:40:00;5,3; m/s
06-04-2025;20:50:00;6,1; m/s
06-04-2025;21:00:00;8,3; m/s
06-04-2025;21:10:00;10,9; m/s
06-04-2025;21:20:00;9,9; m/s
06-04-2025;21:30:00;9,7; m/s
06-04-2025;21:40:00;6; m/s
06-04-2025;21:50:00;4,9; m/s
06-04-2025;22:00:00;6,5; m/s
06-04-2025;22:10:00;6,1; m/s
06-04-2025;22:20:00;7,8; m/s
06-04-2025;22:30:00;7,8; m/s
06-04-2025;22:40:00;7,5; m/s
06-04-2025;22:50:00;7,2; m/s
06-04-2025;23:00:00;9,8; m/s
06-04-2025;23:10:00;10,6; m/s
06-04-2025;23:20:00;11,6; m/s
06-04-2025;23:30:00;11,7; m/s
06-04-2025;23:40:00;11,1; m/s
06-04-2025;23:50:00;10,8; m/s
07-04-2025;00:00:00;10,1; m/s
07-04-2025;00:10:00;12,2; m/s
07-04-2025;00:20:00;12,1; m/s
07-04-2025;00:30:00;8,1; m/s
07-04-2025;00:40:00;6,1; m/s
07-04-2025;00:50:00;6,1; m/s
07-04-2025;01:00:00;6,5; m/s
07-04-2025;01:10:00;5,9; m/s
07-04-2025;01:20:00;6,8; m/s
07-04-2025;01:30:00;8,4; m/s
07-04-2025;01:40:00;9,2; m/s
07-04-2025;01:50:00;9; m/s
07-04-2025;02:00:00;9,2; m/s
07-04-2025;02:10:00;7; m/s
07-04-2025;02:20:00;7,2; m/s
07-04-2025;02:30:00;8,1; m/s
07-04-2025;02:40:00;8; m/s
07-04-2025;02:50:00;8,5; m/s
07-04-2025;03:00:00;9,1; m/s
07-04-2025;03:10:00;9,1; m/s
07-04-2025;03:20:00;8,8; m/s
07-04-2025;03:30:00;8,9; m/s
07-04-2025;03:40:00;8,1; m/s
07-04-2025;03:50:00;9,3; m/s
07-04-2025;04:00:00;9; m/s
07-04-2025;04:10:00;8,3; m/s
07-04-2025;04:20:00;9,6; m/s
07-04-2025;04:30:00;9,2; m/s
07-04-2025;04:40:00;8,6; m/s
07-04-2025;04:50:00;8,3; m/s
07-04-2025;05:00:00;8,4; m/s
07-04-2025;05:10:00;8,6; m/s
07-04-2025;05:20:00;8,8; m/s
07-04-2025;05:30:00;9,8; m/s
07-04-2025;05:40:00;9,4; m/s
07-04-2025;05:50:00;9,9; m/s
07-04-2025;06:00:00;9,6; m/s
07-04-2025;06:10:00;9,6; m/s
07-04-2025;06:20:00;8,5; m/s
07-04-2025;06:30:00;8,6; m/s
07-04-2025;06:40:00;7,1; m/s
07-04-2025;06:50:00;7,4; m/s
07-04-2025;07:00:00;7,9; m/s
07-04-2025;07:10:00;7,7; m/s
07-04-2025;07:20:00;8; m/s
07-04-2025;07:30:00;9; m/s
07-04-2025;07:40:00;7,8; m/s
07-04-2025;07:50:00;7,8; m/s
07-04-2025;08:00:00;9,1; m/s
07-04-2025;08:10:00;7,3; m/s
07-04-2025;08:20:00;7,5; m/s
07-04-2025;08:30:00;7,8; m/s
07-04-2025;08:40:00;5,5; m/s
07-04-2025;08:50:00;7,5; m/s
07-04-2025;09:00:00;6,4; m/s
07-04-2025;09:10:00;6,6; m/s
07-04-2025;09:20:00;6; m/s
07-04-2025;09:30:00;6; m/s
07-04-2025;09:40:00;6,4; m/s
07-04-2025;09:50:00;6,8; m/s
07-04-2025;10:00:00;8,5; m/s
07-04-2025;10:10:00;6,5; m/s
07-04-2025;10:20:00;6; m/s
07-04-2025;10:30:00;5,9; m/s
07-04-2025;10:40:00;6,2; m/s
07-04-2025;10:50:00;5,1; m/s
07-04-2025;11:00:00;6,3; m/s
07-04-2025;11:10:00;6,2; m/s
07-04-2025;11:20:00;5,8; m/s
07-04-2025;11:30:00;5,6; m/s
07-04-2025;11:40:00;6,5; m/s
07-04-2025;11:50:00;6,5; m/s
07-04-2025;12:00:00;6,8; m/s
07-04-2025;12:10:00;6,4; m/s
07-04-2025;12:20:00;5,6; m/s
07-04-2025;12:30:00;5,1; m/s
07-04-2025;12:40:00;4; m/s
07-04-2025;12:50:00;4,8; m/s
07-04-2025;13:00:00;4,5; m/s
07-04-2025;13:10:00;5,7; m/s
07-04-2025;13:20:00;7,6; m/s
07-04-2025;13:30:00;5,8; m/s
07-04-2025;13:40:00;5,3; m/s
07-04-2025;13:50:00;6,6; m/s
07-04-2025;14:00:00;5; m/s
07-04-2025;14:10:00;5; m/s
07-04-2025;14:20:00;5; m/s
07-04-2025;14:30:00;4,8; m/s
07-04-2025;14:40:00;4,1; m/s
07-04-2025;14:50:00;4; m/s
07-04-2025;15:00:00;5,1; m/s
07-04-2025;15:10:00;5,2; m/s
07-04-2025;15:20:00;4,3; m/s
07-04-2025;15:30:00;3,7; m/s
07-04-2025;15:40:00;4,1; m/s
07-04-2025;15:50:00;3,6; m/s
07-04-2025;16:00:00;4,2; m/s
07-04-2025;16:10:00;4,3; m/s
07-04-2025;16:20:00;4; m/s
07-04-2025;16:30:00;4,4; m/s
07-04-2025;16:40:00;4,8; m/s
07-04-2025;16:50:00;4,1; m/s
07-04-2025;17:00:00;4,3; m/s
07-04-2025;17:10:00;4,7; m/s
07-04-2025;17:20:00;4; m/s
07-04-2025;17:30:00;4,1; m/s
07-04-2025;17:40:00;4,2; m/s
07-04-2025;17:50:00;4; m/s
07-04-2025;18:00:00;3,7; m/s
07-04-2025;18:10:00;3,5; m/s
07-04-2025;18:20:00;2,4; m/s
07-04-2025;18:30:00;4,1; m/s
07-04-2025;18:40:00;3,9; m/s
07-04-2025;18:50:00;6,4; m/s
07-04-2025;19:00:00;5,5; m/s
07-04-2025;19:10:00;7,3; m/s
07-04-2025;19:20:00;6,7; m/s
07-04-2025;19:30:00;7,6; m/s
07-04-2025;19:40:00;7,2; m/s
07-04-2025;19:50:00;7; m/s
07-04-2025;20:00:00;7,5; m/s
07-04-2025;20:10:00;7,6; m/s
07-04-2025;20:20:00;8,3; m/s
07-04-2025;20:30:00;8,4; m/s
07-04-2025;20:40:00;8,1; m/s
07-04-2025;20:50:00;8,2; m/s
07-04-2025;21:00:00;8,6; m/s
07-04-2025;21:10:00;8; m/s
07-04-2025;21:20:00;8; m/s
07-04-2025;21:30:00;8,2; m/s
07-04-2025;21:40:00;8,9; m/s
07-04-2025;21:50:00;9,3; m/s
07-04-2025;22:00:00;9,8; m/s
07-04-2025;22:10:00;9,8; m/s
07-04-2025;22:20:00;10,5; m/s
07-04-2025;22:30:00;10,6; m/s
07-04-2025;22:40:00;10,3; m/s
07-04-2025;22:50:00;10,7; m/s
07-04-2025;23:00:00;9,6; m/s
07-04-2025;23:10:00;9,4; m/s
07-04-2025;23:20:00;9,3; m/s
07-04-2025;23:30:00;9,8; m/s
07-04-2025;23:40:00;9,4; m/s
07-04-2025;23:50:00;10,3; m/s
08-04-2025;00:00:00;10,2; m/s
08-04-2025;00:10:00;10,1; m/s
08-04-2025;00:20:00;10,4; m/s
08-04-2025;00:30:00;11,2; m/s
08-04-2025;00:40:00;10,1; m/s
08-04-2025;00:50:00;9,4; m/s
08-04-2025;01:00:00;8,6; m/s
08-04-2025;01:10:00;7,5; m/s
08-04-2025;01:20:00;6,7; m/s
08-04-2025;01:30:00;6,6; m/s
08-04-2025;01:40:00;5,3; m/s
08-04-2025;01:50:00;4,5; m/s
08-04-2025;02:00:00;4,4; m/s
08-04-2025;02:10:00;4,7; m/s
08-04-2025;02:20:00;5,7; m/s
08-04-2025;02:30:00;6,3; m/s
08-04-2025;02:40:00;5,7; m/s
08-04-2025;02:50:00;5,8; m/s
08-04-2025;03:00:00;5,5; m/s
08-04-2025;03:10:00;5,4; m/s
08-04-2025;03:20:00;5,9; m/s
08-04-2025;03:30:00;7,4; m/s
08-04-2025;03:40:00;6,8; m/s
08-04-2025;03:50:00;6; m/s
08-04-2025;04:00:00;6,5; m/s
08-04-2025;04:10:00;6,7; m/s
08-04-2025;04:20:00;7,1; m/s
08-04-2025;04:30:00;6,9; m/s
08-04-2025;04:40:00;6,4; m/s
08-04-2025;04:50:00;5,5; m/s
08-04-2025;05:00:00;5,1; m/s
08-04-2025;05:10:00;4,5; m/s
08-04-2025;05:20:00;5,8; m/s
08-04-2025;05:30:00;5,8; m/s
08-04-2025;05:40:00;6,1; m/s
08-04-2025;05:50:00;4,4; m/s
08-04-2025;06:00:00;5,4; m/s
08-04-2025;06:10:00;5,4; m/s
08-04-2025;06:20:00;6,6; m/s
08-04-2025;06:30:00;7,2; m/s
08-04-2025;06:40:00;6,2; m/s
08-04-2025;06:50:00;6,3; m/s
08-04-2025;07:00:00;6,1; m/s
08-04-2025;07:10:00;6,1; m/s
08-04-2025;07:20:00;5,3; m/s
08-04-2025;07:30:00;5,2; m/s
08-04-2025;07:40:00;6,4; m/s
08-04-2025;07:50:00;7,3; m/s
08-04-2025;08:00:00;6,1; m/s
08-04-2025;08:10:00;7; m/s
08-04-2025;08:20:00;6,1; m/s
08-04-2025;08:30:00;6,1; m/s
08-04-2025;08:40:00;6,3; m/s
08-04-2025;08:50:00;5,9; m/s
08-04-2025;09:00:00;6,3; m/s
08-04-2025;09:10:00;5,9; m/s
08-04-2025;09:20:00;6,9; m/s
08-04-2025;09:30:00;7,6; m/s
08-04-2025;09:40:00;6,1; m/s
08-04-2025;09:50:00;7,5; m/s
08-04-2025;10:00:00;6,9; m/s
08-04-2025;10:10:00;4,9; m/s
08-04-2025;10:20:00;5,3; m/s
08-04-2025;10:30:00;5,4; m/s
08-04-2025;10:40:00;4,9; m/s
08-04-2025;10:50:00;5,5; m/s
08-04-2025;11:00:00;4,8; m/s
08-04-2025;11:10:00;3,9; m/s
08-04-2025;11:20:00;4,3; m/s
08-04-2025;11:30:00;4,3; m/s
08-04-2025;11:40:00;4,7; m/s
08-04-2025;11:50:00;4,1; m/s
08-04-2025;12:00:00;3,4; m/s
08-04-2025;12:10:00;2,5; m/s
08-04-2025;12:20:00;3,4; m/s
08-04-2025;12:30:00;4,7; m/s
08-04-2025;12:40:00;4,6; m/s
08-04-2025;12:50:00;3,6; m/s
08-04-2025;13:00:00;2,2; m/s
08-04-2025;13:10:00;1,9; m/s
08-04-2025;13:20:00;2,4; m/s
08-04-2025;13:30:00;2,9; m/s
08-04-2025;13:40:00;3,3; m/s
08-04-2025;13:50:00;2,2; m/s
08-04-2025;14:00:00;2,3; m/s
08-04-2025;14:10:00;3; m/s
08-04-2025;14:20:00;1,9; m/s
08-04-2025;14:30:00;3,2; m/s
08-04-2025;14:40:00;4,9; m/s
08-04-2025;14:50:00;3,9; m/s
08-04-2025;15:00:00;6,1; m/s
08-04-2025;15:10:00;6,2; m/s
08-04-2025;15:20:00;7,1; m/s
08-04-2025;15:30:00;7; m/s
08-04-2025;15:40:00;6,6; m/s
08-04-2025;15:50:00;6,7; m/s
08-04-2025;16:00:00;6,7; m/s
08-04-2025;16:10:00;7,2; m/s
08-04-2025;16:20:00;6,7; m/s
08-04-2025;16:30:00;7; m/s
08-04-2025;16:40:00;7,2; m/s
08-04-2025;16:50:00;6,8; m/s
08-04-2025;17:00:00;8; m/s
08-04-2025;17:10:00;7,2; m/s
08-04-2025;17:20:00;7,1; m/s
08-04-2025;17:30:00;7,6; m/s
08-04-2025;17:40:00;7; m/s
08-04-2025;17:50:00;5,7; m/s
08-04-2025;18:00:00;6; m/s
08-04-2025;18:10:00;6,6; m/s
08-04-2025;18:20:00;6,5; m/s
08-04-2025;18:30:00;6,3; m/s
08-04-2025;18:40:00;5,4; m/s
08-04-2025;18:50:00;3,9; m/s
08-04-2025;19:00:00;3,8; m/s
08-04-2025;19:10:00;3,6; m/s
08-04-2025;19:20:00;3,7; m/s
08-04-2025;19:30:00;3,1; m/s
08-04-2025;19:40:00;3,4; m/s
08-04-2025;19:50:00;2,8; m/s
08-04-2025;20:00:00;2,8; m/s
08-04-2025;20:10:00;2,9; m/s
08-04-2025;20:20:00;2,5; m/s
08-04-2025;20:30:00;2,3; m/s
08-04-2025;20:40:00;2,5; m/s
08-04-2025;20:50:00;2,5; m/s
08-04-2025;21:00:00;3; m/s
08-04-2025;21:10:00;2,4; m/s
08-04-2025;21:20:00;2; m/s
08-04-2025;21:30:00;2,5; m/s
08-04-2025;21:40:00;2,2; m/s
08-04-2025;21:50:00;2,4; m/s
08-04-2025;22:00:00;3,1; m/s
08-04-2025;22:10:00;3; m/s
08-04-2025;22:20:00;2,4; m/s
08-04-2025;22:30:00;2,7; m/s
08-04-2025;22:40:00;3,1; m/s
08-04-2025;22:50:00;4,1; m/s
08-04-2025;23:00:00;3,6; m/s
08-04-2025;23:10:00;4; m/s
08-04-2025;23:20:00;3,9; m/s
08-04-2025;23:30:00;3,8; m/s
08-04-2025;23:40:00;2,5; m/s
08-04-2025;23:50:00;4; m/s
09-04-2025;00:00:00;3,7; m/s
09-04-2025;00:10:00;3,2; m/s
09-04-2025;00:20:00;4,2; m/s
09-04-2025;00:30:00;3,8; m/s
09-04-2025;00:40:00;4,7; m/s
09-04-2025;00:50:00;4,4; m/s
09-04-2025;01:00:00;3,8; m/s
09-04-2025;01:10:00;3,8; m/s
09-04-2025;01:20:00;3,7; m/s
09-04-2025;01:30:00;3,3; m/s
09-04-2025;01:40:00;3,5; m/s
09-04-2025;01:50:00;4,8; m/s
09-04-2025;02:00:00;4,4; m/s
09-04-2025;02:10:00;4,3; m/s
09-04-2025;02:20:00;3,5; m/s
09-04-2025;02:30:00;3,4; m/s
09-04-2025;02:40:00;3,7; m/s
09-04-2025;02:50:00;3,8; m/s
09-04-2025;03:00:00;3,4; m/s
09-04-2025;03:10:00;3; m/s
09-04-2025;03:20:00;2,8; m/s
09-04-2025;03:30:00;2,5; m/s
09-04-2025;03:40:00;2,5; m/s
09-04-2025;03:50:00;2,4; m/s
09-04-2025;04:00:00;2,5; m/s
09-04-2025;04:10:00;2,1; m/s
09-04-2025;04:20:00;1,9; m/s
09-04-2025;04:30:00;2,2; m/s
09-04-2025;04:40:00;2,4; m/s
09-04-2025;04:50:00;2,6; m/s
09-04-2025;05:00:00;3,3; m/s
09-04-2025;05:10:00;2,1; m/s
09-04-2025;05:20:00;1,2; m/s
09-04-2025;05:30:00;2; m/s
09-04-2025;05:40:00;2; m/s
09-04-2025;05:50:00;1,6; m/s
09-04-2025;06:00:00;1,3; m/s
09-04-2025;06:10:00;1,6; m/s
09-04-2025;06:20:00;1,8; m/s
09-04-2025;06:30:00;2,1; m/s
09-04-2025;06:40:00;2,2; m/s
09-04-2025;06:50:00;1,9; m/s
09-04-2025;07:00:00;1,4; m/s
09-04-2025;07:10:00;1,3; m/s
09-04-2025;07:20:00;1,4; m/s
09-04-2025;07:30:00;1,9; m/s
09-04-2025;07:40:00;2,1; m/s
09-04-2025;07:50:00;2,3; m/s
09-04-2025;08:00:00;2,2; m/s
09-04-2025;08:10:00;2,3; m/s
09-04-2025;08:20:00;2,8; m/s
09-04-2025;08:30:00;2,8; m/s
09-04-2025;08:40:00;2,9; m/s
09-04-2025;08:50:00;2,6; m/s
09-04-2025;09:00:00;2,6; m/s
09-04-2025;09:10:00;2,2; m/s
09-04-2025;09:20:00;2,1; m/s
09-04-2025;09:30:00;2; m/s
09-04-2025;09:40:00;2; m/s
09-04-2025;09:50:00;2,1; m/s
09-04-2025;10:00:00;1,9; m/s
09-04-2025;10:10:00;1,7; m/s
09-04-2025;10:20:00;1,6; m/s
09-04-2025;10:30:00;1,8; m/s
09-04-2025;10:40:00;1,8; m/s
09-04-2025;10:50:00;2,1; m/s
09-04-2025;11:00:00;1,9; m/s
09-04-2025;11:10:00;1,9; m/s
09-04-2025;11:20:00;2; m/s
09-04-2025;11:30:00;1,5; m/s
09-04-2025;11:40:00;2,3; m/s
09-04-2025;11:50:00;2,5; m/s
09-04-2025;12:00:00;2,4; m/s
09-04-2025;12:10:00;2,6; m/s
09-04-2025;12:20:00;3; m/s
09-04-2025;12:30:00;2,4; m/s
09-04-2025;12:40:00;2,8; m/s
09-04-2025;12:50:00;2,8; m/s
09-04-2025;13:00:00;2,7; m/s
09-04-2025;13:10:00;3,2; m/s
09-04-2025;13:20:00;3,2; m/s
09-04-2025;13:30:00;3,1; m/s
09-04-2025;13:40:00;3,1; m/s
09-04-2025;13:50:00;4,7; m/s
09-04-2025;14:00:00;6,2; m/s
09-04-2025;14:10:00;6,5; m/s
09-04-2025;14:20:00;7,1; m/s
09-04-2025;14:30:00;6,7; m/s
09-04-2025;14:40:00;6,8; m/s
09-04-2025;14:50:00;6,4; m/s
09-04-2025;15:00:00;6,4; m/s
09-04-2025;15:10:00;6,4; m/s
09-04-2025;15:20:00;6,5; m/s
09-04-2025;15:30:00;6,6; m/s
09-04-2025;15:40:00;6,3; m/s
09-04-2025;15:50:00;5,8; m/s
09-04-2025;16:00:00;5,4; m/s
09-04-2025;16:10:00;5,7; m/s
09-04-2025;16:20:00;4,9; m/s
09-04-2025;16:30:00;4,9; m/s
09-04-2025;16:40:00;4,9; m/s
09-04-2025;16:50:00;5,3; m/s
09-04-2025;17:00:00;4,6; m/s
09-04-2025;17:10:00;4,8; m/s
09-04-2025;17:20:00;4,7; m/s
09-04-2025;17:30:00;4,2; m/s
09-04-2025;17:40:00;4,1; m/s
09-04-2025;17:50:00;3,9; m/s
09-04-2025;18:00:00;3,5; m/s
09-04-2025;18:10:00;4; m/s
09-04-2025;18:20:00;3,4; m/s
09-04-2025;18:30:00;2,9; m/s
09-04-2025;18:40:00;3,4; m/s
09-04-2025;18:50:00;3,5; m/s
09-04-2025;19:00:00;3,5; m/s
09-04-2025;19:10:00;3,3; m/s
09-04-2025;19:20:00;3,6; m/s
09-04-2025;19:30:00;3,2; m/s
09-04-2025;19:40:00;2,8; m/s
09-04-2025;19:50:00;2,6; m/s
09-04-2025;20:00:00;2,1; m/s
09-04-2025;20:10:00;2,3; m/s
09-04-2025;20:20:00;2,1; m/s
09-04-2025;20:30:00;2,1; m/s
09-04-2025;20:40:00;2,2; m/s
09-04-2025;20:50:00;2,2; m/s
09-04-2025;21:00:00;1,9; m/s
09-04-2025;21:10:00;1,9; m/s
09-04-2025;21:20:00;2; m/s
09-04-2025;21:30:00;2,1; m/s
09-04-2025;21:40:00;2,1; m/s
09-04-2025;21:50:00;2,1; m/s
09-04-2025;22:00:00;2,3; m/s
09-04-2025;22:10:00;1,9; m/s
09-04-2025;22:20:00;1,8; m/s
09-04-2025;22:30:00;1,7; m/s
09-04-2025;22:40:00;1,6; m/s
09-04-2025;22:50:00;1,7; m/s
09-04-2025;23:00:00;1,7; m/s
09-04-2025;23:10:00;1; m/s
09-04-2025;23:20:00;0,9; m/s
09-04-2025;23:30:00;1,1; m/s
09-04-2025;23:40:00;1,6; m/s
09-04-2025;23:50:00;1,6; m/s
10-04-2025;00:00:00;1,4; m/s
10-04-2025;00:10:00;1,3; m/s
10-04-2025;00:20:00;1,3; m/s
10-04-2025;00:30:00;1,3; m/s
10-04-2025;00:40:00;1,2; m/s
10-04-2025;00:50:00;0,5; m/s
10-04-2025;01:00:00;1,2; m/s
10-04-2025;01:10:00;1,2; m/s
10-04-2025;01:20:00;2; m/s
10-04-2025;01:30:00;2,7; m/s
10-04-2025;01:40:00;2,7; m/s
10-04-2025;01:50:00;2,7; m/s
10-04-2025;02:00:00;2,8; m/s
10-04-2025;02:10:00;2,8; m/s
10-04-2025;02:20:00;2,7; m/s
10-04-2025;02:30:00;2,7; m/s
10-04-2025;02:40:00;2,8; m/s
10-04-2025;02:50:00;2,7; m/s
10-04-2025;03:00:00;2,8; m/s
10-04-2025;03:10:00;2,7; m/s
10-04-2025;03:20:00;2,7; m/s
10-04-2025;03:30:00;2,6; m/s
10-04-2025;03:40:00;2,9; m/s
10-04-2025;03:50:00;3,1; m/s
10-04-2025;04:00:00;3,2; m/s
10-04-2025;04:10:00;3,1; m/s
10-04-2025;04:20:00;3,1; m/s
10-04-2025;04:30:00;3,3; m/s
10-04-2025;04:40:00;3,3; m/s
10-04-2025;04:50:00;3,3; m/s
10-04-2025;05:00:00;2,8; m/s
10-04-2025;05:10:00;3,1; m/s
10-04-2025;05:20:00;3; m/s
10-04-2025;05:30:00;3; m/s
10-04-2025;05:40:00;2,9; m/s
10-04-2025;05:50:00;2,6; m/s
10-04-2025;06:00:00;2,5; m/s
10-04-2025;06:10:00;2,6; m/s
10-04-2025;06:20:00;2,7; m/s
10-04-2025;06:30:00;2,5; m/s
10-04-2025;06:40:00;2,2; m/s
10-04-2025;06:50:00;1,6; m/s
10-04-2025;07:00:00;1,3; m/s
10-04-2025;07:10:00;1,3; m/s
10-04-2025;07:20:00;1,8; m/s
10-04-2025;07:30:00;1,8; m/s
10-04-2025;07:40:00;2,1; m/s
10-04-2025;07:50:00;1,7; m/s
10-04-2025;08:00:00;1,5; m/s
10-04-2025;08:10:00;1,5; m/s
10-04-2025;08:20:00;1,4; m/s
10-04-2025;08:30:00;1,6; m/s
10-04-2025;08:40:00;0,9; m/s
10-04-2025;08:50:00;1,6; m/s
10-04-2025;09:00:00;1,4; m/s
10-04-2025;09:10:00;0,8; m/s
10-04-2025;09:20:00;0,8; m/s
10-04-2025;09:30:00;1,3; m/s
10-04-2025;09:40:00;1,5; m/s
10-04-2025;09:50:00;1,5; m/s
10-04-2025;10:00:00;1,7; m/s
10-04-2025;10:10:00;1,6; m/s
10-04-2025;10:20:00;1,4; m/s
10-04-2025;10:30:00;1,7; m/s
10-04-2025;10:40:00;1,7; m/s
10-04-2025;10:50:00;1,7; m/s
10-04-2025;11:00:00;2; m/s
10-04-2025;11:10:00;2,4; m/s
10-04-2025;11:20:00;2,6; m/s
10-04-2025;11:30:00;3,4; m/s
10-04-2025;11:40:00;3,6; m/s
10-04-2025;11:50:00;4; m/s
10-04-2025;12:00:00;4; m/s
10-04-2025;12:10:00;4,5; m/s
10-04-2025;12:20:00;6,1; m/s
10-04-2025;12:30:00;6,2; m/s
10-04-2025;12:40:00;6,3; m/s
10-04-2025;12:50:00;6; m/s
10-04-2025;13:00:00;6,8; m/s
10-04-2025;13:10:00;6,8; m/s
10-04-2025;13:20:00;7; m/s
10-04-2025;13:30:00;6,9; m/s
10-04-2025;13:40:00;8,2; m/s
10-04-2025;13:50:00;8,6; m/s
10-04-2025;14:00:00;8,5; m/s
10-04-2025;14:10:00;8,9; m/s
10-04-2025;14:20:00;8,2; m/s
10-04-2025;14:30:00;8,3; m/s
10-04-2025;14:40:00;8,7; m/s
10-04-2025;14:50:00;8,6; m/s
10-04-2025;15:00:00;8,8; m/s
10-04-2025;15:10:00;8,9; m/s
10-04-2025;15:20:00;9,4; m/s
10-04-2025;15:30:00;9,6; m/s
10-04-2025;15:40:00;9,7; m/s
10-04-2025;15:50:00;9,7; m/s
10-04-2025;16:00:00;8,1; m/s
10-04-2025;16:10:00;8,3; m/s
10-04-2025;16:20:00;8,4; m/s
10-04-2025;16:30:00;8,4; m/s
10-04-2025;16:40:00;7,9; m/s
10-04-2025;16:50:00;7,9; m/s
10-04-2025;17:00:00;8,5; m/s
10-04-2025;17:10:00;8,2; m/s
10-04-2025;17:20:00;8,2; m/s
10-04-2025;17:30:00;8,4; m/s
10-04-2025;17:40:00;7,7; m/s
10-04-2025;17:50:00;8,8; m/s
10-04-2025;18:00:00;7,8; m/s
10-04-2025;18:10:00;7,8; m/s
10-04-2025;18:20:00;7,1; m/s
10-04-2025;18:30:00;5,8; m/s
10-04-2025;18:40:00;6,1; m/s
10-04-2025;18:50:00;3,7; m/s
10-04-2025;19:00:00;3,1; m/s
10-04-2025;19:10:00;2,8; m/s
10-04-2025;19:20:00;3,3; m/s
10-04-2025;19:30:00;3,3; m/s
10-04-2025;19:40:00;3,6; m/s
10-04-2025;19:50:00;3,2; m/s
10-04-2025;20:00:00;2,7; m/s
10-04-2025;20:10:00;2; m/s
10-04-2025;20:20:00;2; m/s
10-04-2025;20:30:00;3,3; m/s
10-04-2025;20:40:00;3,9; m/s
10-04-2025;20:50:00;3; m/s
10-04-2025;21:00:00;2,3; m/s
10-04-2025;21:10:00;2,6; m/s
10-04-2025;21:20:00;2,1; m/s
10-04-2025;21:30:00;2,2; m/s
10-04-2025;21:40:00;2,2; m/s
10-04-2025;21:50:00;1,9; m/s
10-04-2025;22:00:00;2,4; m/s
10-04-2025;22:10:00;2; m/s
10-04-2025;22:20:00;1,2; m/s
10-04-2025;22:30:00;2,1; m/s
10-04-2025;22:40:00;1,8; m/s
10-04-2025;22:50:00;1,6; m/s
10-04-2025;23:00:00;2; m/s
10-04-2025;23:10:00;0,9; m/s
10-04-2025;23:20:00;0,5; m/s
10-04-2025;23:30:00;0,3; m/s
10-04-2025;23:40:00;0,8; m/s
10-04-2025;23:50:00;0,6; m/s
11-04-2025;00:00:00;0,9; m/s
11-04-2025;00:10:00;1,3; m/s
11-04-2025;00:20:00;1,4; m/s
11-04-2025;00:30:00;1,6; m/s
11-04-2025;00:40:00;2,1; m/s
11-04-2025;00:50:00;2; m/s
11-04-2025;01:00:00;2,4; m/s
11-04-2025;01:10:00;2,7; m/s
11-04-2025;01:20:00;3; m/s
11-04-2025;01:30:00;2,9; m/s
11-04-2025;01:40:00;2,9; m/s
11-04-2025;01:50:00;3; m/s
11-04-2025;02:00:00;2,5; m/s
11-04-2025;02:10:00;1,6; m/s
11-04-2025;02:20:00;1,6; m/s
11-04-2025;02:30:00;0,8; m/s
11-04-2025;02:40:00;1; m/s
11-04-2025;02:50:00;1,1; m/s
11-04-2025;03:00:00;2,1; m/s
11-04-2025;03:10:00;2,5; m/s
11-04-2025;03:20:00;1,6; m/s
11-04-2025;03:30:00;0,7; m/s
11-04-2025;03:40:00;1; m/s
11-04-2025;03:50:00;1,8; m/s
11-04-2025;04:00:00;2,1; m/s
11-04-2025;04:10:00;2,9; m/s
11-04-2025;04:20:00;2,8; m/s
11-04-2025;04:30:00;2,1; m/s
11-04-2025;04:40:00;2; m/s
11-04-2025;04:50:00;2,4; m/s
11-04-2025;05:00:00;2,2; m/s
11-04-2025;05:10:00;1,8; m/s
11-04-2025;05:20:00;2; m/s
11-04-2025;05:30:00;1,6; m/s
11-04-2025;05:40:00;1,1; m/s
11-04-2025;05:50:00;1,1; m/s
11-04-2025;06:00:00;1,1; m/s
11-04-2025;06:10:00;1,1; m/s
11-04-2025;06:20:00;1,3; m/s
11-04-2025;06:30:00;1,1; m/s
11-04-2025;06:40:00;1,2; m/s
11-04-2025;06:50:00;1; m/s
11-04-2025;07:00:00;1,1; m/s
11-04-2025;07:10:00;0,8; m/s
11-04-2025;07:20:00;0,8; m/s
11-04-2025;07:30:00;0,7; m/s
11-04-2025;07:40:00;0,8; m/s
11-04-2025;07:50:00;1; m/s
11-04-2025;08:00:00;0,9; m/s
11-04-2025;08:10:00;0,8; m/s
11-04-2025;08:20:00;1,7; m/s
11-04-2025;08:30:00;1,7; m/s
11-04-2025;08:40:00;2,2; m/s
11-04-2025;08:50:00;2,4; m/s
11-04-2025;09:00:00;2,3; m/s
11-04-2025;09:10:00;2,2; m/s
11-04-2025;09:20:00;2,1; m/s
11-04-2025;09:30:00;1,7; m/s
11-04-2025;09:40:00;1,5; m/s
11-04-2025;09:50:00;1,7; m/s
11-04-2025;10:00:00;1,8; m/s
11-04-2025;10:10:00;1,5; m/s
11-04-2025;10:20:00;1,6; m/s
11-04-2025;10:30:00;1,6; m/s
11-04-2025;10:40:00;1,6; m/s
11-04-2025;10:50:00;1,6; m/s
11-04-2025;11:00:00;2; m/s
11-04-2025;11:10:00;1,8; m/s
11-04-2025;11:20:00;1,8; m/s
11-04-2025;11:30:00;1,7; m/s
11-04-2025;11:40:00;1,7; m/s
11-04-2025;11:50:00;2,4; m/s
11-04-2025;12:00:00;2,8; m/s
11-04-2025;12:10:00;2,9; m/s
11-04-2025;12:20:00;3,8; m/s
11-04-2025;12:30:00;2,6; m/s
11-04-2025;12:40:00;2,8; m/s
11-04-2025;12:50:00;3,3; m/s
11-04-2025;13:00:00;3,4; m/s
11-04-2025;13:10:00;3,2; m/s
11-04-2025;13:20:00;3,5; m/s
11-04-2025;13:30:00;4,1; m/s
11-04-2025;13:40:00;4; m/s
11-04-2025;13:50:00;3,9; m/s
11-04-2025;14:00:00;4,4; m/s
11-04-2025;14:10:00;4,8; m/s
11-04-2025;14:20:00;5,4; m/s
11-04-2025;14:30:00;5,8; m/s
11-04-2025;14:40:00;5,9; m/s
11-04-2025;14:50:00;5,7; m/s
11-04-2025;15:00:00;5; m/s
11-04-2025;15:10:00;4,6; m/s
11-04-2025;15:20:00;4,9; m/s
11-04-2025;15:30:00;4,7; m/s
11-04-2025;15:40:00;4,9; m/s
11-04-2025;15:50:00;5,1; m/s
11-04-2025;16:00:00;4,8; m/s
11-04-2025;16:10:00;4,9; m/s
11-04-2025;16:20:00;4,6; m/s
11-04-2025;16:30:00;5; m/s
11-04-2025;16:40:00;4,9; m/s
11-04-2025;16:50:00;5,5; m/s
11-04-2025;17:00:00;5,3; m/s
11-04-2025;17:10:00;5,6; m/s
11-04-2025;17:20:00;5,6; m/s
11-04-2025;17:30:00;6; m/s
11-04-2025;17:40:00;5,2; m/s
11-04-2025;17:50:00;5,1; m/s
11-04-2025;18:00:00;5,3; m/s
11-04-2025;18:10:00;5,4; m/s
11-04-2025;18:20:00;4,9; m/s
11-04-2025;18:30:00;5; m/s
11-04-2025;18:40:00;4,8; m/s
11-04-2025;18:50:00;4,7; m/s
11-04-2025;19:00:00;5,3; m/s
11-04-2025;19:10:00;5; m/s
11-04-2025;19:20:00;4,4; m/s
11-04-2025;19:30:00;4,7; m/s
11-04-2025;19:40:00;5,2; m/s
11-04-2025;19:50:00;5,4; m/s
11-04-2025;20:00:00;5,6; m/s
11-04-2025;20:10:00;5,5; m/s
11-04-2025;20:20:00;5,8; m/s
11-04-2025;20:30:00;5,6; m/s
11-04-2025;20:40:00;5,5; m/s
11-04-2025;20:50:00;5; m/s
11-04-2025;21:00:00;5,7; m/s
11-04-2025;21:10:00;5,5; m/s
11-04-2025;21:20:00;5,1; m/s
11-04-2025;21:30:00;5,3; m/s
11-04-2025;21:40:00;5,2; m/s
11-04-2025;21:50:00;4,3; m/s
11-04-2025;22:00:00;4,4; m/s
11-04-2025;22:10:00;4,6; m/s
11-04-2025;22:20:00;4,3; m/s
11-04-2025;22:30:00;3,7; m/s
11-04-2025;22:40:00;3; m/s
11-04-2025;22:50:00;2,8; m/s
11-04-2025;23:00:00;2,4; m/s
11-04-2025;23:10:00;2,1; m/s
11-04-2025;23:20:00;2,4; m/s
11-04-2025;23:30:00;2,1; m/s
11-04-2025;23:40:00;1,2; m/s
11-04-2025;23:50:00;1,2; m/s
12-04-2025;00:00:00;0,4; m/s
12-04-2025;00:10:00;0,2; m/s
12-04-2025;00:20:00;0,4; m/s
12-04-2025;00:30:00;1,2; m/s
12-04-2025;00:40:00;0,9; m/s
12-04-2025;00:50:00;0,8; m/s
12-04-2025;01:00:00;2,2; m/s
12-04-2025;01:10:00;2,1; m/s
12-04-2025;01:20:00;3,1; m/s
12-04-2025;01:30:00;3,7; m/s
12-04-2025;01:40:00;3,4; m/s
12-04-2025;01:50:00;3,7; m/s
12-04-2025;02:00:00;4,3; m/s
12-04-2025;02:10:00;3,2; m/s
12-04-2025;02:20:00;2,8; m/s
12-04-2025;02:30:00;2,8; m/s
12-04-2025;02:40:00;2; m/s
12-04-2025;02:50:00;2,1; m/s
12-04-2025;03:00:00;2,5; m/s
12-04-2025;03:10:00;2,9; m/s
12-04-2025;03:20:00;2,9; m/s
12-04-2025;03:30:00;2,9; m/s
12-04-2025;03:40:00;2,5; m/s
12-04-2025;03:50:00;2,6; m/s
12-04-2025;04:00:00;2,5; m/s
12-04-2025;04:10:00;2,3; m/s
12-04-2025;04:20:00;2,4; m/s
12-04-2025;04:30:00;2,6; m/s
12-04-2025;04:40:00;2,5; m/s
12-04-2025;04:50:00;2,7; m/s
12-04-2025;05:00:00;2,4; m/s
12-04-2025;05:10:00;2,8; m/s
12-04-2025;05:20:00;2,7; m/s
12-04-2025;05:30:00;2,3; m/s
12-04-2025;05:40:00;2,6; m/s
12-04-2025;05:50:00;2,6; m/s
12-04-2025;06:00:00;2,1; m/s
12-04-2025;06:10:00;1,5; m/s
12-04-2025;06:20:00;0,8; m/s
12-04-2025;06:30:00;0,9; m/s
12-04-2025;06:40:00;0,8; m/s
12-04-2025;06:50:00;0,9; m/s
12-04-2025;07:00:00;0,9; m/s
12-04-2025;07:10:00;1,3; m/s
12-04-2025;07:20:00;1,5; m/s
12-04-2025;07:30:00;1,6; m/s
12-04-2025;07:40:00;1,7; m/s
12-04-2025;07:50:00;1,6; m/s
12-04-2025;08:00:00;1,4; m/s
12-04-2025;08:10:00;1,3; m/s
12-04-2025;08:20:00;1,7; m/s
12-04-2025;08:30:00;1,3; m/s
12-04-2025;08:40:00;1,2; m/s
12-04-2025;08:50:00;1,2; m/s
12-04-2025;09:00:00;1,3; m/s
12-04-2025;09:10:00;1,4; m/s
12-04-2025;09:20:00;1,3; m/s
12-04-2025;09:30:00;1,4; m/s
12-04-2025;09:40:00;2,1; m/s
12-04-2025;09:50:00;2,4; m/s
12-04-2025;10:00:00;2; m/s
12-04-2025;10:10:00;1,9; m/s
12-04-2025;10:20:00;1,8; m/s
12-04-2025;10:30:00;2,2; m/s
12-04-2025;10:40:00;2,3; m/s
12-04-2025;10:50:00;2,5; m/s
12-04-2025;11:00:00;2,5; m/s
12-04-2025;11:10:00;2,6; m/s
12-04-2025;11:20:00;2,1; m/s
12-04-2025;11:30:00;2,3; m/s
12-04-2025;11:40:00;3,7; m/s
12-04-2025;11:50:00;4,4; m/s
12-04-2025;12:00:00;4,8; m/s
12-04-2025;12:10:00;5,1; m/s
12-04-2025;12:20:00;5,1; m/s
12-04-2025;12:30:00;4,5; m/s
12-04-2025;12:40:00;4,4; m/s
12-04-2025;12:50:00;4,8; m/s
12-04-2025;13:00:00;5,8; m/s
12-04-2025;13:10:00;6,7; m/s
12-04-2025;13:20:00;6,7; m/s
12-04-2025;13:30:00;5,3; m/s
12-04-2025;13:40:00;5,3; m/s
12-04-2025;13:50:00;5,5; m/s
12-04-2025;14:00:00;5,7; m/s
12-04-2025;14:10:00;5,5; m/s
12-04-2025;14:20:00;4,8; m/s
12-04-2025;14:30:00;4,1; m/s
12-04-2025;14:40:00;4,2; m/s
12-04-2025;14:50:00;5,5; m/s
12-04-2025;15:00:00;5,5; m/s
12-04-2025;15:10:00;4,5; m/s
12-04-2025;15:20:00;3,9; m/s
12-04-2025;15:30:00;4,9; m/s
12-04-2025;15:40:00;5,1; m/s
12-04-2025;15:50:00;4,3; m/s
12-04-2025;16:00:00;3,7; m/s
12-04-2025;16:10:00;4,8; m/s
12-04-2025;16:20:00;5,4; m/s
12-04-2025;16:30:00;5,7; m/s
12-04-2025;16:40:00;5,3; m/s
12-04-2025;16:50:00;4,8; m/s
12-04-2025;17:00:00;4,5; m/s
12-04-2025;17:10:00;4,2; m/s
12-04-2025;17:20:00;4,3; m/s
12-04-2025;17:30:00;4,5; m/s
12-04-2025;17:40:00;4; m/s
12-04-2025;17:50:00;4; m/s
12-04-2025;18:00:00;4,1; m/s
12-04-2025;18:10:00;2,4; m/s
12-04-2025;18:20:00;2,7; m/s
12-04-2025;18:30:00;2,9; m/s
12-04-2025;18:40:00;3; m/s
12-04-2025;18:50:00;3,9; m/s
12-04-2025;19:00:00;3,2; m/s
12-04-2025;19:10:00;3,5; m/s
12-04-2025;19:20:00;3; m/s
12-04-2025;19:30:00;2,9; m/s
12-04-2025;19:40:00;2,5; m/s
12-04-2025;19:50:00;2,7; m/s
12-04-2025;20:00:00;2,1; m/s
12-04-2025;20:10:00;2,6; m/s
12-04-2025;20:20:00;3,2; m/s
12-04-2025;20:30:00;3,1; m/s
12-04-2025;20:40:00;2,7; m/s
12-04-2025;20:50:00;2,4; m/s
12-04-2025;21:00:00;2,5; m/s
12-04-2025;21:10:00;2,2; m/s
12-04-2025;21:20:00;1,8; m/s
12-04-2025;21:30:00;1,7; m/s
12-04-2025;21:40:00;1,1; m/s
12-04-2025;21:50:00;1,1; m/s
12-04-2025;22:00:00;1,2; m/s
12-04-2025;22:10:00;1,8; m/s
12-04-2025;22:20:00;1,3; m/s
12-04-2025;22:30:00;2,7; m/s
12-04-2025;22:40:00;2,3; m/s
12-04-2025;22:50:00;2,4; m/s
12-04-2025;23:00:00;1,8; m/s
12-04-2025;23:10:00;1; m/s
12-04-2025;23:20:00;1,8; m/s
12-04-2025;23:30:00;2,3; m/s
12-04-2025;23:40:00;0,9; m/s
12-04-2025;23:50:00;0,9; m/s
13-04-2025;00:00:00;1,2; m/s
13-04-2025;00:10:00;1; m/s
13-04-2025;00:20:00;0,9; m/s
13-04-2025;00:30:00;0,5; m/s
13-04-2025;00:40:00;0,7; m/s
13-04-2025;00:50:00;1,2; m/s
13-04-2025;01:00:00;0,3; m/s
13-04-2025;01:10:00;0,7; m/s
13-04-2025;01:20:00;0,2; m/s
13-04-2025;01:30:00;0,9; m/s
13-04-2025;01:40:00;1,2; m/s
13-04-2025;01:50:00;1,2; m/s
13-04-2025;02:00:00;0,2; m/s
13-04-2025;02:10:00;0,2; m/s
13-04-2025;02:20:00;0,9; m/s
13-04-2025;02:30:00;1,4; m/s
13-04-2025;02:40:00;0,6; m/s
13-04-2025;02:50:00;1,2; m/s
13-04-2025;03:00:00;2,6; m/s
13-04-2025;03:10:00;1,4; m/s
13-04-2025;03:20:00;1,8; m/s
13-04-2025;03:30:00;2,5; m/s
13-04-2025;03:40:00;2,8; m/s
13-04-2025;03:50:00;2,6; m/s
13-04-2025;04:00:00;1,3; m/s
13-04-2025;04:10:00;1,8; m/s
13-04-2025;04:20:00;2,2; m/s
13-04-2025;04:30:00;1,6; m/s
13-04-2025;04:40:00;2,4; m/s
13-04-2025;04:50:00;2,3; m/s
13-04-2025;05:00:00;2,2; m/s
13-04-2025;05:10:00;1; m/s
13-04-2025;05:20:00;1,5; m/s
13-04-2025;05:30:00;2,4; m/s
13-04-2025;05:40:00;1,7; m/s
13-04-2025;05:50:00;2,1; m/s
13-04-2025;06:00:00;1,6; m/s
13-04-2025;06:10:00;1,9; m/s
13-04-2025;06:20:00;1,9; m/s
13-04-2025;06:30:00;1,8; m/s
13-04-2025;06:40:00;1,5; m/s
13-04-2025;06:50:00;2,5; m/s
13-04-2025;07:00:00;1,8; m/s
13-04-2025;07:10:00;0,6; m/s
13-04-2025;07:20:00;0,1; m/s
13-04-2025;07:30:00;0,3; m/s
13-04-2025;07:40:00;1,1; m/s
13-04-2025;07:50:00;1,5; m/s
13-04-2025;08:00:00;0,9; m/s
13-04-2025;08:10:00;1,1; m/s
13-04-2025;08:20:00;0,6; m/s
13-04-2025;08:30:00;0,6; m/s
13-04-2025;08:40:00;0,8; m/s
13-04-2025;08:50:00;0,9; m/s
13-04-2025;09:00:00;1,3; m/s
13-04-2025;09:10:00;1,7; m/s
13-04-2025;09:20:00;2,4; m/s
13-04-2025;09:30:00;2,7; m/s
13-04-2025;09:40:00;2,5; m/s
13-04-2025;09:50:00;2,3; m/s
13-04-2025;10:00:00;1,8; m/s
13-04-2025;10:10:00;1; m/s
13-04-2025;10:20:00;0,9; m/s
13-04-2025;10:30:00;1,7; m/s
13-04-2025;10:40:00;1,5; m/s
13-04-2025;10:50:00;1,5; m/s
13-04-2025;11:00:00;1,5; m/s
13-04-2025;11:10:00;1,6; m/s
13-04-2025;11:20:00;1,7; m/s
13-04-2025;11:30:00;1,6; m/s
13-04-2025;11:40:00;1,5; m/s
13-04-2025;11:50:00;1,8; m/s
13-04-2025;12:00:00;1,2; m/s
13-04-2025;12:10:00;1,4; m/s
13-04-2025;12:20:00;1,9; m/s
13-04-2025;12:30:00;1,2; m/s
13-04-2025;12:40:00;1,6; m/s
13-04-2025;12:50:00;2,3; m/s
13-04-2025;13:00:00;2,5; m/s
13-04-2025;13:10:00;2,1; m/s
13-04-2025;13:20:00;2,7; m/s
13-04-2025;13:30:00;2,9; m/s
13-04-2025;13:40:00;3,3; m/s
13-04-2025;13:50:00;2,9; m/s
13-04-2025;14:00:00;2,6; m/s
13-04-2025;14:10:00;2,7; m/s
13-04-2025;14:20:00;2,3; m/s
13-04-2025;14:30:00;2,6; m/s
13-04-2025;14:40:00;2,9; m/s
13-04-2025;14:50:00;3; m/s
13-04-2025;15:00:00;3,1; m/s
13-04-2025;15:10:00;1,9; m/s
13-04-2025;15:20:00;2,7; m/s
13-04-2025;15:30:00;2,7; m/s
13-04-2025;15:40:00;2,1; m/s
13-04-2025;15:50:00;2,8; m/s
13-04-2025;16:00:00;3,4; m/s
13-04-2025;16:10:00;3; m/s
13-04-2025;16:20:00;3,5; m/s
13-04-2025;16:30:00;2,5; m/s
13-04-2025;16:40:00;2,2; m/s
13-04-2025;16:50:00;1,7; m/s
13-04-2025;17:00:00;2,2; m/s
13-04-2025;17:10:00;3,3; m/s
13-04-2025;17:20:00;1,9; m/s
13-04-2025;17:30:00;1,6; m/s
13-04-2025;17:40:00;2,1; m/s
13-04-2025;17:50:00;2,2; m/s
13-04-2025;18:00:00;1,3; m/s
13-04-2025;18:10:00;1,2; m/s
13-04-2025;18:20:00;1,4; m/s
13-04-2025;18:30:00;1,2; m/s
13-04-2025;18:40:00;2,3; m/s
13-04-2025;18:50:00;1,2; m/s
13-04-2025;19:00:00;1,6; m/s
13-04-2025;19:10:00;2,1; m/s
13-04-2025;19:20:00;1,9; m/s
13-04-2025;19:30:00;2,7; m/s
13-04-2025;19:40:00;2,2; m/s
13-04-2025;19:50:00;2,9; m/s
13-04-2025;20:00:00;2,3; m/s
13-04-2025;20:10:00;2,5; m/s
13-04-2025;20:20:00;3,3; m/s
13-04-2025;20:30:00;3,7; m/s
13-04-2025;20:40:00;3; m/s
13-04-2025;20:50:00;3,8; m/s
13-04-2025;21:00:00;4; m/s
13-04-2025;21:10:00;4,7; m/s
13-04-2025;21:20:00;4,4; m/s
13-04-2025;21:30:00;3,7; m/s
13-04-2025;21:40:00;3; m/s
13-04-2025;21:50:00;2,1; m/s
13-04-2025;22:00:00;2; m/s
13-04-2025;22:10:00;1,7; m/s
13-04-2025;22:20:00;5,4; m/s
13-04-2025;22:30:00;5,6; m/s
13-04-2025;22:40:00;5; m/s
13-04-2025;22:50:00;5,5; m/s
13-04-2025;23:00:00;5,5; m/s
13-04-2025;23:10:00;4,7; m/s
13-04-2025;23:20:00;4,2; m/s
13-04-2025;23:30:00;3,8; m/s
13-04-2025;23:40:00;3,4; m/s
13-04-2025;23:50:00;4,5; m/s
14-04-2025;00:00:00;4,1; m/s
14-04-2025;00:10:00;5,1; m/s
14-04-2025;00:20:00;4,6; m/s
14-04-2025;00:30:00;6; m/s
14-04-2025;00:40:00;5,6; m/s
14-04-2025;00:50:00;4,3; m/s
14-04-2025;01:00:00;3,3; m/s
14-04-2025;01:10:00;2,1; m/s
14-04-2025;01:20:00;5,3; m/s
14-04-2025;01:30:00;6,5; m/s
14-04-2025;01:40:00;4,9; m/s
14-04-2025;01:50:00;7; m/s
14-04-2025;02:00:00;6; m/s
14-04-2025;02:10:00;6,8; m/s
14-04-2025;02:20:00;6,5; m/s
14-04-2025;02:30:00;6,1; m/s
14-04-2025;02:40:00;5,8; m/s
14-04-2025;02:50:00;4,2; m/s
14-04-2025;03:00:00;3,1; m/s
14-04-2025;03:10:00;4,4; m/s
14-04-2025;03:20:00;5,2; m/s
14-04-2025;03:30:00;5,7; m/s
14-04-2025;03:40:00;4,8; m/s
14-04-2025;03:50:00;4,5; m/s
14-04-2025;04:00:00;4,1; m/s
14-04-2025;04:10:00;4; m/s
14-04-2025;04:20:00;4; m/s
14-04-2025;04:30:00;3,8; m/s
14-04-2025;04:40:00;4,4; m/s
14-04-2025;04:50:00;4,6; m/s
14-04-2025;05:00:00;3,7; m/s
14-04-2025;05:10:00;3; m/s
14-04-2025;05:20:00;2,1; m/s
14-04-2025;05:30:00;2,1; m/s
14-04-2025;05:40:00;1,7; m/s
14-04-2025;05:50:00;2,4; m/s
14-04-2025;06:00:00;3,7; m/s
14-04-2025;06:10:00;3,5; m/s
14-04-2025;06:20:00;4,4; m/s
14-04-2025;06:30:00;4; m/s
14-04-2025;06:40:00;3,2; m/s
14-04-2025;06:50:00;4,6; m/s
14-04-2025;07:00:00;3,8; m/s
14-04-2025;07:10:00;4,4; m/s
14-04-2025;07:20:00;6,5; m/s
14-04-2025;07:30:00;5,8; m/s
14-04-2025;07:40:00;4,9; m/s
14-04-2025;07:50:00;3,8; m/s
14-04-2025;08:00:00;3,6; m/s
14-04-2025;08:10:00;3; m/s
14-04-2025;08:20:00;2,8; m/s
14-04-2025;08:30:00;3,6; m/s
14-04-2025;08:40:00;3,2; m/s
14-04-2025;08:50:00;3,6; m/s
14-04-2025;09:00:00;4,2; m/s
14-04-2025;09:10:00;4,2; m/s
14-04-2025;09:20:00;3,7; m/s
14-04-2025;09:30:00;4,5; m/s
14-04-2025;09:40:00;4,2; m/s
14-04-2025;09:50:00;3,6; m/s
14-04-2025;10:00:00;4,2; m/s
14-04-2025;10:10:00;3,9; m/s
14-04-2025;10:20:00;3,4; m/s
14-04-2025;10:30:00;4; m/s
14-04-2025;10:40:00;5,1; m/s
14-04-2025;10:50:00;6,4; m/s
14-04-2025;11:00:00;5,5; m/s
14-04-2025;11:10:00;6,6; m/s
14-04-2025;11:20:00;9,6; m/s
14-04-2025;11:30:00;9,2; m/s
14-04-2025;11:40:00;11,1; m/s
14-04-2025;11:50:00;9,4; m/s
14-04-2025;12:00:00;8,9; m/s
14-04-2025;12:10:00;9,1; m/s
14-04-2025;12:20:00;9,6; m/s
14-04-2025;12:30:00;9,6; m/s
14-04-2025;12:40:00;9,9; m/s
14-04-2025;12:50:00;7,9; m/s
14-04-2025;13:00:00;7,7; m/s
14-04-2025;13:10:00;7,7; m/s
14-04-2025;13:20:00;7,1; m/s
14-04-2025;13:30:00;6,4; m/s
14-04-2025;13:40:00;6,1; m/s
14-04-2025;13:50:00;7,4; m/s
14-04-2025;14:00:00;7,4; m/s
14-04-2025;14:10:00;7,3; m/s
14-04-2025;14:20:00;8,5; m/s
14-04-2025;14:30:00;8,9; m/s
14-04-2025;14:40:00;8,4; m/s
14-04-2025;14:50:00;9,3; m/s
14-04-2025;15:00:00;8,3; m/s
14-04-2025;15:10:00;8,4; m/s
14-04-2025;15:20:00;9; m/s
14-04-2025;15:30:00;9,4; m/s
14-04-2025;15:40:00;9,8; m/s
14-04-2025;15:50:00;9,8; m/s
14-04-2025;16:00:00;10,4; m/s
14-04-2025;16:10:00;11,5; m/s
14-04-2025;16:20:00;11; m/s
14-04-2025;16:30:00;10,1; m/s
14-04-2025;16:40:00;10,8; m/s
14-04-2025;16:50:00;10,7; m/s
14-04-2025;17:00:00;9,7; m/s
14-04-2025;17:10:00;9,8; m/s
14-04-2025;17:20:00;10,6; m/s
14-04-2025;17:30:00;10,7; m/s
14-04-2025;17:40:00;10,7; m/s
14-04-2025;17:50:00;11; m/s
14-04-2025;18:00:00;11,5; m/s
14-04-2025;18:10:00;10,5; m/s
14-04-2025;18:20:00;10,8; m/s
14-04-2025;18:30:00;11; m/s
14-04-2025;18:40:00;10,1; m/s
14-04-2025;18:50:00;9,7; m/s
14-04-2025;19:00:00;10,4; m/s
14-04-2025;19:10:00;10,6; m/s
14-04-2025;19:20:00;10,3; m/s
14-04-2025;19:30:00;10; m/s
14-04-2025;19:40:00;9,4; m/s
14-04-2025;19:50:00;9,2; m/s
14-04-2025;20:00:00;8,9; m/s
14-04-2025;20:10:00;8,4; m/s
14-04-2025;20:20:00;8,6; m/s
14-04-2025;20:30:00;8,9; m/s
14-04-2025;20:40:00;9; m/s
14-04-2025;20:50:00;8,5; m/s
14-04-2025;21:00:00;8,4; m/s
14-04-2025;21:10:00;8,5; m/s
14-04-2025;21:20:00;8,4; m/s
14-04-2025;21:30:00;8,2; m/s
14-04-2025;21:40:00;8,8; m/s
14-04-2025;21:50:00;8; m/s
14-04-2025;22:00:00;6,9; m/s
14-04-2025;22:10:00;7,8; m/s
14-04-2025;22:20:00;9,5; m/s
14-04-2025;22:30:00;8,7; m/s
14-04-2025;22:40:00;8,9; m/s
14-04-2025;22:50:00;8,7; m/s
14-04-2025;23:00:00;8,9; m/s
14-04-2025;23:10:00;8,9; m/s
14-04-2025;23:20:00;9; m/s
14-04-2025;23:30:00;10,2; m/s
14-04-2025;23:40:00;9,8; m/s
14-04-2025;23:50:00;9,8; m/s
15-04-2025;00:00:00;9,6; m/s
15-04-2025;00:10:00;8,6; m/s
15-04-2025;00:20:00;8,9; m/s
15-04-2025;00:30:00;8,8; m/s
15-04-2025;00:40:00;10,1; m/s
15-04-2025;00:50:00;9,9; m/s
15-04-2025;01:00:00;9,9; m/s
15-04-2025;01:10:00;10,2; m/s
15-04-2025;01:20:00;9,5; m/s
15-04-2025;01:30:00;8,5; m/s
15-04-2025;01:40:00;8,8; m/s
15-04-2025;01:50:00;8,4; m/s
15-04-2025;02:00:00;8,3; m/s
15-04-2025;02:10:00;9,3; m/s
15-04-2025;02:20:00;8,9; m/s
15-04-2025;02:30:00;8,9; m/s
15-04-2025;02:40:00;8,5; m/s
15-04-2025;02:50:00;7,7; m/s
15-04-2025;03:00:00;7,3; m/s
15-04-2025;03:10:00;6,1; m/s
15-04-2025;03:20:00;5,2; m/s
15-04-2025;03:30:00;5,2; m/s
15-04-2025;03:40:00;4,9; m/s
15-04-2025;03:50:00;5; m/s
15-04-2025;04:00:00;5,3; m/s
15-04-2025;04:10:00;5,5; m/s
15-04-2025;04:20:00;5; m/s
15-04-2025;04:30:00;4,8; m/s
15-04-2025;04:40:00;5; m/s
15-04-2025;04:50:00;4,3; m/s
15-04-2025;05:00:00;4,6; m/s
15-04-2025;05:10:00;4,5; m/s
15-04-2025;05:20:00;4,1; m/s
15-04-2025;05:30:00;4,7; m/s
15-04-2025;05:40:00;3,9; m/s
15-04-2025;05:50:00;3,7; m/s
15-04-2025;06:00:00;3,8; m/s
15-04-2025;06:10:00;4,5; m/s
15-04-2025;06:20:00;4,1; m/s
15-04-2025;06:30:00;3,8; m/s
15-04-2025;06:40:00;3,6; m/s
15-04-2025;06:50:00;3,7; m/s
15-04-2025;07:00:00;3,9; m/s
15-04-2025;07:10:00;4,2; m/s
15-04-2025;07:20:00;3,7; m/s
15-04-2025;07:30:00;4,2; m/s
15-04-2025;07:40:00;4,6; m/s
15-04-2025;07:50:00;4,1; m/s
15-04-2025;08:00:00;5,4; m/s
15-04-2025;08:10:00;5,5; m/s
15-04-2025;08:20:00;5,2; m/s
15-04-2025;08:30:00;4,3; m/s
15-04-2025;08:40:00;4; m/s
15-04-2025;08:50:00;4,2; m/s
15-04-2025;09:00:00;3,7; m/s
15-04-2025;09:10:00;3,8; m/s
15-04-2025;09:20:00;4,2; m/s
15-04-2025;09:30:00;5,1; m/s
15-04-2025;09:40:00;5,7; m/s
15-04-2025;09:50:00;6,1; m/s
15-04-2025;10:00:00;6; m/s
15-04-2025;10:10:00;6,6; m/s
15-04-2025;10:20:00;6; m/s
15-04-2025;10:30:00;5,4; m/s
15-04-2025;10:40:00;5,3; m/s
15-04-2025;10:50:00;5,2; m/s
15-04-2025;11:00:00;5; m/s
15-04-2025;11:10:00;4,4; m/s
15-04-2025;11:20:00;4,4; m/s
15-04-2025;11:30:00;3,7; m/s
15-04-2025;11:40:00;3,7; m/s
15-04-2025;11:50:00;3,1; m/s
15-04-2025;12:00:00;3,4; m/s
15-04-2025;12:10:00;3,1; m/s
15-04-2025;12:20:00;2,9; m/s
15-04-2025;12:30:00;3,7; m/s
15-04-2025;12:40:00;3,3; m/s
15-04-2025;12:50:00;3,3; m/s
15-04-2025;13:00:00;2,8; m/s
15-04-2025;13:10:00;2,8; m/s
15-04-2025;13:20:00;2,9; m/s
15-04-2025;13:30:00;3; m/s
15-04-2025;13:40:00;3,5; m/s
15-04-2025;13:50:00;3,9; m/s
15-04-2025;14:00:00;3,8; m/s
15-04-2025;14:10:00;3,7; m/s
15-04-2025;14:20:00;3,4; m/s
15-04-2025;14:30:00;3,5; m/s
15-04-2025;14:40:00;3,6; m/s
15-04-2025;14:50:00;3,3; m/s
15-04-2025;15:00:00;3; m/s
15-04-2025;15:10:00;3,3; m/s
15-04-2025;15:20:00;3,1; m/s
15-04-2025;15:30:00;2,9; m/s
15-04-2025;15:40:00;3; m/s
15-04-2025;15:50:00;3; m/s
15-04-2025;16:00:00;2,9; m/s
15-04-2025;16:10:00;2,6; m/s
15-04-2025;16:20:00;3,1; m/s
15-04-2025;16:30:00;2,5; m/s
15-04-2025;16:40:00;2,1; m/s
15-04-2025;16:50:00;2,6; m/s
15-04-2025;17:00:00;2,9; m/s
15-04-2025;17:10:00;2,3; m/s
15-04-2025;17:20:00;1,9; m/s
15-04-2025;17:30:00;1,2; m/s
15-04-2025;17:40:00;1,4; m/s
15-04-2025;17:50:00;1,1; m/s
15-04-2025;18:00:00;2,1; m/s
15-04-2025;18:10:00;0,9; m/s
15-04-2025;18:20:00;1; m/s
15-04-2025;18:30:00;0,7; m/s
15-04-2025;18:40:00;0,9; m/s
15-04-2025;18:50:00;2; m/s
15-04-2025;19:00:00;1,5; m/s
15-04-2025;19:10:00;1,6; m/s
15-04-2025;19:20:00;2,1; m/s
15-04-2025;19:30:00;2,9; m/s
15-04-2025;19:40:00;3,1; m/s
15-04-2025;19:50:00;3,3; m/s
15-04-2025;20:00:00;3,5; m/s
15-04-2025;20:10:00;4; m/s
15-04-2025;20:20:00;3,3; m/s
15-04-2025;20:30:00;2,8; m/s
15-04-2025;20:40:00;3,3; m/s
15-04-2025;20:50:00;3,7; m/s
15-04-2025;21:00:00;3,7; m/s
15-04-2025;21:10:00;3; m/s
15-04-2025;21:20:00;2,8; m/s
15-04-2025;21:30:00;3,3; m/s
15-04-2025;21:40:00;3,4; m/s
15-04-2025;21:50:00;4; m/s
15-04-2025;22:00:00;3,1; m/s
15-04-2025;22:10:00;3; m/s
15-04-2025;22:20:00;3,5; m/s
15-04-2025;22:30:00;3,2; m/s
15-04-2025;22:40:00;3,1; m/s
15-04-2025;22:50:00;3,6; m/s
15-04-2025;23:00:00;3,9; m/s
15-04-2025;23:10:00;4; m/s
15-04-2025;23:20:00;3,8; m/s
15-04-2025;23:30:00;4; m/s
15-04-2025;23:40:00;2,9; m/s
15-04-2025;23:50:00;4,3; m/s
16-04-2025;00:00:00;4,5; m/s
16-04-2025;00:10:00;4,4; m/s
16-04-2025;00:20:00;5; m/s
16-04-2025;00:30:00;4,9; m/s
16-04-2025;00:40:00;5,2; m/s
16-04-2025;00:50:00;4,8; m/s
16-04-2025;01:00:00;4,6; m/s
16-04-2025;01:10:00;4,1; m/s
16-04-2025;01:20:00;2,6; m/s
16-04-2025;01:30:00;2,6; m/s
16-04-2025;01:40:00;3,6; m/s
16-04-2025;01:50:00;5,1; m/s
16-04-2025;02:00:00;6; m/s
16-04-2025;02:10:00;5,1; m/s
16-04-2025;02:20:00;5; m/s
16-04-2025;02:30:00;5,5; m/s
16-04-2025;02:40:00;5,1; m/s
16-04-2025;02:50:00;4,1; m/s
16-04-2025;03:00:00;5,2; m/s
16-04-2025;03:10:00;5,1; m/s
16-04-2025;03:20:00;5,5; m/s
16-04-2025;03:30:00;5,5; m/s
16-04-2025;03:40:00;5,6; m/s
16-04-2025;03:50:00;3,9; m/s
16-04-2025;04:00:00;3,5; m/s
16-04-2025;04:10:00;4,2; m/s
16-04-2025;04:20:00;3,6; m/s
16-04-2025;04:30:00;5,2; m/s
16-04-2025;04:40:00;5,1; m/s
16-04-2025;04:50:00;5,5; m/s
16-04-2025;05:00:00;5; m/s
16-04-2025;05:10:00;5,6; m/s
16-04-2025;05:20:00;5; m/s
16-04-2025;05:30:00;4,4; m/s
16-04-2025;05:40:00;6,2; m/s
16-04-2025;05:50:00;5,7; m/s
16-04-2025;06:00:00;5,9; m/s
16-04-2025;06:10:00;5,3; m/s
16-04-2025;06:20:00;6,6; m/s
16-04-2025;06:30:00;6,9; m/s
16-04-2025;06:40:00;6,3; m/s
16-04-2025;06:50:00;6; m/s
16-04-2025;07:00:00;4,7; m/s
16-04-2025;07:10:00;4,4; m/s
16-04-2025;07:20:00;4,4; m/s
16-04-2025;07:30:00;5; m/s
16-04-2025;07:40:00;3,2; m/s
16-04-2025;07:50:00;1,4; m/s
16-04-2025;08:00:00;2,1; m/s
16-04-2025;08:10:00;2,2; m/s
16-04-2025;08:20:00;2,4; m/s
16-04-2025;08:30:00;2,4; m/s
16-04-2025;08:40:00;2,7; m/s
16-04-2025;08:50:00;2,6; m/s
16-04-2025;09:00:00;3,1; m/s
16-04-2025;09:10:00;2,8; m/s
16-04-2025;09:20:00;2,4; m/s
16-04-2025;09:30:00;3,7; m/s
16-04-2025;09:40:00;4,1; m/s
16-04-2025;09:50:00;4; m/s
16-04-2025;10:00:00;2,8; m/s
16-04-2025;10:10:00;4,2; m/s
16-04-2025;10:20:00;5; m/s
16-04-2025;10:30:00;3,6; m/s
16-04-2025;10:40:00;4,1; m/s
16-04-2025;10:50:00;3,8; m/s
16-04-2025;11:00:00;6,1; m/s
16-04-2025;11:10:00;7,2; m/s
16-04-2025;11:20:00;6; m/s
16-04-2025;11:30:00;5,7; m/s
16-04-2025;11:40:00;6,5; m/s
16-04-2025;11:50:00;5,8; m/s
16-04-2025;12:00:00;3,7; m/s
16-04-2025;12:10:00;3,8; m/s
16-04-2025;12:20:00;5,4; m/s
16-04-2025;12:30:00;5,5; m/s
16-04-2025;12:40:00;6,6; m/s
16-04-2025;12:50:00;5,7; m/s
16-04-2025;13:00:00;4,9; m/s
16-04-2025;13:10:00;4,7; m/s
16-04-2025;13:20:00;4,6; m/s
16-04-2025;13:30:00;5,4; m/s
16-04-2025;13:40:00;6; m/s
16-04-2025;13:50:00;6,4; m/s
16-04-2025;14:00:00;6,3; m/s
16-04-2025;14:10:00;7,4; m/s
16-04-2025;14:20:00;10,1; m/s
16-04-2025;14:30:00;7,6; m/s
16-04-2025;14:40:00;7,6; m/s
16-04-2025;14:50:00;8,2; m/s
16-04-2025;15:00:00;8,7; m/s
16-04-2025;15:10:00;9,7; m/s
16-04-2025;15:20:00;9,7; m/s
16-04-2025;15:30:00;9,4; m/s
16-04-2025;15:40:00;6,8; m/s
16-04-2025;15:50:00;5,7; m/s
16-04-2025;16:00:00;7,1; m/s
16-04-2025;16:10:00;8,2; m/s
16-04-2025;16:20:00;9,6; m/s
16-04-2025;16:30:00;9,9; m/s
16-04-2025;16:40:00;6,8; m/s
16-04-2025;16:50:00;6,6; m/s
16-04-2025;17:00:00;6,3; m/s
16-04-2025;17:10:00;7,1; m/s
16-04-2025;17:20:00;5,1; m/s
16-04-2025;17:30:00;5,7; m/s
16-04-2025;17:40:00;6,2; m/s
16-04-2025;17:50:00;5,6; m/s
16-04-2025;18:00:00;5,5; m/s
16-04-2025;18:10:00;5; m/s
16-04-2025;18:20:00;6,9; m/s
16-04-2025;18:30:00;7,3; m/s
16-04-2025;18:40:00;6,2; m/s
16-04-2025;18:50:00;5,3; m/s
16-04-2025;19:00:00;4,9; m/s
16-04-2025;19:10:00;7,8; m/s
16-04-2025;19:20:00;7; m/s
16-04-2025;19:30:00;7,4; m/s
16-04-2025;19:40:00;9,6; m/s
16-04-2025;19:50:00;9,6; m/s
16-04-2025;20:00:00;8,2; m/s
16-04-2025;20:10:00;6,9; m/s
16-04-2025;20:20:00;5,8; m/s
16-04-2025;20:30:00;5,8; m/s
16-04-2025;20:40:00;6,2; m/s
16-04-2025;20:50:00;6,5; m/s
16-04-2025;21:00:00;6,4; m/s
16-04-2025;21:10:00;6,9; m/s
16-04-2025;21:20:00;6,9; m/s
16-04-2025;21:30:00;8,1; m/s
16-04-2025;21:40:00;9,5; m/s
16-04-2025;21:50:00;11,9; m/s
16-04-2025;22:00:00;13,9; m/s
16-04-2025;22:10:00;14,9; m/s
16-04-2025;22:20:00;14,4; m/s
16-04-2025;22:30:00;14,7; m/s
16-04-2025;22:40:00;13,1; m/s
16-04-2025;22:50:00;12,7; m/s
16-04-2025;23:00:00;11,9; m/s
16-04-2025;23:10:00;11,3; m/s
16-04-2025;23:20:00;12,1; m/s
16-04-2025;23:30:00;9,5; m/s
16-04-2025;23:40:00;8,4; m/s
16-04-2025;23:50:00;8,4; m/s
17-04-2025;00:00:00;7,4; m/s
17-04-2025;00:10:00;6,2; m/s
17-04-2025;00:20:00;5,3; m/s
17-04-2025;00:30:00;4,1; m/s
17-04-2025;00:40:00;5,4; m/s
17-04-2025;00:50:00;4,8; m/s
17-04-2025;01:00:00;5,2; m/s
17-04-2025;01:10:00;4,1; m/s
17-04-2025;01:20:00;4,2; m/s
17-04-2025;01:30:00;4,6; m/s
17-04-2025;01:40:00;3,4; m/s
17-04-2025;01:50:00;2,1; m/s
17-04-2025;02:00:00;1,7; m/s
17-04-2025;02:10:00;1,4; m/s
17-04-2025;02:20:00;1,7; m/s
17-04-2025;02:30:00;2,5; m/s
17-04-2025;02:40:00;2,1; m/s
17-04-2025;02:50:00;1,8; m/s
17-04-2025;03:00:00;2,7; m/s
17-04-2025;03:10:00;2,5; m/s
17-04-2025;03:20:00;1,8; m/s
17-04-2025;03:30:00;1,7; m/s
17-04-2025;03:40:00;2,4; m/s
17-04-2025;03:50:00;3,5; m/s
17-04-2025;04:00:00;3,7; m/s
17-04-2025;04:10:00;5,2; m/s
17-04-2025;04:20:00;5; m/s
17-04-2025;04:30:00;4; m/s
17-04-2025;04:40:00;4,6; m/s
17-04-2025;04:50:00;4,5; m/s
17-04-2025;05:00:00;4,9; m/s
17-04-2025;05:10:00;3,9; m/s
17-04-2025;05:20:00;4,5; m/s
17-04-2025;05:30:00;4,2; m/s
17-04-2025;05:40:00;4,4; m/s
17-04-2025;05:50:00;4,7; m/s
17-04-2025;06:00:00;4,9; m/s
17-04-2025;06:10:00;4,5; m/s
17-04-2025;06:20:00;4,6; m/s
17-04-2025;06:30:00;3,9; m/s
17-04-2025;06:40:00;4,4; m/s
17-04-2025;06:50:00;4,3; m/s
17-04-2025;07:00:00;4,6; m/s
17-04-2025;07:10:00;5,2; m/s
17-04-2025;07:20:00;4,7; m/s
17-04-2025;07:30:00;4,7; m/s
17-04-2025;07:40:00;4,6; m/s
17-04-2025;07:50:00;4,6; m/s
17-04-2025;08:00:00;4,5; m/s
17-04-2025;08:10:00;3,4; m/s
17-04-2025;08:20:00;3,9; m/s
17-04-2025;08:30:00;4; m/s
17-04-2025;08:40:00;3,9; m/s
17-04-2025;08:50:00;3,2; m/s
17-04-2025;09:00:00;2,9; m/s
17-04-2025;09:10:00;3,9; m/s
17-04-2025;09:20:00;3,9; m/s
17-04-2025;09:30:00;4; m/s
17-04-2025;09:40:00;3; m/s
17-04-2025;09:50:00;3,2; m/s
17-04-2025;10:00:00;3,6; m/s
17-04-2025;10:10:00;3,7; m/s
17-04-2025;10:20:00;3,9; m/s
17-04-2025;10:30:00;3,6; m/s
17-04-2025;10:40:00;3,6; m/s
17-04-2025;10:50:00;3,4; m/s
17-04-2025;11:00:00;3,8; m/s
17-04-2025;11:10:00;4,7; m/s
17-04-2025;11:20:00;5,6; m/s
17-04-2025;11:30:00;4,7; m/s
17-04-2025;11:40:00;4,7; m/s
17-04-2025;11:50:00;4,5; m/s
17-04-2025;12:00:00;4,4; m/s
17-04-2025;12:10:00;5; m/s
17-04-2025;12:20:00;4,5; m/s
17-04-2025;12:30:00;4,2; m/s
17-04-2025;12:40:00;4; m/s
17-04-2025;12:50:00;4,5; m/s
17-04-2025;13:00:00;4,3; m/s
17-04-2025;13:10:00;4,8; m/s
17-04-2025;13:20:00;4,6; m/s
17-04-2025;13:30:00;4,8; m/s
17-04-2025;13:40:00;5,1; m/s
17-04-2025;13:50:00;5,2; m/s
17-04-2025;14:00:00;4,9; m/s
17-04-2025;14:10:00;5; m/s
17-04-2025;14:20:00;5,8; m/s
17-04-2025;14:30:00;5,1; m/s
17-04-2025;14:40:00;6,1; m/s
17-04-2025;14:50:00;6,8; m/s
17-04-2025;15:00:00;7,1; m/s
17-04-2025;15:10:00;8,5; m/s
17-04-2025;15:20:00;9,4; m/s
17-04-2025;15:30:00;6,4; m/s
17-04-2025;15:40:00;6,5; m/s
17-04-2025;15:50:00;6,3; m/s
17-04-2025;16:00:00;7; m/s
17-04-2025;16:10:00;7,3; m/s
17-04-2025;16:20:00;7,9; m/s
17-04-2025;16:30:00;6,5; m/s
17-04-2025;16:40:00;7,2; m/s
17-04-2025;16:50:00;7,8; m/s
17-04-2025;17:00:00;7; m/s
17-04-2025;17:10:00;6,8; m/s
17-04-2025;17:20:00;7,2; m/s
17-04-2025;17:30:00;6,8; m/s
17-04-2025;17:40:00;6,3; m/s
17-04-2025;17:50:00;6,9; m/s
17-04-2025;18:00:00;7,6; m/s
17-04-2025;18:10:00;7; m/s
17-04-2025;18:20:00;6,8; m/s
17-04-2025;18:30:00;6,9; m/s
17-04-2025;18:40:00;6,9; m/s
17-04-2025;18:50:00;7,2; m/s
17-04-2025;19:00:00;6,8; m/s
17-04-2025;19:10:00;6,1; m/s
17-04-2025;19:20:00;6,4; m/s
17-04-2025;19:30:00;5,6; m/s
17-04-2025;19:40:00;5,7; m/s
17-04-2025;19:50:00;5,7; m/s
17-04-2025;20:00:00;5,2; m/s
17-04-2025;20:10:00;5,6; m/s
17-04-2025;20:20:00;5,3; m/s
17-04-2025;20:30:00;5,3; m/s
17-04-2025;20:40:00;5,2; m/s
17-04-2025;20:50:00;4,5; m/s
17-04-2025;21:00:00;3,8; m/s
17-04-2025;21:10:00;3,8; m/s
17-04-2025;21:20:00;3,5; m/s
17-04-2025;21:30:00;4,4; m/s
17-04-2025;21:40:00;4,5; m/s
17-04-2025;21:50:00;5; m/s
17-04-2025;22:00:00;5,3; m/s
17-04-2025;22:10:00;4,9; m/s
17-04-2025;22:20:00;4,9; m/s
17-04-2025;22:30:00;4,8; m/s
17-04-2025;22:40:00;5,1; m/s
17-04-2025;22:50:00;5,6; m/s
17-04-2025;23:00:00;5,6; m/s
17-04-2025;23:10:00;5,9; m/s
17-04-2025;23:20:00;5,3; m/s
17-04-2025;23:30:00;5,7; m/s
17-04-2025;23:40:00;6,1; m/s
17-04-2025;23:50:00;3,1; m/s
18-04-2025;00:00:00;3,7; m/s
18-04-2025;00:10:00;3,4; m/s
18-04-2025;00:20:00;3,1; m/s
18-04-2025;00:30:00;3,2; m/s
18-04-2025;00:40:00;2,7; m/s
18-04-2025;00:50:00;2,3; m/s
18-04-2025;01:00:00;1,7; m/s
18-04-2025;01:10:00;1,1; m/s
18-04-2025;01:20:00;1,2; m/s
18-04-2025;01:30:00;1,3; m/s
18-04-2025;01:40:00;2,9; m/s
18-04-2025;01:50:00;2,5; m/s
18-04-2025;02:00:00;2,8; m/s
18-04-2025;02:10:00;2,6; m/s
18-04-2025;02:20:00;2,3; m/s
18-04-2025;02:30:00;1,8; m/s
18-04-2025;02:40:00;1,9; m/s
18-04-2025;02:50:00;2,5; m/s
18-04-2025;03:00:00;3,2; m/s
18-04-2025;03:10:00;4,3; m/s
18-04-2025;03:20:00;4,4; m/s
18-04-2025;03:30:00;4; m/s
18-04-2025;03:40:00;5; m/s
18-04-2025;03:50:00;5,5; m/s
18-04-2025;04:00:00;4,9; m/s
18-04-2025;04:10:00;3,4; m/s
18-04-2025;04:20:00;5,3; m/s
18-04-2025;04:30:00;4,5; m/s
18-04-2025;04:40:00;4,9; m/s
18-04-2025;04:50:00;6; m/s
18-04-2025;05:00:00;5,1; m/s
18-04-2025;05:10:00;4,2; m/s
18-04-2025;05:20:00;3,8; m/s
18-04-2025;05:30:00;3,9; m/s
18-04-2025;05:40:00;3,8; m/s
18-04-2025;05:50:00;3,4; m/s
18-04-2025;06:00:00;3,2; m/s
18-04-2025;06:10:00;2,6; m/s
18-04-2025;06:20:00;2,6; m/s
18-04-2025;06:30:00;2,8; m/s
18-04-2025;06:40:00;2,7; m/s
18-04-2025;06:50:00;2,3; m/s
18-04-2025;07:00:00;2,9; m/s
18-04-2025;07:10:00;2,3; m/s
18-04-2025;07:20:00;2,4; m/s
18-04-2025;07:30:00;2,7; m/s
18-04-2025;07:40:00;2,1; m/s
18-04-2025;07:50:00;1,2; m/s
18-04-2025;08:00:00;1,5; m/s
18-04-2025;08:10:00;1,2; m/s
18-04-2025;08:20:00;1,1; m/s
18-04-2025;08:30:00;1,3; m/s
18-04-2025;08:40:00;2,9; m/s
18-04-2025;08:50:00;3,4; m/s
18-04-2025;09:00:00;3,1; m/s
18-04-2025;09:10:00;4,7; m/s
18-04-2025;09:20:00;7,3; m/s
18-04-2025;09:30:00;7,3; m/s
18-04-2025;09:40:00;7,8; m/s
18-04-2025;09:50:00;9; m/s
18-04-2025;10:00:00;8,8; m/s
18-04-2025;10:10:00;8,2; m/s
18-04-2025;10:20:00;8,9; m/s
18-04-2025;10:30:00;8,7; m/s
18-04-2025;10:40:00;8,5; m/s
18-04-2025;10:50:00;8,4; m/s
18-04-2025;11:00:00;8; m/s
18-04-2025;11:10:00;8,6; m/s
18-04-2025;11:20:00;8,5; m/s
18-04-2025;11:30:00;8,5; m/s
18-04-2025;11:40:00;8,9; m/s
18-04-2025;11:50:00;8,4; m/s
18-04-2025;12:00:00;8,4; m/s
18-04-2025;12:10:00;7,8; m/s
18-04-2025;12:20:00;8,1; m/s
18-04-2025;12:30:00;8,4; m/s
18-04-2025;12:40:00;8,6; m/s
18-04-2025;12:50:00;8,5; m/s
18-04-2025;13:00:00;8,6; m/s
18-04-2025;13:10:00;9,5; m/s
18-04-2025;13:20:00;8,5; m/s
18-04-2025;13:30:00;8; m/s
18-04-2025;13:40:00;7,9; m/s
18-04-2025;13:50:00;7,6; m/s
18-04-2025;14:00:00;7,7; m/s
18-04-2025;14:10:00;8,3; m/s
18-04-2025;14:20:00;8,7; m/s
18-04-2025;14:30:00;7,2; m/s
18-04-2025;14:40:00;7; m/s
18-04-2025;14:50:00;7; m/s
18-04-2025;15:00:00;7,8; m/s
18-04-2025;15:10:00;8,5; m/s
18-04-2025;15:20:00;8,5; m/s
18-04-2025;15:30:00;7,3; m/s
18-04-2025;15:40:00;7,2; m/s
18-04-2025;15:50:00;6,7; m/s
18-04-2025;16:00:00;6,4; m/s
18-04-2025;16:10:00;6,2; m/s
18-04-2025;16:20:00;5,9; m/s
18-04-2025;16:30:00;6,3; m/s
18-04-2025;16:40:00;6,9; m/s
18-04-2025;16:50:00;6,6; m/s
18-04-2025;17:00:00;5,5; m/s
18-04-2025;17:10:00;5,9; m/s
18-04-2025;17:20:00;5,4; m/s
18-04-2025;17:30:00;5,7; m/s
18-04-2025;17:40:00;6,2; m/s
18-04-2025;17:50:00;5,7; m/s
18-04-2025;18:00:00;5,4; m/s
18-04-2025;18:10:00;5,5; m/s
18-04-2025;18:20:00;4,9; m/s
18-04-2025;18:30:00;4,9; m/s
18-04-2025;18:40:00;4,9; m/s
18-04-2025;18:50:00;4,2; m/s
18-04-2025;19:00:00;4,6; m/s
18-04-2025;19:10:00;3,9; m/s
18-04-2025;19:20:00;3,4; m/s
18-04-2025;19:30:00;4,1; m/s
18-04-2025;19:40:00;3,1; m/s
18-04-2025;19:50:00;2,8; m/s
18-04-2025;20:00:00;2,6; m/s
18-04-2025;20:10:00;3; m/s
18-04-2025;20:20:00;3,4; m/s
18-04-2025;20:30:00;3,7; m/s
18-04-2025;20:40:00;2,9; m/s
18-04-2025;20:50:00;3,5; m/s
18-04-2025;21:00:00;3,1; m/s
18-04-2025;21:10:00;3,4; m/s
18-04-2025;21:20:00;2,6; m/s
18-04-2025;21:30:00;3,3; m/s
18-04-2025;21:40:00;2,4; m/s
18-04-2025;21:50:00;3,5; m/s
18-04-2025;22:00:00;2,7; m/s
18-04-2025;22:10:00;3; m/s
18-04-2025;22:20:00;2; m/s
18-04-2025;22:30:00;1,7; m/s
18-04-2025;22:40:00;1,8; m/s
18-04-2025;22:50:00;2; m/s
18-04-2025;23:00:00;2,2; m/s
18-04-2025;23:10:00;2,4; m/s
18-04-2025;23:20:00;1,7; m/s
18-04-2025;23:30:00;2,1; m/s
18-04-2025;23:40:00;0,9; m/s
18-04-2025;23:50:00;1,3; m/s
19-04-2025;00:00:00;1; m/s
19-04-2025;00:10:00;0,4; m/s
19-04-2025;00:20:00;0,6; m/s
19-04-2025;00:30:00;0,5; m/s
19-04-2025;00:40:00;0,9; m/s
19-04-2025;00:50:00;0,9; m/s
19-04-2025;01:00:00;1,2; m/s
19-04-2025;01:10:00;1,1; m/s
19-04-2025;01:20:00;0,7; m/s
19-04-2025;01:30:00;0,6; m/s
19-04-2025;01:40:00;1,3; m/s
19-04-2025;01:50:00;2,1; m/s
19-04-2025;02:00:00;1,2; m/s
19-04-2025;02:10:00;0,8; m/s
19-04-2025;02:20:00;0; m/s
19-04-2025;02:30:00;0,9; m/s
19-04-2025;02:40:00;1; m/s
19-04-2025;02:50:00;2,2; m/s
19-04-2025;03:00:00;2,6; m/s
19-04-2025;03:10:00;2,6; m/s
19-04-2025;03:20:00;2,8; m/s
19-04-2025;03:30:00;3,1; m/s
19-04-2025;03:40:00;2,9; m/s
19-04-2025;03:50:00;2,8; m/s
19-04-2025;04:00:00;2,3; m/s
19-04-2025;04:10:00;2,9; m/s
19-04-2025;04:20:00;2,8; m/s
19-04-2025;04:30:00;3,5; m/s
19-04-2025;04:40:00;3,4; m/s
19-04-2025;04:50:00;3; m/s
19-04-2025;05:00:00;2,9; m/s
19-04-2025;05:10:00;3,1; m/s
19-04-2025;05:20:00;3,4; m/s
19-04-2025;05:30:00;3,3; m/s
19-04-2025;05:40:00;3,3; m/s
19-04-2025;05:50:00;3,4; m/s
19-04-2025;06:00:00;2,9; m/s
19-04-2025;06:10:00;2,8; m/s
19-04-2025;06:20:00;2,7; m/s
19-04-2025;06:30:00;2,5; m/s
19-04-2025;06:40:00;2,7; m/s
19-04-2025;06:50:00;2,6; m/s
19-04-2025;07:00:00;2,5; m/s
19-04-2025;07:10:00;2; m/s
19-04-2025;07:20:00;1,8; m/s
19-04-2025;07:30:00;1,7; m/s
19-04-2025;07:40:00;1,9; m/s
19-04-2025;07:50:00;2,1; m/s
19-04-2025;08:00:00;2; m/s
19-04-2025;08:10:00;2,7; m/s
19-04-2025;08:20:00;2,5; m/s
19-04-2025;08:30:00;2,4; m/s
19-04-2025;08:40:00;2,1; m/s
19-04-2025;08:50:00;2,1; m/s
19-04-2025;09:00:00;2,3; m/s
19-04-2025;09:10:00;2,5; m/s
19-04-2025;09:20:00;2,2; m/s
19-04-2025;09:30:00;2,1; m/s
19-04-2025;09:40:00;2; m/s
19-04-2025;09:50:00;2,3; m/s
19-04-2025;10:00:00;2,2; m/s
19-04-2025;10:10:00;1,9; m/s
19-04-2025;10:20:00;2; m/s
19-04-2025;10:30:00;2,2; m/s
19-04-2025;10:40:00;2,4; m/s
19-04-2025;10:50:00;2,2; m/s
19-04-2025;11:00:00;2,2; m/s
19-04-2025;11:10:00;1,9; m/s
19-04-2025;11:20:00;1,9; m/s
19-04-2025;11:30:00;1,7; m/s
19-04-2025;11:40:00;1,9; m/s
19-04-2025;11:50:00;1,9; m/s
19-04-2025;12:00:00;2; m/s
19-04-2025;12:10:00;1,9; m/s
19-04-2025;12:20:00;2; m/s
19-04-2025;12:30:00;1,8; m/s
19-04-2025;12:40:00;1,9; m/s
19-04-2025;12:50:00;2,1; m/s
19-04-2025;13:00:00;1,8; m/s
19-04-2025;13:10:00;1,8; m/s
19-04-2025;13:20:00;2,2; m/s
19-04-2025;13:30:00;1,9; m/s
19-04-2025;13:40:00;2,1; m/s
19-04-2025;13:50:00;2,3; m/s
19-04-2025;14:00:00;2,1; m/s
19-04-2025;14:10:00;1,8; m/s
19-04-2025;14:20:00;1,7; m/s
19-04-2025;14:30:00;1,8; m/s
19-04-2025;14:40:00;2,1; m/s
19-04-2025;14:50:00;2; m/s
19-04-2025;15:00:00;2; m/s
19-04-2025;15:10:00;2,1; m/s
19-04-2025;15:20:00;2,3; m/s
19-04-2025;15:30:00;2,2; m/s
19-04-2025;15:40:00;1,8; m/s
19-04-2025;15:50:00;1,7; m/s
19-04-2025;16:00:00;2; m/s
19-04-2025;16:10:00;2,2; m/s
19-04-2025;16:20:00;2,2; m/s
19-04-2025;16:30:00;2,6; m/s
19-04-2025;16:40:00;3,2; m/s
19-04-2025;16:50:00;3,9; m/s
19-04-2025;17:00:00;3,9; m/s
19-04-2025;17:10:00;3,4; m/s
19-04-2025;17:20:00;4; m/s
19-04-2025;17:30:00;4,4; m/s
19-04-2025;17:40:00;4,1; m/s
19-04-2025;17:50:00;4; m/s
19-04-2025;18:00:00;3,7; m/s
19-04-2025;18:10:00;2,6; m/s
19-04-2025;18:20:00;2; m/s
19-04-2025;18:30:00;2,3; m/s
19-04-2025;18:40:00;2,1; m/s
19-04-2025;18:50:00;2,3; m/s
19-04-2025;19:00:00;1,9; m/s
19-04-2025;19:10:00;2,1; m/s
19-04-2025;19:20:00;2; m/s
19-04-2025;19:30:00;1,8; m/s
19-04-2025;19:40:00;1,8; m/s
19-04-2025;19:50:00;2,2; m/s
19-04-2025;20:00:00;1,5; m/s
19-04-2025;20:10:00;0,6; m/s
19-04-2025;20:20:00;1; m/s
19-04-2025;20:30:00;1; m/s
19-04-2025;20:40:00;0,7; m/s
19-04-2025;20:50:00;0,4; m/s
19-04-2025;21:00:00;0,1; m/s
19-04-2025;21:10:00;0,2; m/s
19-04-2025;21:20:00;0,3; m/s
19-04-2025;21:30:00;0; m/s
19-04-2025;21:40:00;0,9; m/s
19-04-2025;21:50:00;1,1; m/s
19-04-2025;22:00:00;1,8; m/s
19-04-2025;22:10:00;2,3; m/s
19-04-2025;22:20:00;2,7; m/s
19-04-2025;22:30:00;2,7; m/s
19-04-2025;22:40:00;2,6; m/s
19-04-2025;22:50:00;2,2; m/s
19-04-2025;23:00:00;1,7; m/s
19-04-2025;23:10:00;2,3; m/s
19-04-2025;23:20:00;1,8; m/s
19-04-2025;23:30:00;1,4; m/s
19-04-2025;23:40:00;1,5; m/s
19-04-2025;23:50:00;1,6; m/s
20-04-2025;00:00:00;1; m/s
20-04-2025;00:10:00;0,9; m/s
20-04-2025;00:20:00;0,7; m/s
20-04-2025;00:30:00;0,6; m/s
20-04-2025;00:40:00;0,2; m/s
20-04-2025;00:50:00;0,9; m/s
20-04-2025;01:00:00;1,6; m/s
20-04-2025;01:10:00;1,6; m/s
20-04-2025;01:20:00;0,4; m/s
20-04-2025;01:30:00;0,7; m/s
20-04-2025;01:40:00;0,6; m/s
20-04-2025;01:50:00;0,9; m/s
20-04-2025;02:00:00;0,6; m/s
20-04-2025;02:10:00;0,3; m/s
20-04-2025;02:20:00;0,1; m/s
20-04-2025;02:30:00;0,5; m/s
20-04-2025;02:40:00;1; m/s
20-04-2025;02:50:00;1,2; m/s
20-04-2025;03:00:00;1,1; m/s
20-04-2025;03:10:00;0,9; m/s
20-04-2025;03:20:00;1,1; m/s
20-04-2025;03:30:00;0,8; m/s
20-04-2025;03:40:00;0,5; m/s
20-04-2025;03:50:00;0,6; m/s
20-04-2025;04:00:00;0,8; m/s
20-04-2025;04:10:00;0,8; m/s
20-04-2025;04:20:00;0,8; m/s
20-04-2025;04:30:00;0,3; m/s
20-04-2025;04:40:00;1; m/s
20-04-2025;04:50:00;1,7; m/s
20-04-2025;05:00:00;2,1; m/s
20-04-2025;05:10:00;2,5; m/s
20-04-2025;05:20:00;2,6; m/s
20-04-2025;05:30:00;2,9; m/s
20-04-2025;05:40:00;2,8; m/s
20-04-2025;05:50:00;2,5; m/s
20-04-2025;06:00:00;2,7; m/s
20-04-2025;06:10:00;2,5; m/s
20-04-2025;06:20:00;1,8; m/s
20-04-2025;06:30:00;1,6; m/s
20-04-2025;06:40:00;2,2; m/s
20-04-2025;06:50:00;2,2; m/s
20-04-2025;07:00:00;2; m/s
20-04-2025;07:10:00;1,9; m/s
20-04-2025;07:20:00;2; m/s
20-04-2025;07:30:00;1,8; m/s
20-04-2025;07:40:00;1,5; m/s
20-04-2025;07:50:00;1,6; m/s
20-04-2025;08:00:00;1,5; m/s
20-04-2025;08:10:00;0,6; m/s
20-04-2025;08:20:00;1,5; m/s
20-04-2025;08:30:00;1,8; m/s
20-04-2025;08:40:00;0,9; m/s
20-04-2025;08:50:00;1; m/s
20-04-2025;09:00:00;1,8; m/s
20-04-2025;09:10:00;1,4; m/s
20-04-2025;09:20:00;1,4; m/s
20-04-2025;09:30:00;1,4; m/s
20-04-2025;09:40:00;1,2; m/s
20-04-2025;09:50:00;1,3; m/s
20-04-2025;10:00:00;1,7; m/s
20-04-2025;10:10:00;1,6; m/s
20-04-2025;10:20:00;1,5; m/s
20-04-2025;10:30:00;1,6; m/s
20-04-2025;10:40:00;1,6; m/s
20-04-2025;10:50:00;1,5; m/s
20-04-2025;11:00:00;1,5; m/s
20-04-2025;11:10:00;1,6; m/s
20-04-2025;11:20:00;1,7; m/s
20-04-2025;11:30:00;1,7; m/s
20-04-2025;11:40:00;1,9; m/s
20-04-2025;11:50:00;2,1; m/s
20-04-2025;12:00:00;1,9; m/s
20-04-2025;12:10:00;1,8; m/s
20-04-2025;12:20:00;1,9; m/s
20-04-2025;12:30:00;1,9; m/s
20-04-2025;12:40:00;2; m/s
20-04-2025;12:50:00;1,8; m/s
20-04-2025;13:00:00;1,9; m/s
20-04-2025;13:10:00;2,9; m/s
20-04-2025;13:20:00;3,1; m/s
20-04-2025;13:30:00;3,5; m/s
20-04-2025;13:40:00;3,9; m/s
20-04-2025;13:50:00;4,9; m/s
20-04-2025;14:00:00;5,3; m/s
20-04-2025;14:10:00;5,2; m/s
20-04-2025;14:20:00;4,6; m/s
20-04-2025;14:30:00;4,5; m/s
20-04-2025;14:40:00;4,2; m/s
20-04-2025;14:50:00;4; m/s
20-04-2025;15:00:00;5,3; m/s
20-04-2025;15:10:00;4,8; m/s
20-04-2025;15:20:00;5,6; m/s
20-04-2025;15:30:00;5,4; m/s
20-04-2025;15:40:00;5,1; m/s
20-04-2025;15:50:00;4,9; m/s
20-04-2025;16:00:00;5,3; m/s
20-04-2025;16:10:00;5,7; m/s
20-04-2025;16:20:00;6,4; m/s
20-04-2025;16:30:00;6,7; m/s
20-04-2025;16:40:00;6,8; m/s
20-04-2025;16:50:00;7,1; m/s
20-04-2025;17:00:00;6,4; m/s
20-04-2025;17:10:00;5,8; m/s
20-04-2025;17:20:00;6,5; m/s
20-04-2025;17:30:00;4,7; m/s
20-04-2025;17:40:00;4,6; m/s
20-04-2025;17:50:00;3,7; m/s
20-04-2025;18:00:00;2,9; m/s
20-04-2025;18:10:00;2,8; m/s
20-04-2025;18:20:00;3,7; m/s
20-04-2025;18:30:00;3,9; m/s
20-04-2025;18:40:00;3,2; m/s
20-04-2025;18:50:00;2,9; m/s
20-04-2025;19:00:00;2,8; m/s
20-04-2025;19:10:00;3,1; m/s
20-04-2025;19:20:00;2,9; m/s
20-04-2025;19:30:00;2,6; m/s
20-04-2025;19:40:00;3; m/s
20-04-2025;19:50:00;3,7; m/s
20-04-2025;20:00:00;3,9; m/s
20-04-2025;20:10:00;3,6; m/s
20-04-2025;20:20:00;3,1; m/s
20-04-2025;20:30:00;2,3; m/s
20-04-2025;20:40:00;1,7; m/s
20-04-2025;20:50:00;2,4; m/s
20-04-2025;21:00:00;3,3; m/s
20-04-2025;21:10:00;2,8; m/s
20-04-2025;21:20:00;2,7; m/s
20-04-2025;21:30:00;3,2; m/s
20-04-2025;21:40:00;3,3; m/s
20-04-2025;21:50:00;3,7; m/s
20-04-2025;22:00:00;3,8; m/s
20-04-2025;22:10:00;4; m/s
20-04-2025;22:20:00;4,1; m/s
20-04-2025;22:30:00;3,6; m/s
20-04-2025;22:40:00;2,4; m/s
20-04-2025;22:50:00;2,4; m/s
20-04-2025;23:00:00;2; m/s
20-04-2025;23:10:00;1,6; m/s
20-04-2025;23:20:00;1,2; m/s
20-04-2025;23:30:00;0,5; m/s
20-04-2025;23:40:00;0,8; m/s
20-04-2025;23:50:00;0,5; m/s
21-04-2025;00:00:00;0,5; m/s
21-04-2025;00:10:00;0,8; m/s
21-04-2025;00:20:00;0,9; m/s
21-04-2025;00:30:00;0,5; m/s
21-04-2025;00:40:00;0,4; m/s
21-04-2025;00:50:00;0,2; m/s
21-04-2025;01:00:00;0,2; m/s
21-04-2025;01:10:00;0,3; m/s
21-04-2025;01:20:00;1; m/s
21-04-2025;01:30:00;1,3; m/s
21-04-2025;01:40:00;2; m/s
21-04-2025;01:50:00;1,9; m/s
21-04-2025;02:00:00;2,3; m/s
21-04-2025;02:10:00;2,1; m/s
21-04-2025;02:20:00;2; m/s
21-04-2025;02:30:00;2,6; m/s
21-04-2025;02:40:00;3,3; m/s
21-04-2025;02:50:00;3,1; m/s
21-04-2025;03:00:00;2,6; m/s
21-04-2025;03:10:00;2; m/s
21-04-2025;03:20:00;1,6; m/s
21-04-2025;03:30:00;1,9; m/s
21-04-2025;03:40:00;1,3; m/s
21-04-2025;03:50:00;1,5; m/s
21-04-2025;04:00:00;1,7; m/s
21-04-2025;04:10:00;1,4; m/s
21-04-2025;04:20:00;0,7; m/s
21-04-2025;04:30:00;1,4; m/s
21-04-2025;04:40:00;2,5; m/s
21-04-2025;04:50:00;3; m/s
21-04-2025;05:00:00;3,1; m/s
21-04-2025;05:10:00;2,8; m/s
21-04-2025;05:20:00;1,7; m/s
21-04-2025;05:30:00;1,1; m/s
21-04-2025;05:40:00;0,5; m/s
21-04-2025;05:50:00;1,5; m/s
21-04-2025;06:00:00;1,4; m/s
21-04-2025;06:10:00;1; m/s
21-04-2025;06:20:00;0,2; m/s
21-04-2025;06:30:00;0,4; m/s
21-04-2025;06:40:00;1; m/s
21-04-2025;06:50:00;1,9; m/s
21-04-2025;07:00:00;2,8; m/s
21-04-2025;07:10:00;3,2; m/s
21-04-2025;07:20:00;3; m/s
21-04-2025;07:30:00;2,3; m/s
21-04-2025;07:40:00;2; m/s
21-04-2025;07:50:00;0,4; m/s
21-04-2025;08:00:00;1,3; m/s
21-04-2025;08:10:00;1,3; m/s
21-04-2025;08:20:00;1,3; m/s
21-04-2025;08:30:00;1,2; m/s
21-04-2025;08:40:00;1,1; m/s
21-04-2025;08:50:00;1,1; m/s
21-04-2025;09:00:00;1,1; m/s
21-04-2025;09:10:00;1,3; m/s
21-04-2025;09:20:00;1,1; m/s
21-04-2025;09:30:00;0,7; m/s
21-04-2025;09:40:00;1; m/s
21-04-2025;09:50:00;1,2; m/s
21-04-2025;10:00:00;2,4; m/s
21-04-2025;10:10:00;1,8; m/s
21-04-2025;10:20:00;1,7; m/s
21-04-2025;10:30:00;1,7; m/s
21-04-2025;10:40:00;2,3; m/s
21-04-2025;10:50:00;4,3; m/s
21-04-2025;11:00:00;5,7; m/s
21-04-2025;11:10:00;6,9; m/s
21-04-2025;11:20:00;7,7; m/s
21-04-2025;11:30:00;8; m/s
21-04-2025;11:40:00;7,9; m/s
21-04-2025;11:50:00;7,3; m/s
21-04-2025;12:00:00;7,4; m/s
21-04-2025;12:10:00;7,9; m/s
21-04-2025;12:20:00;8,5; m/s
21-04-2025;12:30:00;8,1; m/s
21-04-2025;12:40:00;8,1; m/s
21-04-2025;12:50:00;8; m/s
21-04-2025;13:00:00;7,2; m/s
21-04-2025;13:10:00;6,7; m/s
21-04-2025;13:20:00;6,5; m/s
21-04-2025;13:30:00;6,7; m/s
21-04-2025;13:40:00;6,7; m/s
21-04-2025;13:50:00;7,1; m/s
21-04-2025;14:00:00;7,5; m/s
21-04-2025;14:10:00;8,1; m/s
21-04-2025;14:20:00;7,5; m/s
21-04-2025;14:30:00;7,4; m/s
21-04-2025;14:40:00;7,1; m/s
21-04-2025;14:50:00;7,5; m/s
21-04-2025;15:00:00;8,3; m/s
21-04-2025;15:10:00;7,8; m/s
21-04-2025;15:20:00;7,6; m/s
21-04-2025;15:30:00;8; m/s
21-04-2025;15:40:00;8,3; m/s
21-04-2025;15:50:00;8,5; m/s
21-04-2025;16:00:00;7,8; m/s
21-04-2025;16:10:00;8,4; m/s
21-04-2025;16:20:00;8; m/s
21-04-2025;16:30:00;6,8; m/s
21-04-2025;16:40:00;7,6; m/s
21-04-2025;16:50:00;7,8; m/s
21-04-2025;17:00:00;8,1; m/s
21-04-2025;17:10:00;7,9; m/s
21-04-2025;17:20:00;7,2; m/s
21-04-2025;17:30:00;7,1; m/s
21-04-2025;17:40:00;6,1; m/s
21-04-2025;17:50:00;7,1; m/s
21-04-2025;18:00:00;8,6; m/s
21-04-2025;18:10:00;7,9; m/s
21-04-2025;18:20:00;7,9; m/s
21-04-2025;18:30:00;7,7; m/s
21-04-2025;18:40:00;6,6; m/s
21-04-2025;18:50:00;4,2; m/s
21-04-2025;19:00:00;4,4; m/s
21-04-2025;19:10:00;4,5; m/s
21-04-2025;19:20:00;5; m/s
21-04-2025;19:30:00;4,9; m/s
21-04-2025;19:40:00;4,7; m/s
21-04-2025;19:50:00;4,6; m/s
21-04-2025;20:00:00;4,4; m/s
21-04-2025;20:10:00;4,2; m/s
21-04-2025;20:20:00;4,3; m/s
21-04-2025;20:30:00;5; m/s
21-04-2025;20:40:00;4,9; m/s
21-04-2025;20:50:00;3,2; m/s
21-04-2025;21:00:00;1,4; m/s
21-04-2025;21:10:00;1,6; m/s
21-04-2025;21:20:00;1,6; m/s
21-04-2025;21:30:00;1,4; m/s
21-04-2025;21:40:00;1,9; m/s
21-04-2025;21:50:00;1,8; m/s
21-04-2025;22:00:00;2,7; m/s
21-04-2025;22:10:00;2,4; m/s
21-04-2025;22:20:00;3,1; m/s
21-04-2025;22:30:00;2,9; m/s
21-04-2025;22:40:00;1,9; m/s
21-04-2025;22:50:00;1,8; m/s
21-04-2025;23:00:00;1,9; m/s
21-04-2025;23:10:00;1,9; m/s
21-04-2025;23:20:00;3; m/s
21-04-2025;23:30:00;2,5; m/s
21-04-2025;23:40:00;2,3; m/s
21-04-2025;23:50:00;2,2; m/s
22-04-2025;00:00:00;1,3; m/s
22-04-2025;00:10:00;2,5; m/s
22-04-2025;00:20:00;2,1; m/s
22-04-2025;00:30:00;1,7; m/s
22-04-2025;00:40:00;1,2; m/s
22-04-2025;00:50:00;0,7; m/s
22-04-2025;01:00:00;0,9; m/s
22-04-2025;01:10:00;1,7; m/s
22-04-2025;01:20:00;1,6; m/s
22-04-2025;01:30:00;1,6; m/s
22-04-2025;01:40:00;1,8; m/s
22-04-2025;01:50:00;1,6; m/s
22-04-2025;02:00:00;1,7; m/s
22-04-2025;02:10:00;2,7; m/s
22-04-2025;02:20:00;2,5; m/s
22-04-2025;02:30:00;1,6; m/s
22-04-2025;02:40:00;2,4; m/s
22-04-2025;02:50:00;2,1; m/s
22-04-2025;03:00:00;3,7; m/s
22-04-2025;03:10:00;2,2; m/s
22-04-2025;03:20:00;1,6; m/s
22-04-2025;03:30:00;1,2; m/s
22-04-2025;03:40:00;1,5; m/s
22-04-2025;03:50:00;2,1; m/s
22-04-2025;04:00:00;3,2; m/s
22-04-2025;04:10:00;2,9; m/s
22-04-2025;04:20:00;3; m/s
22-04-2025;04:30:00;2,1; m/s
22-04-2025;04:40:00;2,1; m/s
22-04-2025;04:50:00;1,2; m/s
22-04-2025;05:00:00;1,2; m/s
22-04-2025;05:10:00;2,2; m/s
22-04-2025;05:20:00;2,8; m/s
22-04-2025;05:30:00;2,9; m/s
22-04-2025;05:40:00;3,2; m/s
22-04-2025;05:50:00;2,6; m/s
22-04-2025;06:00:00;2,1; m/s
22-04-2025;06:10:00;2,1; m/s
22-04-2025;06:20:00;1,7; m/s
22-04-2025;06:30:00;1,7; m/s
22-04-2025;06:40:00;1,6; m/s
22-04-2025;06:50:00;1,7; m/s
22-04-2025;07:00:00;1; m/s
22-04-2025;07:10:00;0,8; m/s
22-04-2025;07:20:00;0,8; m/s
22-04-2025;07:30:00;1; m/s
22-04-2025;07:40:00;1; m/s
22-04-2025;07:50:00;0,9; m/s
22-04-2025;08:00:00;0,9; m/s
22-04-2025;08:10:00;1,3; m/s
22-04-2025;08:20:00;1,3; m/s
22-04-2025;08:30:00;0,7; m/s
22-04-2025;08:40:00;1; m/s
22-04-2025;08:50:00;1; m/s
22-04-2025;09:00:00;1,7; m/s
22-04-2025;09:10:00;1,6; m/s
22-04-2025;09:20:00;1,5; m/s
22-04-2025;09:30:00;1,5; m/s
22-04-2025;09:40:00;1,5; m/s
22-04-2025;09:50:00;1,7; m/s
22-04-2025;10:00:00;1,9; m/s
22-04-2025;10:10:00;1,9; m/s
22-04-2025;10:20:00;1,6; m/s
22-04-2025;10:30:00;1,4; m/s
22-04-2025;10:40:00;1,4; m/s
22-04-2025;10:50:00;1,4; m/s
22-04-2025;11:00:00;1,5; m/s
22-04-2025;11:10:00;1,5; m/s
22-04-2025;11:20:00;1,5; m/s
22-04-2025;11:30:00;1,8; m/s
22-04-2025;11:40:00;1,9; m/s
22-04-2025;11:50:00;2,4; m/s
22-04-2025;12:00:00;2,4; m/s
22-04-2025;12:10:00;2; m/s
22-04-2025;12:20:00;1,7; m/s
22-04-2025;12:30:00;1,8; m/s
22-04-2025;12:40:00;2,6; m/s
22-04-2025;12:50:00;2,2; m/s
22-04-2025;13:00:00;2,5; m/s
22-04-2025;13:10:00;2,4; m/s
22-04-2025;13:20:00;2,5; m/s
22-04-2025;13:30:00;2,5; m/s
22-04-2025;13:40:00;2,5; m/s
22-04-2025;13:50:00;2; m/s
22-04-2025;14:00:00;2,3; m/s
22-04-2025;14:10:00;2; m/s
22-04-2025;14:20:00;2,1; m/s
22-04-2025;14:30:00;2,6; m/s
22-04-2025;14:40:00;2,6; m/s
22-04-2025;14:50:00;2,1; m/s
22-04-2025;15:00:00;2,2; m/s
22-04-2025;15:10:00;2,8; m/s
22-04-2025;15:20:00;2,7; m/s
22-04-2025;15:30:00;2; m/s
22-04-2025;15:40:00;2,4; m/s
22-04-2025;15:50:00;2,8; m/s
22-04-2025;16:00:00;2,9; m/s
22-04-2025;16:10:00;2,5; m/s
22-04-2025;16:20:00;2,7; m/s
22-04-2025;16:30:00;2,9; m/s
22-04-2025;16:40:00;2,8; m/s
22-04-2025;16:50:00;2,6; m/s
22-04-2025;17:00:00;2,7; m/s
22-04-2025;17:10:00;2,2; m/s
22-04-2025;17:20:00;2,6; m/s
22-04-2025;17:30:00;2,3; m/s
22-04-2025;17:40:00;2,4; m/s
22-04-2025;17:50:00;2,1; m/s
22-04-2025;18:00:00;1,9; m/s
22-04-2025;18:10:00;2; m/s
22-04-2025;18:20:00;1,9; m/s
22-04-2025;18:30:00;1,4; m/s
22-04-2025;18:40:00;1,3; m/s
22-04-2025;18:50:00;1; m/s
22-04-2025;19:00:00;1,1; m/s
22-04-2025;19:10:00;1,7; m/s
22-04-2025;19:20:00;1,8; m/s
22-04-2025;19:30:00;1,7; m/s
22-04-2025;19:40:00;1,5; m/s
22-04-2025;19:50:00;1,5; m/s
22-04-2025;20:00:00;1,8; m/s
22-04-2025;20:10:00;1,9; m/s
22-04-2025;20:20:00;1,9; m/s
22-04-2025;20:30:00;1,7; m/s
22-04-2025;20:40:00;1,4; m/s
22-04-2025;20:50:00;1,7; m/s
22-04-2025;21:00:00;1,5; m/s
22-04-2025;21:10:00;1,4; m/s
22-04-2025;21:20:00;1,2; m/s
22-04-2025;21:30:00;1,7; m/s
22-04-2025;21:40:00;1,4; m/s
22-04-2025;21:50:00;1,3; m/s
22-04-2025;22:00:00;1,7; m/s
22-04-2025;22:10:00;1,6; m/s
22-04-2025;22:20:00;1,9; m/s
22-04-2025;22:30:00;2,1; m/s
22-04-2025;22:40:00;2,2; m/s
22-04-2025;22:50:00;2; m/s
22-04-2025;23:00:00;2,3; m/s
22-04-2025;23:10:00;1,8; m/s
22-04-2025;23:20:00;1,5; m/s
22-04-2025;23:30:00;1,7; m/s
22-04-2025;23:40:00;1,9; m/s
22-04-2025;23:50:00;1,8; m/s
23-04-2025;00:00:00;2; m/s
23-04-2025;00:10:00;1,6; m/s
23-04-2025;00:20:00;1,8; m/s
23-04-2025;00:30:00;2,1; m/s
23-04-2025;00:40:00;1,9; m/s
23-04-2025;00:50:00;1,6; m/s
23-04-2025;01:00:00;1,4; m/s
23-04-2025;01:10:00;2,2; m/s
23-04-2025;01:20:00;1,4; m/s
23-04-2025;01:30:00;1,5; m/s
23-04-2025;01:40:00;2; m/s
23-04-2025;01:50:00;1,8; m/s
23-04-2025;02:00:00;1,8; m/s
23-04-2025;02:10:00;1; m/s
23-04-2025;02:20:00;1,3; m/s
23-04-2025;02:30:00;2,1; m/s
23-04-2025;02:40:00;2,2; m/s
23-04-2025;02:50:00;1,9; m/s
23-04-2025;03:00:00;1,3; m/s
23-04-2025;03:10:00;1,4; m/s
23-04-2025;03:20:00;1,9; m/s
23-04-2025;03:30:00;1,3; m/s
23-04-2025;03:40:00;1,2; m/s
23-04-2025;03:50:00;1,6; m/s
23-04-2025;04:00:00;2,3; m/s
23-04-2025;04:10:00;2,4; m/s
23-04-2025;04:20:00;2; m/s
23-04-2025;04:30:00;2,3; m/s
23-04-2025;04:40:00;2,5; m/s
23-04-2025;04:50:00;2,1; m/s
23-04-2025;05:00:00;2,5; m/s
23-04-2025;05:10:00;2,8; m/s
23-04-2025;05:20:00;2,3; m/s
23-04-2025;05:30:00;2,1; m/s
23-04-2025;05:40:00;2,2; m/s
23-04-2025;05:50:00;2,4; m/s
23-04-2025;06:00:00;2,3; m/s
23-04-2025;06:10:00;2,2; m/s
23-04-2025;06:20:00;2; m/s
23-04-2025;06:30:00;2,2; m/s
23-04-2025;06:40:00;2; m/s
23-04-2025;06:50:00;1,4; m/s
23-04-2025;07:00:00;2; m/s
23-04-2025;07:10:00;1,9; m/s
23-04-2025;07:20:00;1,2; m/s
23-04-2025;07:30:00;2,1; m/s
23-04-2025;07:40:00;2; m/s
23-04-2025;07:50:00;1,8; m/s
23-04-2025;08:00:00;2,3; m/s
23-04-2025;08:10:00;2,3; m/s
23-04-2025;08:20:00;2,5; m/s
23-04-2025;08:30:00;2,2; m/s
23-04-2025;08:40:00;1,8; m/s
23-04-2025;08:50:00;1,7; m/s
23-04-2025;09:00:00;1,5; m/s
23-04-2025;09:10:00;1,7; m/s
23-04-2025;09:20:00;1,5; m/s
23-04-2025;09:30:00;1,4; m/s
23-04-2025;09:40:00;1,4; m/s
23-04-2025;09:50:00;1,4; m/s
23-04-2025;10:00:00;1,2; m/s
23-04-2025;10:10:00;1,4; m/s
23-04-2025;10:20:00;1,4; m/s
23-04-2025;10:30:00;1,7; m/s
23-04-2025;10:40:00;1,8; m/s
23-04-2025;10:50:00;2; m/s
23-04-2025;11:00:00;2,1; m/s
23-04-2025;11:10:00;1,9; m/s
23-04-2025;11:20:00;1,8; m/s
23-04-2025;11:30:00;1,7; m/s
23-04-2025;11:40:00;2,2; m/s
23-04-2025;11:50:00;2,3; m/s
23-04-2025;12:00:00;2,3; m/s
23-04-2025;12:10:00;2,3; m/s
23-04-2025;12:20:00;2,7; m/s
23-04-2025;12:30:00;2,5; m/s
23-04-2025;12:40:00;2,5; m/s
23-04-2025;12:50:00;3,9; m/s
23-04-2025;13:00:00;4,6; m/s
23-04-2025;13:10:00;4,7; m/s
23-04-2025;13:20:00;4,8; m/s
23-04-2025;13:30:00;5,3; m/s
23-04-2025;13:40:00;6,1; m/s
23-04-2025;13:50:00;6,8; m/s
23-04-2025;14:00:00;7,1; m/s
23-04-2025;14:10:00;7,6; m/s
23-04-2025;14:20:00;7,5; m/s
23-04-2025;14:30:00;6,9; m/s
23-04-2025;14:40:00;5,3; m/s
23-04-2025;14:50:00;7; m/s
23-04-2025;15:00:00;7; m/s
23-04-2025;15:10:00;6,8; m/s
23-04-2025;15:20:00;7,6; m/s
23-04-2025;15:30:00;7,7; m/s
23-04-2025;15:40:00;7,9; m/s
23-04-2025;15:50:00;7,4; m/s
23-04-2025;16:00:00;7,5; m/s
23-04-2025;16:10:00;6,9; m/s
23-04-2025;16:20:00;6,1; m/s
23-04-2025;16:30:00;7,2; m/s
23-04-2025;16:40:00;7,2; m/s
23-04-2025;16:50:00;7,3; m/s
23-04-2025;17:00:00;7,4; m/s
23-04-2025;17:10:00;7,7; m/s
23-04-2025;17:20:00;8; m/s
23-04-2025;17:30:00;7,7; m/s
23-04-2025;17:40:00;8; m/s
23-04-2025;17:50:00;6,4; m/s
23-04-2025;18:00:00;2,8; m/s
23-04-2025;18:10:00;1,7; m/s
23-04-2025;18:20:00;1,7; m/s
23-04-2025;18:30:00;2,2; m/s
23-04-2025;18:40:00;1,6; m/s
23-04-2025;18:50:00;1,6; m/s
23-04-2025;19:00:00;2,8; m/s
23-04-2025;19:10:00;3,2; m/s
23-04-2025;19:20:00;4,5; m/s
23-04-2025;19:30:00;4,9; m/s
23-04-2025;19:40:00;5,3; m/s
23-04-2025;19:50:00;5,4; m/s
23-04-2025;20:00:00;5,3; m/s
23-04-2025;20:10:00;5,1; m/s
23-04-2025;20:20:00;5,3; m/s
23-04-2025;20:30:00;5,2; m/s
23-04-2025;20:40:00;4,4; m/s
23-04-2025;20:50:00;4,6; m/s
23-04-2025;21:00:00;3,7; m/s
23-04-2025;21:10:00;3,7; m/s
23-04-2025;21:20:00;2,8; m/s
23-04-2025;21:30:00;1,8; m/s
23-04-2025;21:40:00;2,8; m/s
23-04-2025;21:50:00;3,2; m/s
23-04-2025;22:00:00;3,6; m/s
23-04-2025;22:10:00;3,9; m/s
23-04-2025;22:20:00;2,9; m/s
23-04-2025;22:30:00;2,7; m/s
23-04-2025;22:40:00;4,1; m/s
23-04-2025;22:50:00;4,5; m/s
23-04-2025;23:00:00;4,3; m/s
23-04-2025;23:10:00;5,2; m/s
23-04-2025;23:20:00;4,6; m/s
23-04-2025;23:30:00;5,3; m/s
23-04-2025;23:40:00;5,5; m/s
23-04-2025;23:50:00;5,8; m/s
24-04-2025;00:00:00;6,3; m/s
24-04-2025;00:10:00;6,7; m/s
24-04-2025;00:20:00;7; m/s
24-04-2025;00:30:00;6,9; m/s
24-04-2025;00:40:00;6,5; m/s
24-04-2025;00:50:00;6,3; m/s
24-04-2025;01:00:00;6,4; m/s
24-04-2025;01:10:00;6,8; m/s
24-04-2025;01:20:00;6,4; m/s
24-04-2025;01:30:00;7,2; m/s
24-04-2025;01:40:00;6,1; m/s
24-04-2025;01:50:00;6,3; m/s
24-04-2025;02:00:00;7,1; m/s
24-04-2025;02:10:00;7,1; m/s
24-04-2025;02:20:00;7,2; m/s
24-04-2025;02:30:00;6,9; m/s
24-04-2025;02:40:00;7,1; m/s
24-04-2025;02:50:00;6,8; m/s
24-04-2025;03:00:00;6,5; m/s
24-04-2025;03:10:00;5,9; m/s
24-04-2025;03:20:00;6,2; m/s
24-04-2025;03:30:00;7,5; m/s
24-04-2025;03:40:00;6; m/s
24-04-2025;03:50:00;6,5; m/s
24-04-2025;04:00:00;6; m/s
24-04-2025;04:10:00;4,9; m/s
24-04-2025;04:20:00;5,1; m/s
24-04-2025;04:30:00;3,7; m/s
24-04-2025;04:40:00;4,7; m/s
24-04-2025;04:50:00;5,2; m/s
24-04-2025;05:00:00;5,6; m/s
24-04-2025;05:10:00;5,8; m/s
24-04-2025;05:20:00;5,2; m/s
24-04-2025;05:30:00;4,6; m/s
24-04-2025;05:40:00;4; m/s
24-04-2025;05:50:00;3,7; m/s
24-04-2025;06:00:00;3,2; m/s
24-04-2025;06:10:00;2,5; m/s
24-04-2025;06:20:00;2,6; m/s
24-04-2025;06:30:00;4,2; m/s
24-04-2025;06:40:00;4,8; m/s
24-04-2025;06:50:00;5,1; m/s
24-04-2025;07:00:00;4,9; m/s
24-04-2025;07:10:00;4,7; m/s
24-04-2025;07:20:00;4,9; m/s
24-04-2025;07:30:00;4,4; m/s
24-04-2025;07:40:00;4,7; m/s
24-04-2025;07:50:00;4,9; m/s
24-04-2025;08:00:00;5; m/s
24-04-2025;08:10:00;4; m/s
24-04-2025;08:20:00;3,1; m/s
24-04-2025;08:30:00;4,1; m/s
24-04-2025;08:40:00;3,8; m/s
24-04-2025;08:50:00;3,9; m/s
24-04-2025;09:00:00;4,4; m/s
24-04-2025;09:10:00;2,9; m/s
24-04-2025;09:20:00;3,2; m/s
24-04-2025;09:30:00;2,8; m/s
24-04-2025;09:40:00;1,5; m/s
24-04-2025;09:50:00;1,8; m/s
24-04-2025;10:00:00;2,1; m/s
24-04-2025;10:10:00;3,1; m/s
24-04-2025;10:20:00;6,3; m/s
24-04-2025;10:30:00;6,2; m/s
24-04-2025;10:40:00;4,9; m/s
24-04-2025;10:50:00;4,5; m/s
24-04-2025;11:00:00;4,8; m/s
24-04-2025;11:10:00;3; m/s
24-04-2025;11:20:00;2,7; m/s
24-04-2025;11:30:00;3; m/s
24-04-2025;11:40:00;3,3; m/s
24-04-2025;11:50:00;2,8; m/s
24-04-2025;12:00:00;3; m/s
24-04-2025;12:10:00;3; m/s
24-04-2025;12:20:00;3,3; m/s
24-04-2025;12:30:00;3,8; m/s
24-04-2025;12:40:00;4,4; m/s
24-04-2025;12:50:00;6,5; m/s
24-04-2025;13:00:00;5,8; m/s
24-04-2025;13:10:00;10,4; m/s
24-04-2025;13:20:00;8,1; m/s
24-04-2025;13:30:00;5,6; m/s
24-04-2025;13:40:00;3; m/s
24-04-2025;13:50:00;2,9; m/s
24-04-2025;14:00:00;1,4; m/s
24-04-2025;14:10:00;2,9; m/s
24-04-2025;14:20:00;2,5; m/s
24-04-2025;14:30:00;3; m/s
24-04-2025;14:40:00;3,1; m/s
24-04-2025;14:50:00;3,6; m/s
24-04-2025;15:00:00;7,5; m/s
24-04-2025;15:10:00;4,9; m/s
24-04-2025;15:20:00;3,3; m/s
24-04-2025;15:30:00;2,9; m/s
24-04-2025;15:40:00;2,7; m/s
24-04-2025;15:50:00;2,1; m/s
24-04-2025;16:00:00;1,8; m/s
24-04-2025;16:10:00;1,1; m/s
24-04-2025;16:20:00;1,2; m/s
24-04-2025;16:30:00;1,5; m/s
24-04-2025;16:40:00;1,7; m/s
24-04-2025;16:50:00;1,6; m/s
24-04-2025;17:00:00;1,8; m/s
24-04-2025;17:10:00;1,8; m/s
24-04-2025;17:20:00;1,8; m/s
24-04-2025;17:30:00;1,6; m/s
24-04-2025;17:40:00;1,8; m/s
24-04-2025;17:50:00;2; m/s
24-04-2025;18:00:00;1,8; m/s
24-04-2025;18:10:00;2,2; m/s
24-04-2025;18:20:00;2,3; m/s
24-04-2025;18:30:00;1,4; m/s
24-04-2025;18:40:00;1,2; m/s
24-04-2025;18:50:00;0,8; m/s
24-04-2025;19:00:00;0,9; m/s
24-04-2025;19:10:00;1,2; m/s
24-04-2025;19:20:00;1,8; m/s
24-04-2025;19:30:00;2; m/s
24-04-2025;19:40:00;1,3; m/s
24-04-2025;19:50:00;1,2; m/s
24-04-2025;20:00:00;1,3; m/s
24-04-2025;20:10:00;0,9; m/s
24-04-2025;20:20:00;0,2; m/s
24-04-2025;20:30:00;0,8; m/s
24-04-2025;20:40:00;0,9; m/s
24-04-2025;20:50:00;1,4; m/s
24-04-2025;21:00:00;1,3; m/s
24-04-2025;21:10:00;1,3; m/s
24-04-2025;21:20:00;2; m/s
24-04-2025;21:30:00;2,1; m/s
24-04-2025;21:40:00;2,2; m/s
24-04-2025;21:50:00;1,9; m/s
24-04-2025;22:00:00;2,2; m/s
24-04-2025;22:10:00;1,6; m/s
24-04-2025;22:20:00;1,3; m/s
24-04-2025;22:30:00;1,9; m/s
24-04-2025;22:40:00;1,5; m/s
24-04-2025;22:50:00;0,9; m/s
24-04-2025;23:00:00;1; m/s
24-04-2025;23:10:00;1,2; m/s
24-04-2025;23:20:00;1,2; m/s
24-04-2025;23:30:00;0,3; m/s
24-04-2025;23:40:00;1,1; m/s
24-04-2025;23:50:00;1,6; m/s
25-04-2025;00:00:00;2,4; m/s
25-04-2025;00:10:00;2,1; m/s
25-04-2025;00:20:00;2; m/s
25-04-2025;00:30:00;1; m/s
25-04-2025;00:40:00;1,1; m/s
25-04-2025;00:50:00;1,1; m/s
25-04-2025;01:00:00;1,2; m/s
25-04-2025;01:10:00;1,2; m/s
25-04-2025;01:20:00;1,4; m/s
25-04-2025;01:30:00;0,5; m/s
25-04-2025;01:40:00;0,2; m/s
25-04-2025;01:50:00;1,2; m/s
25-04-2025;02:00:00;1,2; m/s
25-04-2025;02:10:00;1,2; m/s
25-04-2025;02:20:00;1; m/s
25-04-2025;02:30:00;1,1; m/s
25-04-2025;02:40:00;1,2; m/s
25-04-2025;02:50:00;1,3; m/s
25-04-2025;03:00:00;1,5; m/s
25-04-2025;03:10:00;1,6; m/s
25-04-2025;03:20:00;1,3; m/s
25-04-2025;03:30:00;1,2; m/s
25-04-2025;03:40:00;1,4; m/s
25-04-2025;03:50:00;1; m/s
25-04-2025;04:00:00;1,1; m/s
25-04-2025;04:10:00;1,6; m/s
25-04-2025;04:20:00;2,1; m/s
25-04-2025;04:30:00;3; m/s
25-04-2025;04:40:00;3,3; m/s
25-04-2025;04:50:00;3,8; m/s
25-04-2025;05:00:00;3,5; m/s
25-04-2025;05:10:00;3; m/s
25-04-2025;05:20:00;3; m/s
25-04-2025;05:30:00;3,3; m/s
25-04-2025;05:40:00;3,1; m/s
25-04-2025;05:50:00;3,3; m/s
25-04-2025;06:00:00;3,4; m/s
25-04-2025;06:10:00;2,7; m/s
25-04-2025;06:20:00;2,6; m/s
25-04-2025;06:30:00;2,3; m/s
25-04-2025;06:40:00;2,5; m/s
25-04-2025;06:50:00;2,1; m/s
25-04-2025;07:00:00;1,9; m/s
25-04-2025;07:10:00;1,6; m/s
25-04-2025;07:20:00;1,1; m/s
25-04-2025;07:30:00;1,2; m/s
25-04-2025;07:40:00;1,1; m/s
25-04-2025;07:50:00;1,1; m/s
25-04-2025;08:00:00;1,4; m/s
25-04-2025;08:10:00;1,3; m/s
25-04-2025;08:20:00;1,7; m/s
25-04-2025;08:30:00;1,8; m/s
25-04-2025;08:40:00;1,6; m/s
25-04-2025;08:50:00;1,7; m/s
25-04-2025;09:00:00;1,7; m/s
25-04-2025;09:10:00;1,7; m/s
25-04-2025;09:20:00;1,5; m/s
25-04-2025;09:30:00;1,6; m/s
25-04-2025;09:40:00;1,7; m/s
25-04-2025;09:50:00;1,9; m/s
25-04-2025;10:00:00;2,1; m/s
25-04-2025;10:10:00;2; m/s
25-04-2025;10:20:00;2,1; m/s
25-04-2025;10:30:00;1,9; m/s
25-04-2025;10:40:00;2,1; m/s
25-04-2025;10:50:00;2,2; m/s
25-04-2025;11:00:00;2,5; m/s
25-04-2025;11:10:00;2,2; m/s
25-04-2025;11:20:00;2,3; m/s
25-04-2025;11:30:00;2,4; m/s
25-04-2025;11:40:00;2; m/s
25-04-2025;11:50:00;2,1; m/s
25-04-2025;12:00:00;2; m/s
25-04-2025;12:10:00;1,9; m/s
25-04-2025;12:20:00;2,5; m/s
25-04-2025;12:30:00;2,3; m/s
25-04-2025;12:40:00;2,4; m/s
25-04-2025;12:50:00;2,5; m/s
25-04-2025;13:00:00;2,7; m/s
25-04-2025;13:10:00;2,4; m/s
25-04-2025;13:20:00;2,6; m/s
25-04-2025;13:30:00;2,9; m/s
25-04-2025;13:40:00;2,9; m/s
25-04-2025;13:50:00;2,8; m/s
25-04-2025;14:00:00;3,3; m/s
25-04-2025;14:10:00;3,1; m/s
25-04-2025;14:20:00;3,1; m/s
25-04-2025;14:30:00;3,8; m/s
25-04-2025;14:40:00;4,7; m/s
25-04-2025;14:50:00;5; m/s
25-04-2025;15:00:00;5,5; m/s
25-04-2025;15:10:00;4,6; m/s
25-04-2025;15:20:00;4,4; m/s
25-04-2025;15:30:00;5,3; m/s
25-04-2025;15:40:00;6,1; m/s
25-04-2025;15:50:00;6,8; m/s
25-04-2025;16:00:00;6,9; m/s
25-04-2025;16:10:00;7,3; m/s
25-04-2025;16:20:00;6,5; m/s
25-04-2025;16:30:00;6,8; m/s
25-04-2025;16:40:00;6,4; m/s
25-04-2025;16:50:00;5,7; m/s
25-04-2025;17:00:00;5,6; m/s
25-04-2025;17:10:00;5,1; m/s
25-04-2025;17:20:00;5,8; m/s
25-04-2025;17:30:00;4,9; m/s
25-04-2025;17:40:00;5; m/s
25-04-2025;17:50:00;6,6; m/s
25-04-2025;18:00:00;6,4; m/s
25-04-2025;18:10:00;5,3; m/s
25-04-2025;18:20:00;5,1; m/s
25-04-2025;18:30:00;5,2; m/s
25-04-2025;18:40:00;4,7; m/s
25-04-2025;18:50:00;4,1; m/s
25-04-2025;19:00:00;4,6; m/s
25-04-2025;19:10:00;4,5; m/s
25-04-2025;19:20:00;3,8; m/s
25-04-2025;19:30:00;4,1; m/s
25-04-2025;19:40:00;4,2; m/s
25-04-2025;19:50:00;3,4; m/s
25-04-2025;20:00:00;3,6; m/s
25-04-2025;20:10:00;3,9; m/s
25-04-2025;20:20:00;4,2; m/s
25-04-2025;20:30:00;4,9; m/s
25-04-2025;20:40:00;5,1; m/s
25-04-2025;20:50:00;4,1; m/s
25-04-2025;21:00:00;4,6; m/s
25-04-2025;21:10:00;5; m/s
25-04-2025;21:20:00;4,7; m/s
25-04-2025;21:30:00;3,8; m/s
25-04-2025;21:40:00;4,4; m/s
25-04-2025;21:50:00;4,4; m/s
25-04-2025;22:00:00;4,7; m/s
25-04-2025;22:10:00;4,4; m/s
25-04-2025;22:20:00;4,8; m/s
25-04-2025;22:30:00;5; m/s
25-04-2025;22:40:00;5,1; m/s
25-04-2025;22:50:00;5,5; m/s
25-04-2025;23:00:00;4,4; m/s
25-04-2025;23:10:00;3,3; m/s
25-04-2025;23:20:00;2,6; m/s
25-04-2025;23:30:00;2,5; m/s
25-04-2025;23:40:00;4,6; m/s
25-04-2025;23:50:00;5,2; m/s
26-04-2025;00:00:00;5; m/s
26-04-2025;00:10:00;4,7; m/s
26-04-2025;00:20:00;4,2; m/s
26-04-2025;00:30:00;3,9; m/s
26-04-2025;00:40:00;4,4; m/s
26-04-2025;00:50:00;4,3; m/s
26-04-2025;01:00:00;4; m/s
26-04-2025;01:10:00;4; m/s
26-04-2025;01:20:00;4,7; m/s
26-04-2025;01:30:00;2,3; m/s
26-04-2025;01:40:00;3,1; m/s
26-04-2025;01:50:00;3,1; m/s
26-04-2025;02:00:00;2,4; m/s
26-04-2025;02:10:00;2,4; m/s
26-04-2025;02:20:00;3,4; m/s
26-04-2025;02:30:00;2,9; m/s
26-04-2025;02:40:00;3,5; m/s
26-04-2025;02:50:00;4,1; m/s
26-04-2025;03:00:00;3,2; m/s
26-04-2025;03:10:00;4,1; m/s
26-04-2025;03:20:00;4,3; m/s
26-04-2025;03:30:00;4,2; m/s
26-04-2025;03:40:00;3,6; m/s
26-04-2025;03:50:00;3,6; m/s
26-04-2025;04:00:00;3,2; m/s
26-04-2025;04:10:00;2,3; m/s
26-04-2025;04:20:00;1,9; m/s
26-04-2025;04:30:00;1,6; m/s
26-04-2025;04:40:00;2,4; m/s
26-04-2025;04:50:00;2,8; m/s
26-04-2025;05:00:00;2,4; m/s
26-04-2025;05:10:00;2,7; m/s
26-04-2025;05:20:00;2,9; m/s
26-04-2025;05:30:00;3,1; m/s
26-04-2025;05:40:00;3; m/s
26-04-2025;05:50:00;3,3; m/s
26-04-2025;06:00:00;3,2; m/s
26-04-2025;06:10:00;3; m/s
26-04-2025;06:20:00;3,4; m/s
26-04-2025;06:30:00;2,9; m/s
26-04-2025;06:40:00;2,7; m/s
26-04-2025;06:50:00;2,7; m/s
26-04-2025;07:00:00;3; m/s
26-04-2025;07:10:00;3,8; m/s
26-04-2025;07:20:00;3,4; m/s
26-04-2025;07:30:00;3,6; m/s
26-04-2025;07:40:00;3,4; m/s
26-04-2025;07:50:00;3,2; m/s
26-04-2025;08:00:00;2,8; m/s
26-04-2025;08:10:00;2,9; m/s
26-04-2025;08:20:00;2,3; m/s
26-04-2025;08:30:00;2,3; m/s
26-04-2025;08:40:00;3,4; m/s
26-04-2025;08:50:00;4,2; m/s
26-04-2025;09:00:00;5,3; m/s
26-04-2025;09:10:00;6,2; m/s
26-04-2025;09:20:00;5,9; m/s
26-04-2025;09:30:00;5,5; m/s
26-04-2025;09:40:00;5,3; m/s
26-04-2025;09:50:00;6,1; m/s
26-04-2025;10:00:00;6,2; m/s
26-04-2025;10:10:00;6,5; m/s
26-04-2025;10:20:00;7,2; m/s
26-04-2025;10:30:00;6,7; m/s
26-04-2025;10:40:00;7,1; m/s
26-04-2025;10:50:00;6,8; m/s
26-04-2025;11:00:00;5,3; m/s
26-04-2025;11:10:00;5,3; m/s
26-04-2025;11:20:00;5,2; m/s
26-04-2025;11:30:00;4,5; m/s
26-04-2025;11:40:00;4,5; m/s
26-04-2025;11:50:00;4,9; m/s
26-04-2025;12:00:00;4,7; m/s
26-04-2025;12:10:00;4,8; m/s
26-04-2025;12:20:00;5; m/s
26-04-2025;12:30:00;5,4; m/s
26-04-2025;12:40:00;5,6; m/s
26-04-2025;12:50:00;5; m/s
26-04-2025;13:00:00;5,5; m/s
26-04-2025;13:10:00;5,8; m/s
26-04-2025;13:20:00;6,6; m/s
26-04-2025;13:30:00;6,2; m/s
26-04-2025;13:40:00;5,1; m/s
26-04-2025;13:50:00;5,1; m/s
26-04-2025;14:00:00;5,1; m/s
26-04-2025;14:10:00;4,8; m/s
26-04-2025;14:20:00;4,5; m/s
26-04-2025;14:30:00;5,1; m/s
26-04-2025;14:40:00;5; m/s
26-04-2025;14:50:00;5; m/s
26-04-2025;15:00:00;4,9; m/s
26-04-2025;15:10:00;5,1; m/s
26-04-2025;15:20:00;4,6; m/s
26-04-2025;15:30:00;4,5; m/s
26-04-2025;15:40:00;4; m/s
26-04-2025;15:50:00;3,8; m/s
26-04-2025;16:00:00;3,8; m/s
26-04-2025;16:10:00;4,3; m/s
26-04-2025;16:20:00;4,4; m/s
26-04-2025;16:30:00;4,9; m/s
26-04-2025;16:40:00;5; m/s
26-04-2025;16:50:00;4,5; m/s
26-04-2025;17:00:00;4,4; m/s
26-04-2025;17:10:00;4,1; m/s
26-04-2025;17:20:00;4,2; m/s
26-04-2025;17:30:00;3,7; m/s
26-04-2025;17:40:00;2,7; m/s
26-04-2025;17:50:00;3,6; m/s
26-04-2025;18:00:00;2,9; m/s
26-04-2025;18:10:00;1; m/s
26-04-2025;18:20:00;0,4; m/s
26-04-2025;18:30:00;1,6; m/s
26-04-2025;18:40:00;1,5; m/s
26-04-2025;18:50:00;1,1; m/s
26-04-2025;19:00:00;2,1; m/s
26-04-2025;19:10:00;2,3; m/s
26-04-2025;19:20:00;2; m/s
26-04-2025;19:30:00;2,1; m/s
26-04-2025;19:40:00;2,8; m/s
26-04-2025;19:50:00;2,9; m/s
26-04-2025;20:00:00;3; m/s
26-04-2025;20:10:00;3,6; m/s
26-04-2025;20:20:00;3,4; m/s
26-04-2025;20:30:00;3,3; m/s
26-04-2025;20:40:00;3,4; m/s
26-04-2025;20:50:00;3,5; m/s
26-04-2025;21:00:00;3,1; m/s
26-04-2025;21:10:00;2,7; m/s
26-04-2025;21:20:00;2,1; m/s
26-04-2025;21:30:00;1,7; m/s
26-04-2025;21:40:00;2,3; m/s
26-04-2025;21:50:00;2,4; m/s
26-04-2025;22:00:00;2,6; m/s
26-04-2025;22:10:00;2,8; m/s
26-04-2025;22:20:00;2,5; m/s
26-04-2025;22:30:00;2,3; m/s
26-04-2025;22:40:00;1,9; m/s
26-04-2025;22:50:00;1; m/s
26-04-2025;23:00:00;0,5; m/s
26-04-2025;23:10:00;0,5; m/s
26-04-2025;23:20:00;1,1; m/s
26-04-2025;23:30:00;1; m/s
26-04-2025;23:40:00;1,5; m/s
26-04-2025;23:50:00;1,8; m/s
27-04-2025;00:00:00;1,6; m/s
27-04-2025;00:10:00;1,7; m/s
27-04-2025;00:20:00;1,5; m/s
27-04-2025;00:30:00;2,3; m/s
27-04-2025;00:40:00;2,6; m/s
27-04-2025;00:50:00;2,8; m/s
27-04-2025;01:00:00;3,1; m/s
27-04-2025;01:10:00;2,3; m/s
27-04-2025;01:20:00;2,1; m/s
27-04-2025;01:30:00;2,6; m/s
27-04-2025;01:40:00;2,2; m/s
27-04-2025;01:50:00;2,9; m/s
27-04-2025;02:00:00;2,3; m/s
27-04-2025;02:10:00;2,3; m/s
27-04-2025;02:20:00;2,5; m/s
27-04-2025;02:30:00;2,3; m/s
27-04-2025;02:40:00;2,3; m/s
27-04-2025;02:50:00;2,6; m/s
27-04-2025;03:00:00;3; m/s
27-04-2025;03:10:00;3,1; m/s
27-04-2025;03:20:00;2,6; m/s
27-04-2025;03:30:00;1,9; m/s
27-04-2025;03:40:00;2,4; m/s
27-04-2025;03:50:00;2,8; m/s
27-04-2025;04:00:00;2,8; m/s
27-04-2025;04:10:00;2,3; m/s
27-04-2025;04:20:00;2,3; m/s
27-04-2025;04:30:00;2,4; m/s
27-04-2025;04:40:00;2,5; m/s
27-04-2025;04:50:00;2; m/s
27-04-2025;05:00:00;2; m/s
27-04-2025;05:10:00;2,5; m/s
27-04-2025;05:20:00;2,3; m/s
27-04-2025;05:30:00;2,4; m/s
27-04-2025;05:40:00;1,7; m/s
27-04-2025;05:50:00;1,1; m/s
27-04-2025;06:00:00;1,9; m/s
27-04-2025;06:10:00;1,7; m/s
27-04-2025;06:20:00;2,2; m/s
27-04-2025;06:30:00;1,7; m/s
27-04-2025;06:40:00;1,7; m/s
27-04-2025;06:50:00;1,5; m/s
27-04-2025;07:00:00;1,3; m/s
27-04-2025;07:10:00;1; m/s
27-04-2025;07:20:00;1,3; m/s
27-04-2025;07:30:00;1,1; m/s
27-04-2025;07:40:00;1,1; m/s
27-04-2025;07:50:00;1,1; m/s
27-04-2025;08:00:00;0,8; m/s
27-04-2025;08:10:00;0,9; m/s
27-04-2025;08:20:00;1; m/s
27-04-2025;08:30:00;1,1; m/s
27-04-2025;08:40:00;1,2; m/s
27-04-2025;08:50:00;1,1; m/s
27-04-2025;09:00:00;1,4; m/s
27-04-2025;09:10:00;1,1; m/s
27-04-2025;09:20:00;1,5; m/s
27-04-2025;09:30:00;1,9; m/s
27-04-2025;09:40:00;1,6; m/s
27-04-2025;09:50:00;1,4; m/s
27-04-2025;10:00:00;1,5; m/s
27-04-2025;10:10:00;1,5; m/s
27-04-2025;10:20:00;1,9; m/s
27-04-2025;10:30:00;1,9; m/s
27-04-2025;10:40:00;2,4; m/s
27-04-2025;10:50:00;2,5; m/s
27-04-2025;11:00:00;2,7; m/s
27-04-2025;11:10:00;2,8; m/s
27-04-2025;11:20:00;3,1; m/s
27-04-2025;11:30:00;2,4; m/s
27-04-2025;11:40:00;2,2; m/s
27-04-2025;11:50:00;2,9; m/s
27-04-2025;12:00:00;3,5; m/s
27-04-2025;12:10:00;2,5; m/s
27-04-2025;12:20:00;2,1; m/s
27-04-2025;12:30:00;2; m/s
27-04-2025;12:40:00;2; m/s
27-04-2025;12:50:00;2,1; m/s
27-04-2025;13:00:00;1,9; m/s
27-04-2025;13:10:00;2,5; m/s
27-04-2025;13:20:00;2,3; m/s
27-04-2025;13:30:00;2; m/s
27-04-2025;13:40:00;1,7; m/s
27-04-2025;13:50:00;1,8; m/s
27-04-2025;14:00:00;1,8; m/s
27-04-2025;14:10:00;2,7; m/s
27-04-2025;14:20:00;2,7; m/s
27-04-2025;14:30:00;2,7; m/s
27-04-2025;14:40:00;2,6; m/s
27-04-2025;14:50:00;2,2; m/s
27-04-2025;15:00:00;2; m/s
27-04-2025;15:10:00;2; m/s
27-04-2025;15:20:00;2,3; m/s
27-04-2025;15:30:00;2,2; m/s
27-04-2025;15:40:00;2,6; m/s
27-04-2025;15:50:00;3,8; m/s
27-04-2025;16:00:00;3,5; m/s
27-04-2025;16:10:00;4,2; m/s
27-04-2025;16:20:00;4; m/s
27-04-2025;16:30:00;3,8; m/s
27-04-2025;16:40:00;3,6; m/s
27-04-2025;16:50:00;3; m/s
27-04-2025;17:00:00;2,6; m/s
27-04-2025;17:10:00;2,7; m/s
27-04-2025;17:20:00;2,8; m/s
27-04-2025;17:30:00;3; m/s
27-04-2025;17:40:00;4,7; m/s
27-04-2025;17:50:00;5,1; m/s
27-04-2025;18:00:00;5,2; m/s
27-04-2025;18:10:00;5,1; m/s
27-04-2025;18:20:00;4,2; m/s
27-04-2025;18:30:00;3,3; m/s
27-04-2025;18:40:00;2,6; m/s
27-04-2025;18:50:00;3,3; m/s
27-04-2025;19:00:00;3,2; m/s
27-04-2025;19:10:00;3,4; m/s
27-04-2025;19:20:00;3; m/s
27-04-2025;19:30:00;2,8; m/s
27-04-2025;19:40:00;3,4; m/s
27-04-2025;19:50:00;3,6; m/s
27-04-2025;20:00:00;3,6; m/s
27-04-2025;20:10:00;3,6; m/s
27-04-2025;20:20:00;3,3; m/s
27-04-2025;20:30:00;2,3; m/s
27-04-2025;20:40:00;1,7; m/s
27-04-2025;20:50:00;1,9; m/s
27-04-2025;21:00:00;1,6; m/s
27-04-2025;21:10:00;1,1; m/s
27-04-2025;21:20:00;1,2; m/s
27-04-2025;21:30:00;2; m/s
27-04-2025;21:40:00;2; m/s
27-04-2025;21:50:00;1,8; m/s
27-04-2025;22:00:00;2,3; m/s
27-04-2025;22:10:00;2,2; m/s
27-04-2025;22:20:00;2,1; m/s
27-04-2025;22:30:00;1,9; m/s
27-04-2025;22:40:00;1,2; m/s
27-04-2025;22:50:00;1,7; m/s
27-04-2025;23:00:00;1,7; m/s
27-04-2025;23:10:00;2; m/s
27-04-2025;23:20:00;2,2; m/s
27-04-2025;23:30:00;1,9; m/s
27-04-2025;23:40:00;1,5; m/s
27-04-2025;23:50:00;1,8; m/s
28-04-2025;00:00:00;1,5; m/s
28-04-2025;00:10:00;1,2; m/s
28-04-2025;00:20:00;1,8; m/s
28-04-2025;00:30:00;1,5; m/s
28-04-2025;00:40:00;1,6; m/s
28-04-2025;00:50:00;1,9; m/s
28-04-2025;01:00:00;1,9; m/s
28-04-2025;01:10:00;1,8; m/s
28-04-2025;01:20:00;1,5; m/s
28-04-2025;01:30:00;1,9; m/s
28-04-2025;01:40:00;1,9; m/s
28-04-2025;01:50:00;1,8; m/s
28-04-2025;02:00:00;1,7; m/s
28-04-2025;02:10:00;1; m/s
28-04-2025;02:20:00;0,2; m/s
28-04-2025;02:30:00;1; m/s
28-04-2025;02:40:00;1,1; m/s
28-04-2025;02:50:00;0,7; m/s
28-04-2025;03:00:00;1,1; m/s
28-04-2025;03:10:00;1,3; m/s
28-04-2025;03:20:00;1,1; m/s
28-04-2025;03:30:00;0,5; m/s
28-04-2025;03:40:00;1; m/s
28-04-2025;03:50:00;1,2; m/s
28-04-2025;04:00:00;1,8; m/s
28-04-2025;04:10:00;1,9; m/s
28-04-2025;04:20:00;2,9; m/s
28-04-2025;04:30:00;3,5; m/s
28-04-2025;04:40:00;2,6; m/s
28-04-2025;04:50:00;2,4; m/s
28-04-2025;05:00:00;2,7; m/s
28-04-2025;05:10:00;3,2; m/s
28-04-2025;05:20:00;3,5; m/s
28-04-2025;05:30:00;3,5; m/s
28-04-2025;05:40:00;3,2; m/s
28-04-2025;05:50:00;2,6; m/s
28-04-2025;06:00:00;2,7; m/s
28-04-2025;06:10:00;1,7; m/s
28-04-2025;06:20:00;0,6; m/s
28-04-2025;06:30:00;1,1; m/s
28-04-2025;06:40:00;1,5; m/s
28-04-2025;06:50:00;1,4; m/s
28-04-2025;07:00:00;1,7; m/s
28-04-2025;07:10:00;1,9; m/s
28-04-2025;07:20:00;2,3; m/s
28-04-2025;07:30:00;2,4; m/s
28-04-2025;07:40:00;2,5; m/s
28-04-2025;07:50:00;2,5; m/s
28-04-2025;08:00:00;2,1; m/s
28-04-2025;08:10:00;1,3; m/s
28-04-2025;08:20:00;1,9; m/s
28-04-2025;08:30:00;2,2; m/s
28-04-2025;08:40:00;2; m/s
28-04-2025;08:50:00;2,2; m/s
28-04-2025;09:00:00;2,5; m/s
28-04-2025;09:10:00;2,6; m/s
28-04-2025;09:20:00;2,6; m/s
28-04-2025;09:30:00;3; m/s
28-04-2025;09:40:00;3,2; m/s
28-04-2025;09:50:00;2,6; m/s
28-04-2025;10:00:00;1,8; m/s
28-04-2025;10:10:00;1,9; m/s
28-04-2025;10:20:00;2; m/s
28-04-2025;10:30:00;2; m/s
28-04-2025;10:40:00;2; m/s
28-04-2025;10:50:00;2; m/s
28-04-2025;11:00:00;1,9; m/s
28-04-2025;11:10:00;2,2; m/s
28-04-2025;11:20:00;1,9; m/s
28-04-2025;11:30:00;1,4; m/s
28-04-2025;11:40:00;1,6; m/s
28-04-2025;11:50:00;1,8; m/s
28-04-2025;12:00:00;1,8; m/s
28-04-2025;12:10:00;1,9; m/s
28-04-2025;12:20:00;2; m/s
28-04-2025;12:30:00;2,2; m/s
28-04-2025;12:40:00;2,9; m/s
28-04-2025;12:50:00;4,1; m/s
28-04-2025;13:00:00;3,4; m/s
28-04-2025;13:10:00;4,1; m/s
28-04-2025;13:20:00;3,7; m/s
28-04-2025;13:30:00;3,7; m/s
28-04-2025;13:40:00;3,5; m/s
28-04-2025;13:50:00;3,1; m/s
28-04-2025;14:00:00;2,9; m/s
28-04-2025;14:10:00;3,3; m/s
28-04-2025;14:20:00;2,7; m/s
28-04-2025;14:30:00;2,9; m/s
28-04-2025;14:40:00;3,3; m/s
28-04-2025;14:50:00;3,8; m/s
28-04-2025;15:00:00;3,6; m/s
28-04-2025;15:10:00;2,4; m/s
28-04-2025;15:20:00;1,6; m/s
28-04-2025;15:30:00;0,8; m/s
28-04-2025;15:40:00;2; m/s
28-04-2025;15:50:00;1,8; m/s
28-04-2025;16:00:00;2,7; m/s
28-04-2025;16:10:00;2,7; m/s
28-04-2025;16:20:00;3,2; m/s
28-04-2025;16:30:00;2,7; m/s
28-04-2025;16:40:00;2,7; m/s
28-04-2025;16:50:00;3,1; m/s
28-04-2025;17:00:00;3; m/s
28-04-2025;17:10:00;3,4; m/s
28-04-2025;17:20:00;2,3; m/s
28-04-2025;17:30:00;2,3; m/s
28-04-2025;17:40:00;2,7; m/s
28-04-2025;17:50:00;2; m/s
28-04-2025;18:00:00;2,4; m/s
28-04-2025;18:10:00;2,8; m/s
28-04-2025;18:20:00;2,8; m/s
28-04-2025;18:30:00;2,7; m/s
28-04-2025;18:40:00;1,7; m/s
28-04-2025;18:50:00;1,7; m/s
28-04-2025;19:00:00;1,9; m/s
28-04-2025;19:10:00;2,7; m/s
28-04-2025;19:20:00;2,2; m/s
28-04-2025;19:30:00;3,4; m/s
28-04-2025;19:40:00;3,1; m/s
28-04-2025;20:00:00;2,9; m/s
28-04-2025;20:10:00;2,7; m/s
28-04-2025;20:20:00;2,7; m/s
28-04-2025;20:30:00;2,5; m/s
28-04-2025;20:40:00;1,7; m/s
28-04-2025;20:50:00;1,1; m/s
28-04-2025;21:00:00;1,6; m/s
28-04-2025;21:10:00;2; m/s
28-04-2025;21:20:00;2,6; m/s
28-04-2025;21:30:00;2,4; m/s
28-04-2025;21:40:00;2,4; m/s
28-04-2025;21:50:00;2; m/s
28-04-2025;22:00:00;2,4; m/s
28-04-2025;22:10:00;2,4; m/s
28-04-2025;22:20:00;3,1; m/s
28-04-2025;22:30:00;3,1; m/s
28-04-2025;22:40:00;2,9; m/s
28-04-2025;22:50:00;3,7; m/s
28-04-2025;23:00:00;4,2; m/s
28-04-2025;23:10:00;4,3; m/s
28-04-2025;23:20:00;4,7; m/s
28-04-2025;23:30:00;4,3; m/s
28-04-2025;23:40:00;3,8; m/s
28-04-2025;23:50:00;4; m/s
29-04-2025;00:00:00;3,7; m/s
29-04-2025;00:10:00;2,9; m/s
29-04-2025;00:20:00;3,8; m/s
29-04-2025;00:30:00;2,4; m/s
29-04-2025;00:40:00;1,7; m/s
29-04-2025;00:50:00;2,1; m/s
29-04-2025;01:00:00;1,8; m/s
29-04-2025;01:10:00;1,5; m/s
29-04-2025;01:20:00;0,9; m/s
29-04-2025;01:30:00;1; m/s
29-04-2025;01:40:00;1; m/s
29-04-2025;01:50:00;1,7; m/s
29-04-2025;02:00:00;2,7; m/s
29-04-2025;02:10:00;2,4; m/s
29-04-2025;02:20:00;3,1; m/s
29-04-2025;02:30:00;3,5; m/s
29-04-2025;02:40:00;4,4; m/s
29-04-2025;02:50:00;4,4; m/s
29-04-2025;03:00:00;3,9; m/s
29-04-2025;03:10:00;3,7; m/s
29-04-2025;03:20:00;3,6; m/s
29-04-2025;03:30:00;3,4; m/s
29-04-2025;03:40:00;3,6; m/s
29-04-2025;03:50:00;3,3; m/s
29-04-2025;04:00:00;3,3; m/s
29-04-2025;04:10:00;4,3; m/s
29-04-2025;04:20:00;3,7; m/s
29-04-2025;04:30:00;3,5; m/s
29-04-2025;04:40:00;3,5; m/s
29-04-2025;04:50:00;2,1; m/s
29-04-2025;05:00:00;1,3; m/s
29-04-2025;05:10:00;2,6; m/s
29-04-2025;05:20:00;2,1; m/s
29-04-2025;05:30:00;2,2; m/s
29-04-2025;05:40:00;2,5; m/s
29-04-2025;05:50:00;2,6; m/s
29-04-2025;06:00:00;3,2; m/s
29-04-2025;06:10:00;3,5; m/s
29-04-2025;06:20:00;1,9; m/s
29-04-2025;06:30:00;2; m/s
29-04-2025;06:40:00;2,1; m/s
29-04-2025;06:50:00;2,3; m/s
29-04-2025;07:00:00;2,8; m/s
29-04-2025;07:10:00;2,8; m/s
29-04-2025;07:20:00;2,8; m/s
29-04-2025;07:30:00;2,5; m/s
29-04-2025;07:40:00;2,2; m/s
29-04-2025;07:50:00;2,8; m/s
29-04-2025;08:00:00;3,1; m/s
29-04-2025;08:10:00;2,8; m/s
29-04-2025;08:20:00;2,3; m/s
29-04-2025;08:30:00;2,2; m/s
29-04-2025;08:40:00;2,3; m/s
29-04-2025;08:50:00;1,9; m/s
29-04-2025;09:00:00;2,6; m/s
29-04-2025;09:10:00;2,7; m/s
29-04-2025;09:20:00;2; m/s
29-04-2025;09:30:00;2,2; m/s
29-04-2025;09:40:00;3,1; m/s
29-04-2025;09:50:00;1,7; m/s
29-04-2025;10:00:00;1,9; m/s
29-04-2025;10:10:00;1,4; m/s
29-04-2025;10:20:00;2,2; m/s
29-04-2025;10:30:00;2,2; m/s
29-04-2025;10:40:00;1,5; m/s
29-04-2025;10:50:00;1,8; m/s
29-04-2025;11:00:00;1,9; m/s
29-04-2025;11:10:00;1,5; m/s
29-04-2025;11:20:00;1,7; m/s
29-04-2025;11:30:00;2,3; m/s
29-04-2025;11:40:00;2,1; m/s
29-04-2025;11:50:00;1,9; m/s
29-04-2025;12:00:00;1,7; m/s
29-04-2025;12:10:00;2; m/s
29-04-2025;12:20:00;2,1; m/s
29-04-2025;12:30:00;2,9; m/s
29-04-2025;12:40:00;4,1; m/s
29-04-2025;12:50:00;5,1; m/s
29-04-2025;13:00:00;6; m/s
29-04-2025;13:10:00;6,3; m/s
29-04-2025;13:20:00;6,3; m/s
29-04-2025;13:30:00;7,5; m/s
29-04-2025;13:40:00;8,9; m/s
29-04-2025;13:50:00;9,1; m/s
29-04-2025;14:00:00;9,9; m/s
29-04-2025;14:10:00;9,2; m/s
29-04-2025;14:20:00;9,6; m/s
29-04-2025;14:30:00;9; m/s
29-04-2025;14:40:00;9,8; m/s
29-04-2025;14:50:00;9,3; m/s
29-04-2025;15:00:00;9,3; m/s
29-04-2025;15:10:00;9,9; m/s
29-04-2025;15:20:00;11,4; m/s
29-04-2025;15:30:00;11,2; m/s
29-04-2025;15:40:00;10,7; m/s
29-04-2025;15:50:00;10; m/s
29-04-2025;16:00:00;9,9; m/s
29-04-2025;16:10:00;10; m/s
29-04-2025;16:20:00;10,3; m/s
29-04-2025;16:30:00;10,6; m/s
29-04-2025;16:40:00;10,5; m/s
29-04-2025;16:50:00;10,6; m/s
29-04-2025;17:00:00;10,4; m/s
29-04-2025;17:10:00;8,8; m/s
29-04-2025;17:20:00;5,5; m/s
29-04-2025;17:30:00;4,8; m/s
29-04-2025;17:40:00;4,7; m/s
29-04-2025;17:50:00;4,7; m/s
29-04-2025;18:00:00;4; m/s
29-04-2025;18:10:00;3,6; m/s
29-04-2025;18:20:00;3,2; m/s
29-04-2025;18:30:00;4,3; m/s
29-04-2025;18:40:00;4,4; m/s
29-04-2025;18:50:00;2,9; m/s
29-04-2025;19:00:00;2,9; m/s
29-04-2025;19:10:00;1,6; m/s
29-04-2025;19:20:00;1,1; m/s
29-04-2025;19:30:00;1,4; m/s
29-04-2025;19:40:00;2,5; m/s
29-04-2025;19:50:00;2,8; m/s
29-04-2025;20:00:00;3; m/s
29-04-2025;20:10:00;3,2; m/s
29-04-2025;20:20:00;3,5; m/s
29-04-2025;20:30:00;3,2; m/s
29-04-2025;20:40:00;2,3; m/s
29-04-2025;20:50:00;2,2; m/s
29-04-2025;21:00:00;2,6; m/s
29-04-2025;21:10:00;2; m/s
29-04-2025;21:20:00;1,9; m/s
29-04-2025;21:30:00;1,9; m/s
29-04-2025;21:40:00;1,2; m/s
29-04-2025;21:50:00;1,8; m/s
29-04-2025;22:00:00;1,9; m/s
29-04-2025;22:10:00;2,4; m/s
29-04-2025;22:20:00;3,1; m/s
29-04-2025;22:30:00;2,4; m/s
29-04-2025;22:40:00;1,7; m/s
29-04-2025;22:50:00;1,6; m/s
29-04-2025;23:00:00;0,9; m/s
29-04-2025;23:10:00;0,6; m/s
29-04-2025;23:20:00;0,3; m/s
29-04-2025;23:30:00;0,7; m/s
29-04-2025;23:40:00;1; m/s
29-04-2025;23:50:00;0,9; m/s
30-04-2025;00:00:00;0,8; m/s
30-04-2025;00:10:00;1; m/s
30-04-2025;00:20:00;1,8; m/s
30-04-2025;00:30:00;2,1; m/s
30-04-2025;00:40:00;1,7; m/s
30-04-2025;00:50:00;1,2; m/s
30-04-2025;01:00:00;1,6; m/s
30-04-2025;01:10:00;1,4; m/s
30-04-2025;01:20:00;1,9; m/s
30-04-2025;01:30:00;2,3; m/s
30-04-2025;01:40:00;2,9; m/s
30-04-2025;01:50:00;3,4; m/s
30-04-2025;02:00:00;3,4; m/s
30-04-2025;02:10:00;2,9; m/s
30-04-2025;02:20:00;3; m/s
30-04-2025;02:30:00;2,4; m/s
30-04-2025;02:40:00;2; m/s
30-04-2025;02:50:00;2,2; m/s
30-04-2025;03:00:00;1,8; m/s
30-04-2025;03:10:00;2,1; m/s
30-04-2025;03:20:00;2,4; m/s
30-04-2025;03:30:00;1,6; m/s
30-04-2025;03:40:00;1,8; m/s
30-04-2025;03:50:00;1,4; m/s
30-04-2025;04:00:00;1,1; m/s
30-04-2025;04:10:00;1; m/s
30-04-2025;04:20:00;1,4; m/s
30-04-2025;04:30:00;0,6; m/s
30-04-2025;04:40:00;0,4; m/s
30-04-2025;04:50:00;0,5; m/s
30-04-2025;05:00:00;0,2; m/s
30-04-2025;05:10:00;0,4; m/s
30-04-2025;05:20:00;0,9; m/s
30-04-2025;05:30:00;0,7; m/s
30-04-2025;05:40:00;0,4; m/s
30-04-2025;05:50:00;0,5; m/s
30-04-2025;06:00:00;0,4; m/s
30-04-2025;06:10:00;0,5; m/s
30-04-2025;06:20:00;0,5; m/s
30-04-2025;06:30:00;0,7; m/s
30-04-2025;06:40:00;0,8; m/s
30-04-2025;06:50:00;0,7; m/s
30-04-2025;07:00:00;0,8; m/s
30-04-2025;07:10:00;1,7; m/s
30-04-2025;07:20:00;1,5; m/s
30-04-2025;07:30:00;1,6; m/s
30-04-2025;07:40:00;1,9; m/s
30-04-2025;07:50:00;2,3; m/s
30-04-2025;08:00:00;2,5; m/s
30-04-2025;08:10:00;1,6; m/s
30-04-2025;08:20:00;0,6; m/s
30-04-2025;08:30:00;1,3; m/s
30-04-2025;08:40:00;1,7; m/s
30-04-2025;08:50:00;1,6; m/s
30-04-2025;09:00:00;1,4; m/s
30-04-2025;09:10:00;1; m/s
30-04-2025;09:20:00;1,3; m/s
30-04-2025;09:30:00;1,5; m/s
30-04-2025;09:40:00;1,6; m/s
30-04-2025;09:50:00;1,8; m/s
30-04-2025;10:00:00;1,6; m/s
30-04-2025;10:10:00;1,9; m/s
30-04-2025;10:20:00;1,9; m/s
30-04-2025;10:30:00;2,1; m/s
30-04-2025;10:40:00;2,4; m/s
30-04-2025;10:50:00;2,9; m/s
30-04-2025;11:00:00;3,2; m/s
30-04-2025;11:10:00;3,3; m/s
30-04-2025;11:20:00;3,6; m/s
30-04-2025;11:30:00;3,6; m/s
30-04-2025;11:40:00;3,7; m/s
30-04-2025;11:50:00;4,6; m/s
30-04-2025;12:00:00;4,1; m/s
30-04-2025;12:10:00;3,9; m/s
30-04-2025;12:20:00;4,7; m/s
30-04-2025;12:30:00;4,3; m/s
30-04-2025;12:40:00;4,8; m/s
30-04-2025;12:50:00;5; m/s
30-04-2025;13:00:00;5,4; m/s
30-04-2025;13:10:00;5,8; m/s
30-04-2025;13:20:00;6,2; m/s
30-04-2025;13:30:00;7,1; m/s
30-04-2025;13:40:00;6,6; m/s
30-04-2025;13:50:00;7; m/s
30-04-2025;14:00:00;7; m/s
30-04-2025;14:10:00;7,4; m/s
30-04-2025;14:20:00;7,4; m/s
30-04-2025;14:30:00;7,5; m/s
30-04-2025;14:40:00;7,9; m/s
30-04-2025;14:50:00;8,2; m/s
30-04-2025;15:00:00;7,6; m/s
30-04-2025;15:10:00;7,5; m/s
30-04-2025;15:20:00;7,6; m/s
30-04-2025;15:30:00;7,4; m/s
30-04-2025;15:40:00;7,7; m/s
30-04-2025;15:50:00;8,1; m/s
30-04-2025;16:00:00;8,2; m/s
30-04-2025;16:10:00;8,4; m/s
30-04-2025;16:20:00;7,9; m/s
30-04-2025;16:30:00;7,5; m/s
30-04-2025;16:40:00;7,4; m/s
30-04-2025;16:50:00;7,2; m/s
30-04-2025;17:00:00;7,7; m/s
30-04-2025;17:10:00;7,9; m/s
30-04-2025;17:20:00;7,4; m/s
30-04-2025;17:30:00;6,4; m/s
30-04-2025;17:40:00;5,8; m/s
30-04-2025;17:50:00;6,5; m/s
30-04-2025;18:00:00;6,9; m/s
30-04-2025;18:10:00;7; m/s
30-04-2025;18:20:00;7; m/s
30-04-2025;18:30:00;6,6; m/s
30-04-2025;18:40:00;6,5; m/s
30-04-2025;18:50:00;4,3; m/s
30-04-2025;19:00:00;3,6; m/s
30-04-2025;19:10:00;4,2; m/s
30-04-2025;19:20:00;4,5; m/s
30-04-2025;19:30:00;4,3; m/s
30-04-2025;19:40:00;4,2; m/s
30-04-2025;19:50:00;4; m/s
30-04-2025;20:00:00;3,1; m/s
30-04-2025;20:10:00;2,7; m/s
30-04-2025;20:20:00;1,6; m/s
30-04-2025;20:30:00;0,5; m/s
30-04-2025;20:40:00;0,9; m/s
30-04-2025;20:50:00;1; m/s
30-04-2025;21:00:00;1,3; m/s
30-04-2025;21:10:00;1,9; m/s
30-04-2025;21:20:00;2,2; m/s
30-04-2025;21:30:00;2; m/s
30-04-2025;21:40:00;1,6; m/s
30-04-2025;21:50:00;1,5; m/s
30-04-2025;22:00:00;1,7; m/s
30-04-2025;22:10:00;1,4; m/s
30-04-2025;22:20:00;1,6; m/s
30-04-2025;22:30:00;1,6; m/s
30-04-2025;22:40:00;1,6; m/s
30-04-2025;22:50:00;1,8; m/s
30-04-2025;23:00:00;1,2; m/s
30-04-2025;23:10:00;1,5; m/s
30-04-2025;23:20:00;1,2; m/s
30-04-2025;23:30:00;1,2; m/s
30-04-2025;23:40:00;1,7; m/s
30-04-2025;23:50:00;2,6; m/s
01-05-2025;00:00:00;2,3; m/s
01-05-2025;00:10:00;2,4; m/s
01-05-2025;00:20:00;2,2; m/s
01-05-2025;00:30:00;2,4; m/s
01-05-2025;00:40:00;1,8; m/s
01-05-2025;00:50:00;1,2; m/s
01-05-2025;01:00:00;0,9; m/s
01-05-2025;01:10:00;0,3; m/s
01-05-2025;01:20:00;0,2; m/s
01-05-2025;01:30:00;1,6; m/s
01-05-2025;01:40:00;1,5; m/s
01-05-2025;01:50:00;1; m/s
01-05-2025;02:00:00;1,1; m/s
01-05-2025;02:10:00;1,3; m/s
01-05-2025;02:20:00;0,7; m/s
01-05-2025;02:30:00;0,8; m/s
01-05-2025;02:40:00;0,8; m/s
01-05-2025;02:50:00;1; m/s
01-05-2025;03:00:00;1,1; m/s
01-05-2025;03:10:00;0,6; m/s
01-05-2025;03:20:00;0,6; m/s
01-05-2025;03:30:00;0,9; m/s
01-05-2025;03:40:00;0,3; m/s
01-05-2025;03:50:00;0,7; m/s
01-05-2025;04:00:00;0,8; m/s
01-05-2025;04:10:00;0,9; m/s
01-05-2025;04:20:00;1,2; m/s
01-05-2025;04:30:00;1,4; m/s
01-05-2025;04:40:00;2; m/s
01-05-2025;04:50:00;2,4; m/s
01-05-2025;05:00:00;2,9; m/s
01-05-2025;05:10:00;2,2; m/s
01-05-2025;05:20:00;1,2; m/s
01-05-2025;05:30:00;1,4; m/s
01-05-2025;05:40:00;1,4; m/s
01-05-2025;05:50:00;1,6; m/s
01-05-2025;06:00:00;0,4; m/s
01-05-2025;06:10:00;0,2; m/s
01-05-2025;06:20:00;0,6; m/s
01-05-2025;06:30:00;0,5; m/s
01-05-2025;06:40:00;0,3; m/s
01-05-2025;06:50:00;0,4; m/s
01-05-2025;07:00:00;0,2; m/s
01-05-2025;07:10:00;1,1; m/s
01-05-2025;07:20:00;1,2; m/s
01-05-2025;07:30:00;1,3; m/s
01-05-2025;07:40:00;1,3; m/s
01-05-2025;07:50:00;1,1; m/s
01-05-2025;08:00:00;1,5; m/s
01-05-2025;08:10:00;1,5; m/s
01-05-2025;08:20:00;1,1; m/s
01-05-2025;08:30:00;1,1; m/s
01-05-2025;08:40:00;1,5; m/s
01-05-2025;08:50:00;1,6; m/s
01-05-2025;09:00:00;1,5; m/s
01-05-2025;09:10:00;1,5; m/s
01-05-2025;09:20:00;1,7; m/s
01-05-2025;09:30:00;1,8; m/s
01-05-2025;09:40:00;1,3; m/s
01-05-2025;09:50:00;1,4; m/s
01-05-2025;10:00:00;1,7; m/s
01-05-2025;10:10:00;2,5; m/s
01-05-2025;10:20:00;2,8; m/s
01-05-2025;10:30:00;3; m/s
01-05-2025;10:40:00;3,1; m/s
01-05-2025;10:50:00;3,8; m/s
01-05-2025;11:00:00;3,8; m/s
01-05-2025;11:10:00;4,5; m/s
01-05-2025;11:20:00;4,9; m/s
01-05-2025;11:30:00;4,2; m/s
01-05-2025;11:40:00;3,4; m/s
01-05-2025;11:50:00;4,3; m/s
01-05-2025;12:00:00;4,4; m/s
01-05-2025;12:10:00;4,9; m/s
01-05-2025;12:20:00;4,6; m/s
01-05-2025;12:30:00;3,7; m/s
01-05-2025;12:40:00;3,6; m/s
01-05-2025;12:50:00;3,5; m/s
01-05-2025;13:00:00;3; m/s
01-05-2025;13:10:00;2,9; m/s
01-05-2025;13:20:00;3,4; m/s
01-05-2025;13:30:00;3,4; m/s
01-05-2025;13:40:00;3,1; m/s
01-05-2025;13:50:00;3,6; m/s
01-05-2025;14:00:00;3,5; m/s
01-05-2025;14:10:00;3,5; m/s
01-05-2025;14:20:00;4,4; m/s
01-05-2025;14:30:00;5; m/s
01-05-2025;14:40:00;5,2; m/s
01-05-2025;14:50:00;6,9; m/s
01-05-2025;15:00:00;7,7; m/s
01-05-2025;15:10:00;7,7; m/s
01-05-2025;15:20:00;7,8; m/s
01-05-2025;15:30:00;7,3; m/s
01-05-2025;15:40:00;7,1; m/s
01-05-2025;15:50:00;7,3; m/s
01-05-2025;16:00:00;7,8; m/s
01-05-2025;16:10:00;7,7; m/s
01-05-2025;16:20:00;7,2; m/s
01-05-2025;16:30:00;7; m/s
01-05-2025;16:40:00;7,5; m/s
01-05-2025;16:50:00;7,2; m/s
01-05-2025;17:00:00;7; m/s
01-05-2025;17:10:00;7,3; m/s
01-05-2025;17:20:00;6,7; m/s
01-05-2025;17:30:00;6,3; m/s
01-05-2025;17:40:00;6; m/s
01-05-2025;17:50:00;5,9; m/s
01-05-2025;18:00:00;5,3; m/s
01-05-2025;18:10:00;5,2; m/s
01-05-2025;18:20:00;4,8; m/s
01-05-2025;18:30:00;3,6; m/s
01-05-2025;18:40:00;3,9; m/s
01-05-2025;18:50:00;6,1; m/s
01-05-2025;19:00:00;5,8; m/s
01-05-2025;19:10:00;4,9; m/s
01-05-2025;19:20:00;5,6; m/s
01-05-2025;19:30:00;5,5; m/s
01-05-2025;19:40:00;3,9; m/s
01-05-2025;19:50:00;3; m/s
01-05-2025;20:00:00;3,7; m/s
01-05-2025;20:10:00;3,6; m/s
01-05-2025;20:20:00;3,5; m/s
01-05-2025;20:30:00;2,9; m/s
01-05-2025;20:40:00;2,8; m/s
01-05-2025;20:50:00;1,3; m/s
01-05-2025;21:00:00;1,5; m/s
01-05-2025;21:10:00;1,4; m/s
01-05-2025;21:20:00;1,4; m/s
01-05-2025;21:30:00;2,1; m/s
01-05-2025;21:40:00;2,5; m/s
01-05-2025;21:50:00;2,6; m/s
01-05-2025;22:00:00;3,1; m/s
01-05-2025;22:10:00;3,2; m/s
01-05-2025;22:20:00;2,9; m/s
01-05-2025;22:30:00;3,1; m/s
01-05-2025;22:40:00;2,1; m/s
01-05-2025;22:50:00;2,3; m/s
01-05-2025;23:00:00;2,7; m/s
01-05-2025;23:10:00;1,9; m/s
01-05-2025;23:20:00;1,5; m/s
01-05-2025;23:30:00;1,5; m/s
01-05-2025;23:40:00;1,7; m/s
01-05-2025;23:50:00;1,9; m/s
02-05-2025;00:00:00;1,7; m/s
02-05-2025;00:10:00;1,5; m/s
02-05-2025;00:20:00;1,1; m/s
02-05-2025;00:30:00;0,5; m/s
02-05-2025;00:40:00;0,3; m/s
02-05-2025;00:50:00;1,2; m/s
02-05-2025;01:00:00;1,2; m/s
02-05-2025;01:10:00;0,2; m/s
02-05-2025;01:20:00;0,6; m/s
02-05-2025;01:30:00;0,3; m/s
02-05-2025;01:40:00;1,7; m/s
02-05-2025;01:50:00;1,9; m/s
02-05-2025;02:00:00;1,8; m/s
02-05-2025;02:10:00;1,7; m/s
02-05-2025;02:20:00;1,8; m/s
02-05-2025;02:30:00;2,3; m/s
02-05-2025;02:40:00;1,6; m/s
02-05-2025;02:50:00;1,2; m/s
02-05-2025;03:00:00;1,2; m/s
02-05-2025;03:10:00;1,3; m/s
02-05-2025;03:20:00;1,7; m/s
02-05-2025;03:30:00;2,2; m/s
02-05-2025;03:40:00;1,9; m/s
02-05-2025;03:50:00;1,8; m/s
02-05-2025;04:00:00;2,2; m/s
02-05-2025;04:10:00;2,7; m/s
02-05-2025;04:20:00;3,3; m/s
02-05-2025;04:30:00;3,3; m/s
02-05-2025;04:40:00;2,9; m/s
02-05-2025;04:50:00;2,8; m/s
02-05-2025;05:00:00;2,5; m/s
02-05-2025;05:10:00;1,8; m/s
02-05-2025;05:20:00;1,5; m/s
02-05-2025;05:30:00;2; m/s
02-05-2025;05:40:00;2,3; m/s
02-05-2025;05:50:00;1,9; m/s
02-05-2025;06:00:00;1,1; m/s
02-05-2025;06:10:00;1,4; m/s
02-05-2025;06:20:00;1,7; m/s
02-05-2025;06:30:00;1,8; m/s
02-05-2025;06:40:00;1,4; m/s
02-05-2025;06:50:00;1,7; m/s
02-05-2025;07:00:00;1,8; m/s
02-05-2025;07:10:00;1,1; m/s
02-05-2025;07:20:00;0,9; m/s
02-05-2025;07:30:00;1; m/s
02-05-2025;07:40:00;1,2; m/s
02-05-2025;07:50:00;1,5; m/s
02-05-2025;08:00:00;1,9; m/s
02-05-2025;08:10:00;2,2; m/s
02-05-2025;08:20:00;3,2; m/s
02-05-2025;08:30:00;2,5; m/s
02-05-2025;08:40:00;1; m/s
02-05-2025;08:50:00;1,2; m/s
02-05-2025;09:00:00;1,1; m/s
02-05-2025;09:10:00;1,6; m/s
02-05-2025;09:20:00;2,1; m/s
02-05-2025;09:30:00;2,1; m/s
02-05-2025;09:40:00;1,2; m/s
02-05-2025;09:50:00;1,7; m/s
02-05-2025;10:00:00;2,8; m/s
02-05-2025;10:10:00;2; m/s
02-05-2025;10:20:00;1,9; m/s
02-05-2025;10:30:00;3; m/s
02-05-2025;10:40:00;3,2; m/s
02-05-2025;10:50:00;4,1; m/s
02-05-2025;11:00:00;3,4; m/s
02-05-2025;11:10:00;3,7; m/s
02-05-2025;11:20:00;3,5; m/s
02-05-2025;11:30:00;3,1; m/s
02-05-2025;11:40:00;3,4; m/s
02-05-2025;11:50:00;3,7; m/s
02-05-2025;12:00:00;3,5; m/s
02-05-2025;12:10:00;2,8; m/s
02-05-2025;12:20:00;2,2; m/s
02-05-2025;12:30:00;2,5; m/s
02-05-2025;12:40:00;3; m/s
02-05-2025;12:50:00;3,1; m/s
02-05-2025;13:00:00;3,2; m/s
02-05-2025;13:10:00;3,6; m/s
02-05-2025;13:20:00;3,4; m/s
02-05-2025;13:30:00;3,3; m/s
02-05-2025;13:40:00;3,2; m/s
02-05-2025;13:50:00;2,5; m/s
02-05-2025;14:00:00;3,5; m/s
02-05-2025;14:10:00;4,2; m/s
02-05-2025;14:20:00;4,8; m/s
02-05-2025;14:30:00;4,4; m/s
02-05-2025;14:40:00;5,6; m/s
02-05-2025;14:50:00;5; m/s
02-05-2025;15:00:00;4,3; m/s
02-05-2025;15:10:00;4,2; m/s
02-05-2025;15:20:00;4,2; m/s
02-05-2025;15:30:00;3,8; m/s
02-05-2025;15:40:00;3,7; m/s
02-05-2025;15:50:00;3,7; m/s
02-05-2025;16:00:00;3,7; m/s
02-05-2025;16:10:00;3,9; m/s
02-05-2025;16:20:00;4; m/s
02-05-2025;16:30:00;4,2; m/s
02-05-2025;16:40:00;5,4; m/s
02-05-2025;16:50:00;5,2; m/s
02-05-2025;17:00:00;4,6; m/s
02-05-2025;17:10:00;4,9; m/s
02-05-2025;17:20:00;4,6; m/s
02-05-2025;17:30:00;4,4; m/s
02-05-2025;17:40:00;4,1; m/s
02-05-2025;17:50:00;3,7; m/s
02-05-2025;18:00:00;3,3; m/s
02-05-2025;18:10:00;3,2; m/s
02-05-2025;18:20:00;3,1; m/s
02-05-2025;18:30:00;2,6; m/s
02-05-2025;18:40:00;2,6; m/s
02-05-2025;18:50:00;2,1; m/s
02-05-2025;19:00:00;0,8; m/s
02-05-2025;19:10:00;0,4; m/s
02-05-2025;19:20:00;0; m/s
02-05-2025;19:30:00;0,4; m/s
02-05-2025;19:40:00;0,4; m/s
02-05-2025;19:50:00;2; m/s
02-05-2025;20:00:00;1,8; m/s
02-05-2025;20:10:00;0,8; m/s
02-05-2025;20:20:00;1,5; m/s
02-05-2025;20:30:00;2,3; m/s
02-05-2025;20:40:00;2; m/s
02-05-2025;20:50:00;2; m/s
02-05-2025;21:00:00;1,4; m/s
02-05-2025;21:10:00;1,6; m/s
02-05-2025;21:20:00;1,4; m/s
02-05-2025;21:30:00;1,7; m/s
02-05-2025;21:40:00;1,5; m/s
02-05-2025;21:50:00;1,8; m/s
02-05-2025;22:00:00;1,6; m/s
02-05-2025;22:10:00;1,7; m/s
02-05-2025;22:20:00;1,6; m/s
02-05-2025;22:30:00;1,8; m/s
02-05-2025;22:40:00;1,8; m/s
02-05-2025;22:50:00;1,9; m/s
02-05-2025;23:00:00;1,8; m/s
02-05-2025;23:10:00;1,8; m/s
02-05-2025;23:20:00;2; m/s
02-05-2025;23:30:00;2,3; m/s
02-05-2025;23:40:00;2,4; m/s
02-05-2025;23:50:00;2; m/s
03-05-2025;00:00:00;2,4; m/s
03-05-2025;00:10:00;2; m/s
03-05-2025;00:20:00;1,3; m/s
03-05-2025;00:30:00;1,8; m/s
03-05-2025;00:40:00;1,9; m/s
03-05-2025;00:50:00;1,6; m/s
03-05-2025;01:00:00;2,3; m/s
03-05-2025;01:10:00;2,1; m/s
03-05-2025;01:20:00;2,3; m/s
03-05-2025;01:30:00;1,4; m/s
03-05-2025;01:40:00;1,8; m/s
03-05-2025;01:50:00;1,9; m/s
03-05-2025;02:00:00;2,4; m/s
03-05-2025;02:10:00;2,4; m/s
03-05-2025;02:20:00;2,2; m/s
03-05-2025;02:30:00;1,8; m/s
03-05-2025;02:40:00;1,7; m/s
03-05-2025;02:50:00;0,4; m/s
03-05-2025;03:00:00;1,1; m/s
03-05-2025;03:10:00;1,9; m/s
03-05-2025;03:20:00;1,7; m/s
03-05-2025;03:30:00;1,5; m/s
03-05-2025;03:40:00;1,3; m/s
03-05-2025;03:50:00;1,1; m/s
03-05-2025;04:00:00;2,1; m/s
03-05-2025;04:10:00;2,9; m/s
03-05-2025;04:20:00;1,2; m/s
03-05-2025;04:30:00;0,8; m/s
03-05-2025;04:40:00;1; m/s
03-05-2025;04:50:00;1,6; m/s
03-05-2025;05:00:00;1,6; m/s
03-05-2025;05:10:00;0,9; m/s
03-05-2025;05:20:00;1,2; m/s
03-05-2025;05:30:00;1,4; m/s
03-05-2025;05:40:00;0,7; m/s
03-05-2025;05:50:00;0,7; m/s
03-05-2025;06:00:00;0,6; m/s
03-05-2025;06:10:00;0,4; m/s
03-05-2025;06:20:00;1,5; m/s
03-05-2025;06:30:00;1,9; m/s
03-05-2025;06:40:00;1,5; m/s
03-05-2025;06:50:00;1,4; m/s
03-05-2025;07:00:00;1,7; m/s
03-05-2025;07:10:00;1,8; m/s
03-05-2025;07:20:00;1; m/s
03-05-2025;07:30:00;1,7; m/s
03-05-2025;07:40:00;1,7; m/s
03-05-2025;07:50:00;2,1; m/s
03-05-2025;08:00:00;2,6; m/s
03-05-2025;08:10:00;2,3; m/s
03-05-2025;08:20:00;2,7; m/s
03-05-2025;08:30:00;1,7; m/s
03-05-2025;08:40:00;2; m/s
03-05-2025;08:50:00;2; m/s
03-05-2025;09:00:00;1,9; m/s
03-05-2025;09:10:00;1,7; m/s
03-05-2025;09:20:00;1,8; m/s
03-05-2025;09:30:00;1,4; m/s
03-05-2025;09:40:00;1,3; m/s
03-05-2025;09:50:00;1,6; m/s
03-05-2025;10:00:00;1,8; m/s
03-05-2025;10:10:00;2,5; m/s
03-05-2025;10:20:00;2,5; m/s
03-05-2025;10:30:00;2,2; m/s
03-05-2025;10:40:00;2; m/s
03-05-2025;10:50:00;2,4; m/s
03-05-2025;11:00:00;2,2; m/s
03-05-2025;11:10:00;2,1; m/s
03-05-2025;11:20:00;2,3; m/s
03-05-2025;11:30:00;2,4; m/s
03-05-2025;11:40:00;2,2; m/s
03-05-2025;11:50:00;2,2; m/s
03-05-2025;12:00:00;1,9; m/s
03-05-2025;12:10:00;2,2; m/s
03-05-2025;12:20:00;2,7; m/s
03-05-2025;12:30:00;2,7; m/s
03-05-2025;12:40:00;2,6; m/s
03-05-2025;12:50:00;3,1; m/s
03-05-2025;13:00:00;3; m/s
03-05-2025;13:10:00;3; m/s
03-05-2025;13:20:00;2,7; m/s
03-05-2025;13:30:00;2,5; m/s
03-05-2025;13:40:00;2,6; m/s
03-05-2025;13:50:00;2,4; m/s
03-05-2025;14:00:00;2,3; m/s
03-05-2025;14:10:00;2,2; m/s
03-05-2025;14:20:00;2,2; m/s
03-05-2025;14:30:00;2,7; m/s
03-05-2025;14:40:00;2,9; m/s
03-05-2025;14:50:00;2,4; m/s
03-05-2025;15:00:00;2; m/s
03-05-2025;15:10:00;2,1; m/s
03-05-2025;15:20:00;1,9; m/s
03-05-2025;15:30:00;1,6; m/s
03-05-2025;15:40:00;1,7; m/s
03-05-2025;15:50:00;1,9; m/s
03-05-2025;16:00:00;1,7; m/s
03-05-2025;16:10:00;2,2; m/s
03-05-2025;16:20:00;2,3; m/s
03-05-2025;16:30:00;2,2; m/s
03-05-2025;16:40:00;2,7; m/s
03-05-2025;16:50:00;2,7; m/s
03-05-2025;17:00:00;3; m/s
03-05-2025;17:10:00;2,2; m/s
03-05-2025;17:20:00;1,7; m/s
03-05-2025;17:30:00;1,6; m/s
03-05-2025;17:40:00;1,8; m/s
03-05-2025;17:50:00;1,7; m/s
03-05-2025;18:00:00;1,9; m/s
03-05-2025;18:10:00;1,7; m/s
03-05-2025;18:20:00;1,3; m/s
03-05-2025;18:30:00;1,2; m/s
03-05-2025;18:40:00;1,3; m/s
03-05-2025;18:50:00;1; m/s
03-05-2025;19:00:00;1,4; m/s
03-05-2025;19:10:00;1,1; m/s
03-05-2025;19:20:00;1,6; m/s
03-05-2025;19:30:00;1,6; m/s
03-05-2025;19:40:00;1,4; m/s
03-05-2025;19:50:00;1; m/s
03-05-2025;20:00:00;1,5; m/s
03-05-2025;20:10:00;1,5; m/s
03-05-2025;20:20:00;2; m/s
03-05-2025;20:30:00;1,6; m/s
03-05-2025;20:40:00;1,8; m/s
03-05-2025;20:50:00;1,6; m/s
03-05-2025;21:00:00;1,3; m/s
03-05-2025;21:10:00;1,5; m/s
03-05-2025;21:20:00;1,8; m/s
03-05-2025;21:30:00;1,7; m/s
03-05-2025;21:40:00;1,5; m/s
03-05-2025;21:50:00;1,3; m/s
03-05-2025;22:00:00;1,5; m/s
03-05-2025;22:10:00;1,6; m/s
03-05-2025;22:20:00;1,8; m/s
03-05-2025;22:30:00;1,2; m/s
03-05-2025;22:40:00;0,8; m/s
03-05-2025;22:50:00;1,5; m/s
03-05-2025;23:00:00;1,7; m/s
03-05-2025;23:10:00;1,7; m/s
03-05-2025;23:20:00;1,7; m/s
03-05-2025;23:30:00;1,3; m/s
03-05-2025;23:40:00;1,7; m/s
03-05-2025;23:50:00;1,2; m/s
04-05-2025;00:00:00;1,3; m/s
04-05-2025;00:10:00;0,9; m/s
04-05-2025;00:20:00;0,9; m/s
04-05-2025;00:30:00;1,2; m/s
04-05-2025;00:40:00;1,2; m/s
04-05-2025;00:50:00;1,4; m/s
04-05-2025;01:00:00;1,4; m/s
04-05-2025;01:10:00;1,5; m/s
04-05-2025;01:20:00;1,4; m/s
04-05-2025;01:30:00;1,6; m/s
04-05-2025;01:40:00;1,7; m/s
04-05-2025;01:50:00;1,6; m/s
04-05-2025;02:00:00;1,6; m/s
04-05-2025;02:10:00;1,4; m/s
04-05-2025;02:20:00;1,6; m/s
04-05-2025;02:30:00;1,6; m/s
04-05-2025;02:40:00;1,2; m/s
04-05-2025;02:50:00;1,2; m/s
04-05-2025;03:00:00;1,6; m/s
04-05-2025;03:10:00;2; m/s
04-05-2025;03:20:00;1,9; m/s
04-05-2025;03:30:00;1,8; m/s
04-05-2025;03:40:00;1,9; m/s
04-05-2025;03:50:00;2,2; m/s
04-05-2025;04:00:00;1,8; m/s
04-05-2025;04:10:00;1,6; m/s
04-05-2025;04:20:00;2,2; m/s
04-05-2025;04:30:00;2,3; m/s
04-05-2025;04:40:00;2,6; m/s
04-05-2025;04:50:00;2,3; m/s
04-05-2025;05:00:00;1,3; m/s
04-05-2025;05:10:00;1,8; m/s
04-05-2025;05:20:00;1,4; m/s
04-05-2025;05:30:00;1; m/s
04-05-2025;05:40:00;2,2; m/s
04-05-2025;05:50:00;1,7; m/s
04-05-2025;06:00:00;1,2; m/s
04-05-2025;06:10:00;1,1; m/s
04-05-2025;06:20:00;1,6; m/s
04-05-2025;06:30:00;1,5; m/s
04-05-2025;06:40:00;1,5; m/s
04-05-2025;06:50:00;1,6; m/s
04-05-2025;07:00:00;1,4; m/s
04-05-2025;07:10:00;1,3; m/s
04-05-2025;07:20:00;1,3; m/s
04-05-2025;07:30:00;1,4; m/s
04-05-2025;07:40:00;1,6; m/s
04-05-2025;07:50:00;1,4; m/s
04-05-2025;08:00:00;1,8; m/s
04-05-2025;08:10:00;1,5; m/s
04-05-2025;08:20:00;1,4; m/s
04-05-2025;08:30:00;1,6; m/s
04-05-2025;08:40:00;2; m/s
04-05-2025;08:50:00;1,8; m/s
04-05-2025;09:00:00;1,6; m/s
04-05-2025;09:10:00;1,5; m/s
04-05-2025;09:20:00;1,5; m/s
04-05-2025;09:30:00;1,6; m/s
04-05-2025;09:40:00;1,4; m/s
04-05-2025;09:50:00;1,6; m/s
04-05-2025;10:00:00;1,9; m/s
04-05-2025;10:10:00;1,8; m/s
04-05-2025;10:20:00;1,6; m/s
04-05-2025;10:30:00;2; m/s
04-05-2025;10:40:00;1,9; m/s
04-05-2025;10:50:00;1,9; m/s
04-05-2025;11:00:00;2,1; m/s
04-05-2025;11:10:00;1,7; m/s
04-05-2025;11:20:00;2,1; m/s
04-05-2025;11:30:00;2,1; m/s
04-05-2025;11:40:00;2,1; m/s
04-05-2025;11:50:00;2,2; m/s
04-05-2025;12:00:00;2,2; m/s
04-05-2025;12:10:00;2,3; m/s
04-05-2025;12:20:00;2,1; m/s
04-05-2025;12:30:00;2; m/s
04-05-2025;12:40:00;2,4; m/s
04-05-2025;12:50:00;3,1; m/s
04-05-2025;13:00:00;4,4; m/s
04-05-2025;13:10:00;5,1; m/s
04-05-2025;13:20:00;3,8; m/s
04-05-2025;13:30:00;2,8; m/s
04-05-2025;13:40:00;2,6; m/s
04-05-2025;13:50:00;2,5; m/s
04-05-2025;14:00:00;2,1; m/s
04-05-2025;14:10:00;2,3; m/s
04-05-2025;14:20:00;2,1; m/s
04-05-2025;14:30:00;2,1; m/s
04-05-2025;14:40:00;2,8; m/s
04-05-2025;14:50:00;2,6; m/s
04-05-2025;15:00:00;2,7; m/s
04-05-2025;15:10:00;1,8; m/s
04-05-2025;15:20:00;1,3; m/s
04-05-2025;15:30:00;1,3; m/s
04-05-2025;15:40:00;1,5; m/s
04-05-2025;15:50:00;1,9; m/s
04-05-2025;16:00:00;1,5; m/s
04-05-2025;16:10:00;1,2; m/s
04-05-2025;16:20:00;0,7; m/s
04-05-2025;16:30:00;0,4; m/s
04-05-2025;16:40:00;0,2; m/s
04-05-2025;16:50:00;1,7; m/s
04-05-2025;17:00:00;1,2; m/s
04-05-2025;17:10:00;1,4; m/s
04-05-2025;17:20:00;2,6; m/s
04-05-2025;17:30:00;2,3; m/s
04-05-2025;17:40:00;1,6; m/s
04-05-2025;17:50:00;1,7; m/s
04-05-2025;18:00:00;2; m/s
04-05-2025;18:10:00;2,7; m/s
04-05-2025;18:20:00;2,8; m/s
04-05-2025;18:30:00;2,2; m/s
04-05-2025;18:40:00;2,5; m/s
04-05-2025;18:50:00;2,4; m/s
04-05-2025;19:00:00;2,6; m/s
04-05-2025;19:10:00;2,4; m/s
04-05-2025;19:20:00;2,6; m/s
04-05-2025;19:30:00;2,6; m/s
04-05-2025;19:40:00;2,8; m/s
04-05-2025;19:50:00;2,5; m/s
04-05-2025;20:00:00;2,8; m/s
04-05-2025;20:10:00;3,1; m/s
04-05-2025;20:20:00;3,2; m/s
04-05-2025;20:30:00;3,4; m/s
04-05-2025;20:40:00;3,3; m/s
04-05-2025;20:50:00;3,5; m/s
04-05-2025;21:00:00;3,4; m/s
04-05-2025;21:10:00;3,5; m/s
04-05-2025;21:20:00;3,2; m/s
04-05-2025;21:30:00;3,9; m/s
04-05-2025;21:40:00;3,9; m/s
04-05-2025;21:50:00;3,4; m/s
04-05-2025;22:00:00;3,7; m/s
04-05-2025;22:10:00;3,4; m/s
04-05-2025;22:20:00;2,8; m/s
04-05-2025;22:30:00;2,4; m/s
04-05-2025;22:40:00;2,8; m/s
04-05-2025;22:50:00;2,9; m/s
04-05-2025;23:00:00;3,2; m/s
04-05-2025;23:10:00;3,5; m/s
04-05-2025;23:20:00;2,6; m/s
04-05-2025;23:30:00;2,7; m/s
04-05-2025;23:40:00;2,8; m/s
04-05-2025;23:50:00;2,6; m/s
05-05-2025;00:00:00;2,9; m/s
05-05-2025;00:10:00;3,1; m/s
05-05-2025;00:20:00;2,3; m/s
05-05-2025;00:30:00;2,7; m/s
05-05-2025;00:40:00;2,4; m/s
05-05-2025;00:50:00;2,3; m/s
05-05-2025;01:00:00;2,4; m/s
05-05-2025;01:10:00;2,5; m/s
05-05-2025;01:20:00;2,2; m/s
05-05-2025;01:30:00;2,5; m/s
05-05-2025;01:40:00;2,6; m/s
05-05-2025;01:50:00;2,6; m/s
05-05-2025;02:00:00;2,9; m/s
05-05-2025;02:10:00;2,7; m/s
05-05-2025;02:20:00;2,6; m/s
05-05-2025;02:30:00;2,3; m/s
05-05-2025;02:40:00;2,7; m/s
05-05-2025;02:50:00;2,6; m/s
05-05-2025;03:00:00;2,7; m/s
05-05-2025;03:10:00;2,8; m/s
05-05-2025;03:20:00;2,5; m/s
05-05-2025;03:30:00;2,2; m/s
05-05-2025;03:40:00;2,3; m/s
05-05-2025;03:50:00;2,5; m/s
05-05-2025;04:00:00;2,9; m/s
05-05-2025;04:10:00;2,8; m/s
05-05-2025;04:20:00;2,8; m/s
05-05-2025;04:30:00;2,7; m/s
05-05-2025;04:40:00;2,3; m/s
05-05-2025;04:50:00;2,6; m/s
05-05-2025;05:00:00;2,6; m/s
05-05-2025;05:10:00;2,7; m/s
05-05-2025;05:20:00;3; m/s
05-05-2025;05:30:00;3,1; m/s
05-05-2025;05:40:00;2,6; m/s
05-05-2025;05:50:00;3,2; m/s
05-05-2025;06:00:00;2,9; m/s
05-05-2025;06:10:00;3,1; m/s
05-05-2025;06:20:00;3,7; m/s
05-05-2025;06:30:00;4,2; m/s
05-05-2025;06:40:00;4,4; m/s
05-05-2025;06:50:00;5,1; m/s
05-05-2025;07:00:00;5,1; m/s
05-05-2025;07:10:00;4,3; m/s
05-05-2025;07:20:00;4; m/s
05-05-2025;07:30:00;4,2; m/s
05-05-2025;07:40:00;4,3; m/s
05-05-2025;07:50:00;4,3; m/s
05-05-2025;08:00:00;4,2; m/s
05-05-2025;08:10:00;4,6; m/s
05-05-2025;08:20:00;3,6; m/s
05-05-2025;08:30:00;4,1; m/s
05-05-2025;08:40:00;3,7; m/s
05-05-2025;08:50:00;4,4; m/s
05-05-2025;09:00:00;4,3; m/s
05-05-2025;09:10:00;5; m/s
05-05-2025;09:20:00;4,8; m/s
05-05-2025;09:30:00;4,6; m/s
05-05-2025;09:40:00;4,4; m/s
05-05-2025;09:50:00;3,8; m/s
05-05-2025;10:00:00;4,3; m/s
05-05-2025;10:10:00;3,7; m/s
05-05-2025;10:20:00;4,9; m/s
05-05-2025;10:30:00;4,3; m/s
05-05-2025;10:40:00;4,6; m/s
05-05-2025;10:50:00;4,4; m/s
05-05-2025;11:00:00;4,9; m/s
05-05-2025;11:10:00;4,4; m/s
05-05-2025;11:20:00;4,9; m/s
05-05-2025;11:30:00;4,8; m/s
05-05-2025;11:40:00;5,1; m/s
05-05-2025;11:50:00;5; m/s
05-05-2025;12:00:00;4,2; m/s
05-05-2025;12:10:00;3,6; m/s
05-05-2025;12:20:00;3; m/s
05-05-2025;12:30:00;3,2; m/s
05-05-2025;12:40:00;3; m/s
05-05-2025;12:50:00;3; m/s
05-05-2025;13:00:00;2,9; m/s
05-05-2025;13:10:00;2,7; m/s
05-05-2025;13:20:00;2,9; m/s
05-05-2025;13:30:00;3; m/s
05-05-2025;13:40:00;2,9; m/s
05-05-2025;13:50:00;2,9; m/s
05-05-2025;14:00:00;2,8; m/s
05-05-2025;14:10:00;3,4; m/s
05-05-2025;14:20:00;2,8; m/s
05-05-2025;14:30:00;2,8; m/s
05-05-2025;14:40:00;3,3; m/s
05-05-2025;14:50:00;3; m/s
05-05-2025;15:00:00;3,3; m/s
05-05-2025;15:10:00;3,4; m/s
05-05-2025;15:20:00;3,2; m/s
05-05-2025;15:30:00;3,4; m/s
05-05-2025;15:40:00;3,4; m/s
05-05-2025;15:50:00;3,2; m/s
05-05-2025;16:00:00;4; m/s
05-05-2025;16:10:00;3,5; m/s
05-05-2025;16:20:00;3,4; m/s
05-05-2025;16:30:00;3,7; m/s
05-05-2025;16:40:00;3,8; m/s
05-05-2025;16:50:00;3,3; m/s
05-05-2025;17:00:00;3,1; m/s
05-05-2025;17:10:00;3; m/s
05-05-2025;17:20:00;3,1; m/s
05-05-2025;17:30:00;2,8; m/s
05-05-2025;17:40:00;3,1; m/s
05-05-2025;17:50:00;3,3; m/s
05-05-2025;18:00:00;3,2; m/s
05-05-2025;18:10:00;3; m/s
05-05-2025;18:20:00;2,5; m/s
05-05-2025;18:30:00;2,7; m/s
05-05-2025;18:40:00;2,3; m/s
05-05-2025;18:50:00;2,5; m/s
05-05-2025;19:00:00;2,6; m/s
05-05-2025;19:10:00;2,8; m/s
05-05-2025;19:20:00;2,5; m/s
05-05-2025;19:30:00;2,3; m/s
05-05-2025;19:40:00;2,3; m/s
05-05-2025;19:50:00;2,2; m/s
05-05-2025;20:00:00;1,9; m/s
05-05-2025;20:10:00;2,2; m/s
05-05-2025;20:20:00;1,8; m/s
05-05-2025;20:30:00;2; m/s
05-05-2025;20:40:00;1,7; m/s
05-05-2025;20:50:00;1,6; m/s
05-05-2025;21:00:00;1,9; m/s
05-05-2025;21:10:00;1,7; m/s
05-05-2025;21:20:00;2; m/s
05-05-2025;21:30:00;1,8; m/s
05-05-2025;21:40:00;1,7; m/s
05-05-2025;21:50:00;2,1; m/s
05-05-2025;22:00:00;1,8; m/s
05-05-2025;22:10:00;1,9; m/s
05-05-2025;22:20:00;1,7; m/s
05-05-2025;22:30:00;1,7; m/s
05-05-2025;22:40:00;1,9; m/s
05-05-2025;22:50:00;1,7; m/s
05-05-2025;23:00:00;2,3; m/s
05-05-2025;23:10:00;2; m/s
05-05-2025;23:20:00;2; m/s
05-05-2025;23:30:00;1,8; m/s
05-05-2025;23:40:00;1,8; m/s
05-05-2025;23:50:00;1,8; m/s
06-05-2025;00:00:00;1,7; m/s
06-05-2025;00:10:00;2,6; m/s
06-05-2025;00:20:00;1,8; m/s
06-05-2025;00:30:00;2,2; m/s
06-05-2025;00:40:00;2,2; m/s
06-05-2025;00:50:00;1,9; m/s
06-05-2025;01:00:00;1,8; m/s
06-05-2025;01:10:00;1,8; m/s
06-05-2025;01:20:00;1,9; m/s
06-05-2025;01:30:00;2,1; m/s
06-05-2025;01:40:00;2,1; m/s
06-05-2025;01:50:00;2,3; m/s
06-05-2025;02:00:00;2,3; m/s
06-05-2025;02:10:00;2,7; m/s
06-05-2025;02:20:00;2,1; m/s
06-05-2025;02:30:00;3; m/s
06-05-2025;02:40:00;3,3; m/s
06-05-2025;02:50:00;3; m/s
06-05-2025;03:00:00;2,7; m/s
06-05-2025;03:10:00;2,6; m/s
06-05-2025;03:20:00;3,1; m/s
06-05-2025;03:30:00;3; m/s
06-05-2025;03:40:00;2,8; m/s
06-05-2025;03:50:00;3,2; m/s
06-05-2025;04:00:00;2,4; m/s
06-05-2025;04:10:00;3; m/s
06-05-2025;04:20:00;2,8; m/s
06-05-2025;04:30:00;2,6; m/s
06-05-2025;04:40:00;2,8; m/s
06-05-2025;04:50:00;2,9; m/s
06-05-2025;05:00:00;3,3; m/s
06-05-2025;05:10:00;3,6; m/s
06-05-2025;05:20:00;3,3; m/s
06-05-2025;05:30:00;3,1; m/s
06-05-2025;05:40:00;3,4; m/s
06-05-2025;05:50:00;3,5; m/s
06-05-2025;06:00:00;3,3; m/s
06-05-2025;06:10:00;3,4; m/s
06-05-2025;06:20:00;3,1; m/s
06-05-2025;06:30:00;3,7; m/s
06-05-2025;06:40:00;3,4; m/s
06-05-2025;06:50:00;3,4; m/s
06-05-2025;07:00:00;2,8; m/s
06-05-2025;07:10:00;3,9; m/s
06-05-2025;07:20:00;3,9; m/s
06-05-2025;07:30:00;3,6; m/s
06-05-2025;07:40:00;3,1; m/s
06-05-2025;07:50:00;3,4; m/s
06-05-2025;08:00:00;3,4; m/s
06-05-2025;08:10:00;3,3; m/s
06-05-2025;08:20:00;3,2; m/s
06-05-2025;08:30:00;3,2; m/s
06-05-2025;08:40:00;2,6; m/s
06-05-2025;09:00:00;2,8; m/s
06-05-2025;09:10:00;3,1; m/s
06-05-2025;09:20:00;2,9; m/s
06-05-2025;09:30:00;3; m/s
06-05-2025;09:40:00;3,1; m/s
06-05-2025;09:50:00;3,1; m/s
06-05-2025;10:00:00;2,8; m/s
06-05-2025;10:10:00;3; m/s
06-05-2025;10:20:00;2,6; m/s
06-05-2025;10:30:00;2,9; m/s
06-05-2025;10:40:00;2,9; m/s
06-05-2025;10:50:00;2,9; m/s
06-05-2025;11:00:00;2,6; m/s
06-05-2025;11:10:00;3; m/s
06-05-2025;11:20:00;3,1; m/s
06-05-2025;11:30:00;3,1; m/s
06-05-2025;11:40:00;2,9; m/s
06-05-2025;11:50:00;3,1; m/s
06-05-2025;12:00:00;3,1; m/s
06-05-2025;12:10:00;3; m/s
06-05-2025;12:20:00;2,9; m/s
06-05-2025;12:30:00;2,6; m/s
06-05-2025;12:40:00;2,6; m/s
06-05-2025;12:50:00;2,7; m/s
06-05-2025;13:00:00;2,8; m/s
06-05-2025;13:10:00;2,8; m/s
06-05-2025;13:20:00;2,9; m/s
06-05-2025;13:30:00;2,6; m/s
06-05-2025;13:40:00;3; m/s
06-05-2025;13:50:00;3,3; m/s
06-05-2025;14:00:00;3,4; m/s
06-05-2025;14:10:00;4,7; m/s
06-05-2025;14:20:00;4,2; m/s
06-05-2025;14:30:00;4,1; m/s
06-05-2025;14:40:00;3,9; m/s
06-05-2025;14:50:00;3,8; m/s
06-05-2025;15:00:00;4,3; m/s
06-05-2025;15:10:00;3,6; m/s
06-05-2025;15:20:00;3,8; m/s
06-05-2025;15:30:00;4,4; m/s
06-05-2025;15:40:00;4,2; m/s
06-05-2025;15:50:00;4,3; m/s
06-05-2025;16:00:00;4,1; m/s
06-05-2025;16:10:00;4,5; m/s
06-05-2025;16:20:00;4,2; m/s
06-05-2025;16:30:00;3,8; m/s
06-05-2025;16:40:00;3,9; m/s
06-05-2025;16:50:00;4; m/s
06-05-2025;17:00:00;3,9; m/s
06-05-2025;17:10:00;4,1; m/s
06-05-2025;17:20:00;3,8; m/s
06-05-2025;17:30:00;4,2; m/s
06-05-2025;17:40:00;4,1; m/s
06-05-2025;17:50:00;4,2; m/s
06-05-2025;18:00:00;4,2; m/s
06-05-2025;18:10:00;4,4; m/s
06-05-2025;18:20:00;3,9; m/s
06-05-2025;18:30:00;3,1; m/s
06-05-2025;18:40:00;3,6; m/s
06-05-2025;18:50:00;3,7; m/s
06-05-2025;19:00:00;3; m/s
06-05-2025;19:10:00;2,5; m/s
06-05-2025;19:20:00;2,4; m/s
06-05-2025;19:30:00;2,5; m/s
06-05-2025;19:40:00;2,4; m/s
06-05-2025;19:50:00;2,3; m/s
06-05-2025;20:00:00;2,2; m/s
06-05-2025;20:10:00;2,8; m/s
06-05-2025;20:20:00;2,9; m/s
06-05-2025;20:30:00;3,3; m/s
06-05-2025;20:40:00;3; m/s
06-05-2025;20:50:00;2,9; m/s
06-05-2025;21:00:00;2,9; m/s
06-05-2025;21:10:00;3,2; m/s
06-05-2025;21:20:00;3; m/s
06-05-2025;21:30:00;2,9; m/s
06-05-2025;21:40:00;3,1; m/s
06-05-2025;21:50:00;2,8; m/s
06-05-2025;22:00:00;2,7; m/s
06-05-2025;22:10:00;3,2; m/s
06-05-2025;22:20:00;2,4; m/s
06-05-2025;22:30:00;2,1; m/s
06-05-2025;22:40:00;2,2; m/s
06-05-2025;22:50:00;2,2; m/s
06-05-2025;23:00:00;2,6; m/s
06-05-2025;23:10:00;2; m/s
06-05-2025;23:20:00;2,3; m/s
06-05-2025;23:30:00;2,3; m/s
06-05-2025;23:40:00;2,9; m/s
06-05-2025;23:50:00;2,4; m/s
07-05-2025;00:00:00;3; m/s
07-05-2025;00:10:00;1,9; m/s
07-05-2025;00:20:00;2; m/s
07-05-2025;00:30:00;2,7; m/s
07-05-2025;00:40:00;3; m/s
07-05-2025;00:50:00;2,9; m/s
07-05-2025;01:00:00;2,9; m/s
07-05-2025;01:10:00;3; m/s
07-05-2025;01:20:00;3,1; m/s
07-05-2025;01:30:00;2,9; m/s
07-05-2025;01:40:00;2,9; m/s
07-05-2025;01:50:00;3,4; m/s
07-05-2025;02:00:00;2,9; m/s
07-05-2025;02:10:00;3,2; m/s
07-05-2025;02:20:00;3,2; m/s
07-05-2025;02:30:00;3; m/s
07-05-2025;02:40:00;2,1; m/s
07-05-2025;02:50:00;2,2; m/s
07-05-2025;03:00:00;2,3; m/s
07-05-2025;03:10:00;2,2; m/s
07-05-2025;03:20:00;2; m/s
07-05-2025;03:30:00;2,1; m/s
07-05-2025;03:40:00;1,6; m/s
07-05-2025;03:50:00;1,2; m/s
07-05-2025;04:00:00;1; m/s
07-05-2025;04:10:00;0,7; m/s
07-05-2025;04:20:00;0,8; m/s
07-05-2025;04:30:00;0,9; m/s
07-05-2025;04:40:00;1,1; m/s
07-05-2025;04:50:00;1,1; m/s
07-05-2025;05:00:00;1,3; m/s
07-05-2025;05:10:00;1,1; m/s
07-05-2025;05:20:00;1,7; m/s
07-05-2025;05:30:00;1,3; m/s
07-05-2025;05:40:00;1,5; m/s
07-05-2025;05:50:00;0,6; m/s
07-05-2025;06:00:00;0,8; m/s
07-05-2025;06:10:00;1,1; m/s
07-05-2025;06:20:00;1,5; m/s
07-05-2025;06:30:00;1,8; m/s
07-05-2025;06:40:00;1,7; m/s
07-05-2025;06:50:00;1,7; m/s
07-05-2025;07:00:00;2,4; m/s
07-05-2025;07:10:00;1,3; m/s
07-05-2025;07:20:00;0,8; m/s
07-05-2025;07:30:00;1,4; m/s
07-05-2025;07:40:00;1,3; m/s
07-05-2025;07:50:00;1,3; m/s
07-05-2025;08:00:00;1,8; m/s
07-05-2025;08:10:00;1,5; m/s
07-05-2025;08:20:00;1,5; m/s
07-05-2025;08:30:00;1,7; m/s
07-05-2025;08:40:00;1,8; m/s
07-05-2025;08:50:00;1,4; m/s
07-05-2025;09:00:00;1,8; m/s
07-05-2025;09:10:00;1,9; m/s
07-05-2025;09:20:00;1,8; m/s
07-05-2025;09:30:00;2; m/s
07-05-2025;09:40:00;2,1; m/s
07-05-2025;09:50:00;2,3; m/s
07-05-2025;10:00:00;2; m/s
07-05-2025;10:10:00;1,9; m/s
07-05-2025;10:20:00;2,2; m/s
07-05-2025;10:30:00;2,3; m/s
07-05-2025;10:40:00;2,1; m/s
07-05-2025;10:50:00;2,1; m/s
07-05-2025;11:00:00;1,9; m/s
07-05-2025;11:10:00;2,3; m/s
07-05-2025;11:20:00;2,2; m/s
07-05-2025;11:30:00;2,2; m/s
07-05-2025;11:40:00;2,2; m/s
07-05-2025;11:50:00;2,4; m/s
07-05-2025;12:00:00;2,7; m/s
07-05-2025;12:10:00;2,4; m/s
07-05-2025;12:20:00;2,4; m/s
07-05-2025;12:30:00;2,7; m/s
07-05-2025;12:40:00;2,7; m/s
07-05-2025;12:50:00;2,9; m/s
07-05-2025;13:00:00;2,8; m/s
07-05-2025;13:10:00;3; m/s
07-05-2025;13:20:00;3; m/s
07-05-2025;13:30:00;2,9; m/s
07-05-2025;13:40:00;3,2; m/s
07-05-2025;13:50:00;3,3; m/s
07-05-2025;14:00:00;2,7; m/s
07-05-2025;14:10:00;3,1; m/s
07-05-2025;14:20:00;2,8; m/s
07-05-2025;14:30:00;2,8; m/s
07-05-2025;14:40:00;2,9; m/s
07-05-2025;14:50:00;3,2; m/s
07-05-2025;15:00:00;3,3; m/s
07-05-2025;15:10:00;2,7; m/s
07-05-2025;15:20:00;3; m/s
07-05-2025;15:30:00;2,6; m/s
07-05-2025;15:40:00;2,3; m/s
07-05-2025;15:50:00;2,2; m/s
07-05-2025;16:00:00;2,4; m/s
07-05-2025;16:10:00;2,9; m/s
07-05-2025;16:20:00;2,5; m/s
07-05-2025;16:30:00;2,7; m/s
07-05-2025;16:40:00;2,9; m/s
07-05-2025;16:50:00;2,7; m/s
07-05-2025;17:00:00;2,8; m/s
07-05-2025;17:10:00;3; m/s
07-05-2025;17:20:00;3,3; m/s
07-05-2025;17:30:00;3,8; m/s
07-05-2025;17:40:00;4,2; m/s
07-05-2025;17:50:00;3,9; m/s
07-05-2025;18:00:00;4; m/s
07-05-2025;18:10:00;3,3; m/s
07-05-2025;18:20:00;2,9; m/s
07-05-2025;18:30:00;3,6; m/s
07-05-2025;18:40:00;3,5; m/s
07-05-2025;18:50:00;3,6; m/s
07-05-2025;19:00:00;6,5; m/s
07-05-2025;19:10:00;6,9; m/s
07-05-2025;19:20:00;6; m/s
07-05-2025;19:30:00;7,4; m/s
07-05-2025;19:40:00;8,8; m/s
07-05-2025;19:50:00;6,5; m/s
07-05-2025;20:00:00;8,2; m/s
07-05-2025;20:10:00;8,4; m/s
07-05-2025;20:20:00;9; m/s
07-05-2025;20:30:00;8,5; m/s
07-05-2025;20:40:00;8,2; m/s
07-05-2025;20:50:00;9,1; m/s
07-05-2025;21:00:00;8,9; m/s
07-05-2025;21:10:00;8,9; m/s
07-05-2025;21:20:00;8,5; m/s
07-05-2025;21:30:00;7,7; m/s
07-05-2025;21:40:00;8,6; m/s
07-05-2025;21:50:00;9; m/s
07-05-2025;22:00:00;8,2; m/s
07-05-2025;22:10:00;7,2; m/s
07-05-2025;22:20:00;7; m/s
07-05-2025;22:30:00;7,2; m/s
07-05-2025;22:40:00;7,1; m/s
07-05-2025;22:50:00;7,5; m/s
07-05-2025;23:00:00;7,7; m/s
07-05-2025;23:10:00;7,7; m/s
07-05-2025;23:20:00;6,8; m/s
07-05-2025;23:30:00;4,9; m/s
07-05-2025;23:40:00;4,1; m/s
07-05-2025;23:50:00;4,2; m/s
08-05-2025;00:00:00;3,9; m/s
08-05-2025;00:10:00;3,9; m/s
08-05-2025;00:20:00;4,1; m/s
08-05-2025;00:30:00;4; m/s
08-05-2025;00:40:00;4,7; m/s
08-05-2025;00:50:00;7,1; m/s
08-05-2025;01:00:00;7,4; m/s
08-05-2025;01:10:00;7,2; m/s
08-05-2025;01:20:00;8; m/s
08-05-2025;01:30:00;6,8; m/s
08-05-2025;01:40:00;6,7; m/s
08-05-2025;01:50:00;5,6; m/s
08-05-2025;02:00:00;4,9; m/s
08-05-2025;02:10:00;3,6; m/s
08-05-2025;02:20:00;4,1; m/s
08-05-2025;02:30:00;4,9; m/s
08-05-2025;02:40:00;4,6; m/s
08-05-2025;02:50:00;4,9; m/s
08-05-2025;03:00:00;6,9; m/s
08-05-2025;03:10:00;8,4; m/s
08-05-2025;03:20:00;8,1; m/s
08-05-2025;03:30:00;7,9; m/s
08-05-2025;03:40:00;6,9; m/s
08-05-2025;03:50:00;5,8; m/s
08-05-2025;04:00:00;4,8; m/s
08-05-2025;04:10:00;4,7; m/s
08-05-2025;04:20:00;4; m/s
08-05-2025;04:30:00;4,4; m/s
08-05-2025;04:40:00;4,7; m/s
08-05-2025;04:50:00;4,4; m/s
08-05-2025;05:00:00;5,1; m/s
08-05-2025;05:10:00;3,9; m/s
08-05-2025;05:20:00;4,9; m/s
08-05-2025;05:30:00;4,3; m/s
08-05-2025;05:40:00;5,5; m/s
08-05-2025;05:50:00;5,2; m/s
08-05-2025;06:00:00;5,7; m/s
08-05-2025;06:10:00;5,6; m/s
08-05-2025;06:20:00;4,7; m/s
08-05-2025;06:30:00;2,5; m/s
08-05-2025;06:40:00;5,4; m/s
08-05-2025;06:50:00;5,2; m/s
08-05-2025;07:00:00;5; m/s
08-05-2025;07:10:00;4,3; m/s
08-05-2025;07:20:00;4,6; m/s
08-05-2025;07:30:00;4,1; m/s
08-05-2025;07:40:00;4,6; m/s
08-05-2025;07:50:00;5,1; m/s
08-05-2025;08:00:00;4,8; m/s
08-05-2025;08:10:00;5,1; m/s
08-05-2025;08:20:00;5,3; m/s
08-05-2025;08:30:00;4,3; m/s
08-05-2025;08:40:00;4,7; m/s
08-05-2025;08:50:00;4,1; m/s
08-05-2025;09:00:00;4,3; m/s
08-05-2025;09:10:00;4,2; m/s
08-05-2025;09:20:00;4,3; m/s
08-05-2025;09:30:00;4,6; m/s
08-05-2025;09:40:00;4; m/s
08-05-2025;09:50:00;4,1; m/s
08-05-2025;10:00:00;4,4; m/s
08-05-2025;10:10:00;4,5; m/s
08-05-2025;10:20:00;4,5; m/s
08-05-2025;10:30:00;4,1; m/s
08-05-2025;10:40:00;4; m/s
08-05-2025;10:50:00;3,9; m/s
08-05-2025;11:00:00;3,1; m/s
08-05-2025;11:10:00;3,1; m/s
08-05-2025;11:20:00;3,1; m/s
08-05-2025;11:30:00;3,4; m/s
08-05-2025;11:40:00;3; m/s
08-05-2025;11:50:00;3,7; m/s
08-05-2025;12:00:00;4,1; m/s
08-05-2025;12:10:00;4,2; m/s
08-05-2025;12:20:00;3,7; m/s
08-05-2025;12:30:00;2,8; m/s
08-05-2025;12:40:00;2,5; m/s
08-05-2025;12:50:00;2,8; m/s
08-05-2025;13:00:00;2,9; m/s
08-05-2025;13:10:00;3; m/s
08-05-2025;13:20:00;3; m/s
08-05-2025;13:30:00;2,2; m/s
08-05-2025;13:40:00;2,3; m/s
08-05-2025;13:50:00;2,7; m/s
08-05-2025;14:00:00;2,8; m/s
08-05-2025;14:10:00;2,8; m/s
08-05-2025;14:20:00;2,5; m/s
08-05-2025;14:30:00;2,5; m/s
08-05-2025;14:40:00;2,6; m/s
08-05-2025;14:50:00;2,8; m/s
08-05-2025;15:00:00;2,7; m/s
08-05-2025;15:10:00;2,1; m/s
08-05-2025;15:20:00;2,6; m/s
08-05-2025;15:30:00;2,5; m/s
08-05-2025;15:40:00;3,1; m/s
08-05-2025;15:50:00;3,4; m/s
08-05-2025;16:00:00;3,7; m/s
08-05-2025;16:10:00;3,7; m/s
08-05-2025;16:20:00;3,7; m/s
08-05-2025;16:30:00;3,8; m/s
08-05-2025;16:40:00;3,5; m/s
08-05-2025;16:50:00;3,5; m/s
08-05-2025;17:00:00;3,7; m/s
08-05-2025;17:10:00;3,3; m/s
08-05-2025;17:20:00;3,1; m/s
08-05-2025;17:30:00;3,3; m/s
08-05-2025;17:40:00;2,6; m/s
08-05-2025;17:50:00;2,7; m/s
08-05-2025;18:00:00;3; m/s
08-05-2025;18:10:00;2,7; m/s
08-05-2025;18:20:00;3; m/s
08-05-2025;18:30:00;3,2; m/s
08-05-2025;18:40:00;3,1; m/s
08-05-2025;18:50:00;3,2; m/s
08-05-2025;19:00:00;3,5; m/s
08-05-2025;19:10:00;3,3; m/s
08-05-2025;19:20:00;4,3; m/s
08-05-2025;19:30:00;3,6; m/s
08-05-2025;19:40:00;3,1; m/s
08-05-2025;19:50:00;3,7; m/s
08-05-2025;20:00:00;4; m/s
08-05-2025;20:10:00;3; m/s
08-05-2025;20:20:00;4; m/s
08-05-2025;20:30:00;3,5; m/s
08-05-2025;20:40:00;4,1; m/s
08-05-2025;20:50:00;3,7; m/s
08-05-2025;21:00:00;4,3; m/s
08-05-2025;21:10:00;3; m/s
08-05-2025;21:20:00;4,1; m/s
08-05-2025;21:30:00;3,5; m/s
08-05-2025;21:40:00;4; m/s
08-05-2025;21:50:00;3,6; m/s
08-05-2025;22:00:00;3,3; m/s
08-05-2025;22:10:00;3,3; m/s
08-05-2025;22:20:00;3,6; m/s
08-05-2025;22:30:00;3,5; m/s
08-05-2025;22:40:00;3,3; m/s
08-05-2025;22:50:00;3,2; m/s
08-05-2025;23:00:00;3; m/s
08-05-2025;23:10:00;3,1; m/s
08-05-2025;23:20:00;3; m/s
08-05-2025;23:30:00;3; m/s
08-05-2025;23:40:00;2,5; m/s
08-05-2025;23:50:00;2,4; m/s
09-05-2025;00:00:00;2,5; m/s
09-05-2025;00:10:00;2,5; m/s
09-05-2025;00:20:00;2,7; m/s
09-05-2025;00:30:00;2,6; m/s
09-05-2025;00:40:00;2,4; m/s
09-05-2025;00:50:00;2,6; m/s
09-05-2025;01:00:00;2,9; m/s
09-05-2025;01:10:00;2,5; m/s
09-05-2025;01:20:00;2,5; m/s
09-05-2025;01:30:00;2,5; m/s
09-05-2025;01:40:00;2,4; m/s
09-05-2025;01:50:00;2,2; m/s
09-05-2025;02:00:00;1,9; m/s
09-05-2025;02:10:00;2,1; m/s
09-05-2025;02:20:00;2; m/s
09-05-2025;02:30:00;2,1; m/s
09-05-2025;02:40:00;2,6; m/s
09-05-2025;02:50:00;1,9; m/s
09-05-2025;03:00:00;1,9; m/s
09-05-2025;03:10:00;1,4; m/s
09-05-2025;03:20:00;2,3; m/s
09-05-2025;03:30:00;2,5; m/s
09-05-2025;03:40:00;2,4; m/s
09-05-2025;03:50:00;2,6; m/s
09-05-2025;04:00:00;2,9; m/s
09-05-2025;04:10:00;2,1; m/s
09-05-2025;04:20:00;1,8; m/s
09-05-2025;04:30:00;2,4; m/s
09-05-2025;04:40:00;2; m/s
09-05-2025;04:50:00;1,6; m/s
09-05-2025;05:00:00;0,7; m/s
09-05-2025;05:10:00;0,6; m/s
09-05-2025;05:20:00;1,3; m/s
09-05-2025;05:30:00;1,9; m/s
09-05-2025;05:40:00;2,6; m/s
09-05-2025;05:50:00;2,2; m/s
09-05-2025;06:00:00;3,1; m/s
09-05-2025;06:10:00;3,1; m/s
09-05-2025;06:20:00;2,9; m/s
09-05-2025;06:30:00;2,8; m/s
09-05-2025;06:40:00;2,4; m/s
09-05-2025;06:50:00;2,2; m/s
09-05-2025;07:00:00;1; m/s
09-05-2025;07:10:00;0,7; m/s
09-05-2025;07:20:00;1; m/s
09-05-2025;07:30:00;0,7; m/s
09-05-2025;07:40:00;1,1; m/s
09-05-2025;07:50:00;1,4; m/s
09-05-2025;08:00:00;1,4; m/s
09-05-2025;08:10:00;1,4; m/s
09-05-2025;08:20:00;1,3; m/s
09-05-2025;08:30:00;1; m/s
09-05-2025;08:40:00;1; m/s
09-05-2025;08:50:00;1; m/s
09-05-2025;09:00:00;1,9; m/s
09-05-2025;09:10:00;2,1; m/s
09-05-2025;09:20:00;2,5; m/s
09-05-2025;09:30:00;3; m/s
09-05-2025;09:40:00;3,2; m/s
09-05-2025;09:50:00;2,8; m/s
09-05-2025;10:00:00;3; m/s
09-05-2025;10:10:00;3,3; m/s
09-05-2025;10:20:00;4,7; m/s
09-05-2025;10:30:00;5,9; m/s
09-05-2025;10:40:00;7,3; m/s
09-05-2025;10:50:00;6,3; m/s
09-05-2025;11:00:00;6,8; m/s
09-05-2025;11:10:00;6,9; m/s
09-05-2025;11:20:00;6,4; m/s
09-05-2025;11:30:00;6,2; m/s
09-05-2025;11:40:00;6,1; m/s
09-05-2025;11:50:00;6,4; m/s
09-05-2025;12:00:00;5,8; m/s
09-05-2025;12:10:00;6,8; m/s
09-05-2025;12:20:00;6,1; m/s
09-05-2025;12:30:00;6; m/s
09-05-2025;12:40:00;5,6; m/s
09-05-2025;12:50:00;5,7; m/s
09-05-2025;13:00:00;5,3; m/s
09-05-2025;13:10:00;5,2; m/s
09-05-2025;13:20:00;5,1; m/s
09-05-2025;13:30:00;4,8; m/s
09-05-2025;13:40:00;5; m/s
09-05-2025;13:50:00;5,1; m/s
09-05-2025;14:00:00;5,4; m/s
09-05-2025;14:10:00;5,6; m/s
09-05-2025;14:20:00;5,9; m/s
09-05-2025;14:30:00;5,7; m/s
09-05-2025;14:40:00;6,5; m/s
09-05-2025;14:50:00;7,1; m/s
09-05-2025;15:00:00;6,9; m/s
09-05-2025;15:10:00;7,2; m/s
09-05-2025;15:20:00;7,5; m/s
09-05-2025;15:30:00;7; m/s
09-05-2025;15:40:00;6,9; m/s
09-05-2025;15:50:00;7,2; m/s
09-05-2025;16:00:00;7,4; m/s
09-05-2025;16:10:00;7,2; m/s
09-05-2025;16:20:00;7,5; m/s
09-05-2025;16:30:00;7,4; m/s
09-05-2025;16:40:00;7,6; m/s
09-05-2025;16:50:00;7,1; m/s
09-05-2025;17:00:00;6,8; m/s
09-05-2025;17:10:00;7,2; m/s
09-05-2025;17:20:00;7,6; m/s
09-05-2025;17:30:00;7,5; m/s
09-05-2025;17:40:00;7; m/s
09-05-2025;17:50:00;7,4; m/s
09-05-2025;18:00:00;6,7; m/s
09-05-2025;18:10:00;6,5; m/s
09-05-2025;18:20:00;8,3; m/s
09-05-2025;18:30:00;7,8; m/s
09-05-2025;18:40:00;6,8; m/s
09-05-2025;18:50:00;6,6; m/s
09-05-2025;19:00:00;5,9; m/s
09-05-2025;19:10:00;6; m/s
09-05-2025;19:20:00;5,4; m/s
09-05-2025;19:30:00;5,3; m/s
09-05-2025;19:40:00;4,8; m/s
09-05-2025;19:50:00;4,1; m/s
09-05-2025;20:00:00;4,1; m/s
09-05-2025;20:10:00;3,7; m/s
09-05-2025;20:20:00;3,3; m/s
09-05-2025;20:30:00;3,6; m/s
09-05-2025;20:40:00;1,7; m/s
09-05-2025;20:50:00;1,7; m/s
09-05-2025;21:00:00;0,9; m/s
09-05-2025;21:10:00;1; m/s
09-05-2025;21:20:00;1; m/s
09-05-2025;21:30:00;0,8; m/s
09-05-2025;21:40:00;1,6; m/s
09-05-2025;21:50:00;1,1; m/s
09-05-2025;22:00:00;1,4; m/s
09-05-2025;22:10:00;1,8; m/s
09-05-2025;22:20:00;2; m/s
09-05-2025;22:30:00;3,1; m/s
09-05-2025;22:40:00;2,4; m/s
09-05-2025;22:50:00;3,3; m/s
09-05-2025;23:00:00;3; m/s
09-05-2025;23:10:00;2,8; m/s
09-05-2025;23:20:00;2; m/s
09-05-2025;23:30:00;2,8; m/s
09-05-2025;23:40:00;3,3; m/s
09-05-2025;23:50:00;3,2; m/s
10-05-2025;00:00:00;2,7; m/s
10-05-2025;00:10:00;3,5; m/s
10-05-2025;00:20:00;4; m/s
10-05-2025;00:30:00;3,5; m/s
10-05-2025;00:40:00;2,7; m/s
10-05-2025;00:50:00;3,2; m/s
10-05-2025;01:00:00;2,7; m/s
10-05-2025;01:10:00;2,7; m/s
10-05-2025;01:20:00;2,4; m/s
10-05-2025;01:30:00;2,5; m/s
10-05-2025;01:40:00;2,5; m/s
10-05-2025;01:50:00;2,8; m/s
10-05-2025;02:00:00;2,6; m/s
10-05-2025;02:10:00;2,3; m/s
10-05-2025;02:20:00;2,2; m/s
10-05-2025;02:30:00;2,6; m/s
10-05-2025;02:40:00;2,4; m/s
10-05-2025;02:50:00;2,7; m/s
10-05-2025;03:00:00;2,8; m/s
10-05-2025;03:10:00;3,4; m/s
10-05-2025;03:20:00;3,4; m/s
10-05-2025;03:30:00;3,6; m/s
10-05-2025;03:40:00;3,1; m/s
10-05-2025;03:50:00;2,5; m/s
10-05-2025;04:00:00;2,7; m/s
10-05-2025;04:10:00;2,1; m/s
10-05-2025;04:20:00;2; m/s
10-05-2025;04:30:00;1,8; m/s
10-05-2025;04:40:00;2; m/s
10-05-2025;04:50:00;2,2; m/s
10-05-2025;05:00:00;2,2; m/s
10-05-2025;05:10:00;2,6; m/s
10-05-2025;05:20:00;3,2; m/s
10-05-2025;05:30:00;2,6; m/s
10-05-2025;05:40:00;2,5; m/s
10-05-2025;05:50:00;2,8; m/s
10-05-2025;06:00:00;2,5; m/s
10-05-2025;06:10:00;2,4; m/s
10-05-2025;06:20:00;2,4; m/s
10-05-2025;06:30:00;2,1; m/s
10-05-2025;06:40:00;2,2; m/s
10-05-2025;06:50:00;1,6; m/s
10-05-2025;07:00:00;2; m/s
10-05-2025;07:10:00;2,4; m/s
10-05-2025;07:20:00;2,4; m/s
10-05-2025;07:30:00;2,5; m/s
10-05-2025;07:40:00;2,2; m/s
10-05-2025;07:50:00;2,3; m/s
10-05-2025;08:00:00;2,2; m/s
10-05-2025;08:10:00;1,9; m/s
10-05-2025;08:20:00;1,8; m/s
10-05-2025;08:30:00;1,7; m/s
10-05-2025;08:40:00;1,4; m/s
10-05-2025;08:50:00;1,4; m/s
10-05-2025;09:00:00;1,6; m/s
10-05-2025;09:10:00;1,6; m/s
10-05-2025;09:20:00;1,5; m/s
10-05-2025;09:30:00;1,6; m/s
10-05-2025;09:40:00;1,8; m/s
10-05-2025;09:50:00;1,8; m/s
10-05-2025;10:00:00;2; m/s
10-05-2025;10:10:00;2,1; m/s
10-05-2025;10:20:00;2; m/s
10-05-2025;10:30:00;2; m/s
10-05-2025;10:40:00;2; m/s
10-05-2025;10:50:00;2,2; m/s
10-05-2025;11:00:00;2,1; m/s
10-05-2025;11:10:00;2,1; m/s
10-05-2025;11:20:00;2,5; m/s
10-05-2025;11:30:00;2,2; m/s
10-05-2025;11:40:00;2,4; m/s
10-05-2025;11:50:00;2,3; m/s
10-05-2025;12:00:00;2,3; m/s
10-05-2025;12:10:00;2,9; m/s
10-05-2025;12:20:00;3,2; m/s
10-05-2025;12:30:00;4,1; m/s
10-05-2025;12:40:00;5,9; m/s
10-05-2025;12:50:00;6,3; m/s
10-05-2025;13:00:00;6; m/s
10-05-2025;13:10:00;6; m/s
10-05-2025;13:20:00;5,2; m/s
10-05-2025;13:30:00;4,9; m/s
10-05-2025;13:40:00;4,5; m/s
10-05-2025;13:50:00;4,9; m/s
10-05-2025;14:00:00;5,1; m/s
10-05-2025;14:20:00;5,2; m/s
10-05-2025;14:30:00;5; m/s
10-05-2025;14:40:00;3,6; m/s
10-05-2025;14:50:00;4,4; m/s
10-05-2025;15:00:00;5,5; m/s
10-05-2025;15:10:00;6,5; m/s
10-05-2025;15:20:00;6,9; m/s
10-05-2025;15:30:00;6,3; m/s
10-05-2025;15:40:00;4,8; m/s
10-05-2025;15:50:00;6,5; m/s
10-05-2025;16:00:00;7,5; m/s
10-05-2025;16:10:00;7,7; m/s
10-05-2025;16:20:00;7,8; m/s
10-05-2025;16:30:00;8; m/s
10-05-2025;16:40:00;7,7; m/s
10-05-2025;16:50:00;5,5; m/s
10-05-2025;17:00:00;7,7; m/s
10-05-2025;17:10:00;4,2; m/s
10-05-2025;17:20:00;6,5; m/s
10-05-2025;17:30:00;6,6; m/s
10-05-2025;17:40:00;6,5; m/s
10-05-2025;17:50:00;4,4; m/s
10-05-2025;18:00:00;2,4; m/s
10-05-2025;18:10:00;2,4; m/s
10-05-2025;18:20:00;2,3; m/s
10-05-2025;18:30:00;2,5; m/s
10-05-2025;18:40:00;2,3; m/s
10-05-2025;18:50:00;2,8; m/s
10-05-2025;19:00:00;2,8; m/s
10-05-2025;19:10:00;3; m/s
10-05-2025;19:20:00;2,7; m/s
10-05-2025;19:30:00;2,7; m/s
10-05-2025;19:40:00;3,1; m/s
10-05-2025;19:50:00;3,3; m/s
10-05-2025;20:00:00;3,1; m/s
10-05-2025;20:10:00;2,9; m/s
10-05-2025;20:20:00;3,3; m/s
10-05-2025;20:30:00;3,2; m/s
10-05-2025;20:40:00;3,1; m/s
10-05-2025;20:50:00;2,7; m/s
10-05-2025;21:00:00;2,2; m/s
10-05-2025;21:10:00;2,2; m/s
10-05-2025;21:20:00;2,6; m/s
10-05-2025;21:30:00;1,8; m/s
10-05-2025;21:40:00;1,3; m/s
10-05-2025;21:50:00;1; m/s
10-05-2025;22:00:00;1,2; m/s
10-05-2025;22:10:00;2,4; m/s
10-05-2025;22:20:00;2,5; m/s
10-05-2025;22:30:00;2,5; m/s
10-05-2025;22:40:00;2,6; m/s
10-05-2025;22:50:00;2,8; m/s
10-05-2025;23:00:00;3; m/s
10-05-2025;23:10:00;2,7; m/s
10-05-2025;23:20:00;3; m/s
10-05-2025;23:30:00;2,5; m/s
10-05-2025;23:40:00;2,1; m/s
10-05-2025;23:50:00;1,6; m/s
11-05-2025;00:00:00;2,2; m/s
11-05-2025;00:10:00;2,3; m/s
11-05-2025;00:20:00;2,6; m/s
11-05-2025;00:30:00;2,6; m/s
11-05-2025;00:40:00;2,5; m/s
11-05-2025;00:50:00;2,9; m/s
11-05-2025;01:00:00;2,5; m/s
11-05-2025;01:10:00;2,3; m/s
11-05-2025;01:20:00;1,3; m/s
11-05-2025;01:30:00;1,5; m/s
11-05-2025;01:40:00;1,6; m/s
11-05-2025;01:50:00;2,3; m/s
11-05-2025;02:00:00;2,2; m/s
11-05-2025;02:10:00;1,6; m/s
11-05-2025;02:20:00;1,3; m/s
11-05-2025;02:30:00;1,7; m/s
11-05-2025;02:40:00;2,4; m/s
11-05-2025;02:50:00;2,1; m/s
11-05-2025;03:00:00;2,2; m/s
11-05-2025;03:10:00;2; m/s
11-05-2025;03:20:00;2,5; m/s
11-05-2025;03:30:00;2,3; m/s
11-05-2025;03:40:00;2,5; m/s
11-05-2025;03:50:00;1,8; m/s
11-05-2025;04:00:00;1,6; m/s
11-05-2025;04:10:00;1,8; m/s
11-05-2025;04:20:00;1,6; m/s
11-05-2025;04:30:00;2,3; m/s
11-05-2025;04:40:00;2,5; m/s
11-05-2025;04:50:00;2,5; m/s
11-05-2025;05:00:00;1,7; m/s
11-05-2025;05:10:00;2; m/s
11-05-2025;05:20:00;2; m/s
11-05-2025;05:30:00;2,1; m/s
11-05-2025;05:40:00;2; m/s
11-05-2025;05:50:00;1,8; m/s
11-05-2025;06:00:00;2,1; m/s
11-05-2025;06:10:00;1,9; m/s
11-05-2025;06:20:00;1,4; m/s
11-05-2025;06:30:00;1,1; m/s
11-05-2025;06:40:00;1,3; m/s
11-05-2025;06:50:00;1,2; m/s
11-05-2025;07:00:00;1,7; m/s
11-05-2025;07:10:00;1,8; m/s
11-05-2025;07:20:00;0,6; m/s
11-05-2025;07:30:00;0,6; m/s
11-05-2025;07:40:00;0,9; m/s
11-05-2025;07:50:00;1,2; m/s
11-05-2025;08:00:00;0,9; m/s
11-05-2025;08:10:00;1,1; m/s
11-05-2025;08:20:00;1,4; m/s
11-05-2025;08:30:00;1,3; m/s
11-05-2025;08:40:00;1,1; m/s
11-05-2025;08:50:00;1,1; m/s
11-05-2025;09:00:00;1,1; m/s
11-05-2025;09:10:00;1,3; m/s
11-05-2025;09:20:00;1,4; m/s
11-05-2025;09:30:00;1,4; m/s
11-05-2025;09:40:00;1,3; m/s
11-05-2025;09:50:00;1,3; m/s
11-05-2025;10:00:00;1,5; m/s
11-05-2025;10:10:00;1,4; m/s
11-05-2025;10:20:00;1,5; m/s
11-05-2025;10:30:00;1,1; m/s
11-05-2025;10:40:00;1,4; m/s
11-05-2025;10:50:00;1,1; m/s
11-05-2025;11:00:00;1,4; m/s
11-05-2025;11:10:00;1,2; m/s
11-05-2025;11:20:00;1,4; m/s
11-05-2025;11:30:00;1,3; m/s
11-05-2025;11:40:00;1,5; m/s
11-05-2025;11:50:00;1,6; m/s
11-05-2025;12:00:00;1,6; m/s
11-05-2025;12:10:00;1,5; m/s
11-05-2025;12:20:00;1,7; m/s
11-05-2025;12:30:00;1,8; m/s
11-05-2025;12:40:00;2,4; m/s
11-05-2025;12:50:00;2,7; m/s
11-05-2025;13:00:00;3; m/s
11-05-2025;13:10:00;3,4; m/s
11-05-2025;13:20:00;2,7; m/s
11-05-2025;13:30:00;2,3; m/s
11-05-2025;13:40:00;2,4; m/s
11-05-2025;13:50:00;2,2; m/s
11-05-2025;14:00:00;2,1; m/s
11-05-2025;14:10:00;2; m/s
11-05-2025;14:20:00;1,6; m/s
11-05-2025;14:30:00;1,8; m/s
11-05-2025;14:40:00;1,5; m/s
11-05-2025;14:50:00;1,5; m/s
11-05-2025;15:00:00;1,6; m/s
11-05-2025;15:10:00;1,2; m/s
11-05-2025;15:20:00;1,8; m/s
11-05-2025;15:30:00;1,3; m/s
11-05-2025;15:40:00;1,8; m/s
11-05-2025;15:50:00;1,3; m/s
11-05-2025;16:00:00;1,4; m/s
11-05-2025;16:10:00;1,4; m/s
11-05-2025;16:20:00;1; m/s
11-05-2025;16:30:00;1,1; m/s
11-05-2025;16:40:00;1,3; m/s
11-05-2025;16:50:00;1,3; m/s
11-05-2025;17:00:00;1,1; m/s
11-05-2025;17:10:00;1,6; m/s
11-05-2025;17:20:00;2,3; m/s
11-05-2025;17:30:00;2,1; m/s
11-05-2025;17:40:00;1,7; m/s
11-05-2025;17:50:00;1,1; m/s
11-05-2025;18:00:00;1,3; m/s
11-05-2025;18:10:00;1,4; m/s
11-05-2025;18:20:00;1,5; m/s
11-05-2025;18:30:00;1,7; m/s
11-05-2025;18:40:00;1,5; m/s
11-05-2025;18:50:00;1,4; m/s
11-05-2025;19:00:00;1,7; m/s
11-05-2025;19:10:00;1,9; m/s
11-05-2025;19:20:00;2; m/s
11-05-2025;19:30:00;2; m/s
11-05-2025;19:40:00;2,3; m/s
11-05-2025;19:50:00;2,2; m/s
11-05-2025;20:00:00;2,3; m/s
11-05-2025;20:10:00;2,8; m/s
11-05-2025;20:20:00;2,3; m/s
11-05-2025;20:30:00;2,3; m/s
11-05-2025;20:40:00;3,2; m/s
11-05-2025;20:50:00;2,5; m/s
11-05-2025;21:00:00;1,4; m/s
11-05-2025;21:10:00;1,7; m/s
11-05-2025;21:20:00;3,1; m/s
11-05-2025;21:30:00;3; m/s
11-05-2025;21:40:00;2,9; m/s
11-05-2025;21:50:00;2,7; m/s
11-05-2025;22:00:00;1,9; m/s
11-05-2025;22:10:00;2,1; m/s
11-05-2025;22:20:00;2,4; m/s
11-05-2025;22:30:00;2,5; m/s
11-05-2025;22:40:00;2,7; m/s
11-05-2025;22:50:00;2,3; m/s
11-05-2025;23:00:00;2,2; m/s
11-05-2025;23:10:00;2,2; m/s
11-05-2025;23:20:00;2,5; m/s
11-05-2025;23:30:00;2,2; m/s
11-05-2025;23:40:00;2,6; m/s
11-05-2025;23:50:00;2,7; m/s
12-05-2025;00:00:00;2,8; m/s
12-05-2025;00:10:00;3; m/s
12-05-2025;00:20:00;2,7; m/s
12-05-2025;00:30:00;2,6; m/s
12-05-2025;00:40:00;2,5; m/s
12-05-2025;00:50:00;3,5; m/s
12-05-2025;01:00:00;3,3; m/s
12-05-2025;01:10:00;3,4; m/s
12-05-2025;01:20:00;3; m/s
12-05-2025;01:30:00;3; m/s
12-05-2025;01:40:00;2,9; m/s
12-05-2025;01:50:00;3,2; m/s
12-05-2025;02:00:00;3,7; m/s
12-05-2025;02:10:00;4,2; m/s
12-05-2025;02:20:00;4,4; m/s
12-05-2025;02:30:00;4,2; m/s
12-05-2025;02:40:00;3,8; m/s
12-05-2025;02:50:00;3,8; m/s
12-05-2025;03:00:00;3,7; m/s
12-05-2025;03:10:00;4; m/s
12-05-2025;03:20:00;4,2; m/s
12-05-2025;03:30:00;3,9; m/s
12-05-2025;03:40:00;3,6; m/s
12-05-2025;03:50:00;3,2; m/s
12-05-2025;04:00:00;2,8; m/s
12-05-2025;04:10:00;2,9; m/s
12-05-2025;04:20:00;2,6; m/s
12-05-2025;04:30:00;2,9; m/s
12-05-2025;04:40:00;2,4; m/s
12-05-2025;04:50:00;2,6; m/s
12-05-2025;05:00:00;3,4; m/s
12-05-2025;05:10:00;3,3; m/s
12-05-2025;05:20:00;3,1; m/s
12-05-2025;05:30:00;2,7; m/s
12-05-2025;05:40:00;2,2; m/s
12-05-2025;05:50:00;1,5; m/s
12-05-2025;06:00:00;1,5; m/s
12-05-2025;06:10:00;1,3; m/s
12-05-2025;06:20:00;0,8; m/s
12-05-2025;06:30:00;1; m/s
12-05-2025;06:40:00;1,2; m/s
12-05-2025;06:50:00;1,5; m/s
12-05-2025;07:00:00;1,1; m/s
12-05-2025;07:10:00;0,6; m/s
12-05-2025;07:20:00;1; m/s
12-05-2025;07:30:00;1,3; m/s
12-05-2025;07:40:00;1,7; m/s
12-05-2025;07:50:00;1,9; m/s
12-05-2025;08:00:00;1,9; m/s
12-05-2025;08:10:00;2,2; m/s
12-05-2025;08:20:00;2,8; m/s
12-05-2025;08:30:00;2,6; m/s
12-05-2025;08:40:00;3,1; m/s
12-05-2025;08:50:00;3; m/s
12-05-2025;09:00:00;4,3; m/s
12-05-2025;09:10:00;4,4; m/s
12-05-2025;09:20:00;4,7; m/s
12-05-2025;09:30:00;5,6; m/s
12-05-2025;09:40:00;5,7; m/s
12-05-2025;09:50:00;5,5; m/s
12-05-2025;10:00:00;5,4; m/s
12-05-2025;10:10:00;5,7; m/s
12-05-2025;10:20:00;5,6; m/s
12-05-2025;10:30:00;5,2; m/s
12-05-2025;10:40:00;4,7; m/s
12-05-2025;10:50:00;4,9; m/s
12-05-2025;11:00:00;4,8; m/s
12-05-2025;11:10:00;4,6; m/s
12-05-2025;11:20:00;3,9; m/s
12-05-2025;11:30:00;4,1; m/s
12-05-2025;11:40:00;4; m/s
12-05-2025;11:50:00;4,8; m/s
12-05-2025;12:00:00;4,5; m/s
12-05-2025;12:10:00;4,6; m/s
12-05-2025;12:20:00;5,3; m/s
12-05-2025;12:30:00;5,5; m/s
12-05-2025;12:40:00;5,3; m/s
12-05-2025;12:50:00;5,4; m/s
12-05-2025;13:00:00;5,5; m/s
12-05-2025;13:10:00;6,3; m/s
12-05-2025;13:20:00;6,2; m/s
12-05-2025;13:30:00;5,9; m/s
12-05-2025;13:40:00;5,9; m/s
12-05-2025;13:50:00;6,9; m/s
12-05-2025;14:00:00;5,6; m/s
12-05-2025;14:10:00;6; m/s
12-05-2025;14:20:00;5,8; m/s
12-05-2025;14:30:00;6,4; m/s
12-05-2025;14:40:00;6,4; m/s
12-05-2025;14:50:00;6,2; m/s
12-05-2025;15:00:00;6,7; m/s
12-05-2025;15:10:00;7,1; m/s
12-05-2025;15:20:00;7,2; m/s
12-05-2025;15:30:00;7,1; m/s
12-05-2025;15:40:00;7,4; m/s
12-05-2025;15:50:00;7,6; m/s
12-05-2025;16:00:00;8,8; m/s
12-05-2025;16:10:00;8,4; m/s
12-05-2025;16:20:00;7,3; m/s
12-05-2025;16:30:00;7,6; m/s
12-05-2025;16:40:00;7,4; m/s
12-05-2025;16:50:00;7,4; m/s
12-05-2025;17:00:00;7,5; m/s
12-05-2025;17:10:00;7,6; m/s
12-05-2025;17:20:00;7,8; m/s
12-05-2025;17:30:00;7,3; m/s
12-05-2025;17:40:00;7,2; m/s
12-05-2025;17:50:00;7,3; m/s
12-05-2025;18:00:00;6,9; m/s
12-05-2025;18:10:00;6,8; m/s
12-05-2025;18:20:00;6,3; m/s
12-05-2025;18:30:00;6,3; m/s
12-05-2025;18:40:00;6,5; m/s
12-05-2025;18:50:00;6,2; m/s
12-05-2025;19:00:00;6,8; m/s
12-05-2025;19:10:00;6,8; m/s
12-05-2025;19:20:00;6,1; m/s
12-05-2025;19:30:00;6,6; m/s
12-05-2025;19:40:00;6; m/s
12-05-2025;19:50:00;6; m/s
12-05-2025;20:00:00;6,6; m/s
12-05-2025;20:10:00;6,3; m/s
12-05-2025;20:20:00;5,7; m/s
12-05-2025;20:30:00;5,6; m/s
12-05-2025;20:40:00;6,1; m/s
12-05-2025;20:50:00;5,7; m/s
12-05-2025;21:00:00;6,2; m/s
12-05-2025;21:10:00;5,7; m/s
12-05-2025;21:20:00;5,6; m/s
12-05-2025;21:30:00;5,6; m/s
12-05-2025;21:40:00;4,7; m/s
12-05-2025;21:50:00;4,7; m/s
12-05-2025;22:00:00;5; m/s
12-05-2025;22:10:00;4,1; m/s
12-05-2025;22:20:00;4,4; m/s
12-05-2025;22:30:00;5,1; m/s
12-05-2025;22:40:00;5,3; m/s
12-05-2025;22:50:00;5,7; m/s
12-05-2025;23:00:00;5,4; m/s
12-05-2025;23:10:00;4,8; m/s
12-05-2025;23:20:00;5,5; m/s
12-05-2025;23:30:00;4,7; m/s
12-05-2025;23:40:00;4,6; m/s
12-05-2025;23:50:00;5,1; m/s
13-05-2025;00:00:00;5,8; m/s
13-05-2025;00:10:00;5,6; m/s
13-05-2025;00:20:00;5,7; m/s
13-05-2025;00:30:00;4,9; m/s
13-05-2025;00:40:00;5,4; m/s
13-05-2025;00:50:00;6; m/s
13-05-2025;01:00:00;5,2; m/s
13-05-2025;01:10:00;4,5; m/s
13-05-2025;01:20:00;3,1; m/s
13-05-2025;01:30:00;1,8; m/s
13-05-2025;01:40:00;2,1; m/s
13-05-2025;01:50:00;2; m/s
13-05-2025;02:00:00;2,4; m/s
13-05-2025;02:10:00;2,3; m/s
13-05-2025;02:20:00;2,4; m/s
13-05-2025;02:30:00;2,6; m/s
13-05-2025;02:40:00;2,7; m/s
13-05-2025;02:50:00;2,5; m/s
13-05-2025;03:00:00;2,2; m/s
13-05-2025;03:10:00;2,3; m/s
13-05-2025;03:20:00;1,7; m/s
13-05-2025;03:30:00;1,5; m/s
13-05-2025;03:40:00;1,6; m/s
13-05-2025;03:50:00;2; m/s
13-05-2025;04:00:00;2; m/s
13-05-2025;04:10:00;1,5; m/s
13-05-2025;04:20:00;1,1; m/s
13-05-2025;04:30:00;1,1; m/s
13-05-2025;04:40:00;1,5; m/s
13-05-2025;04:50:00;1,7; m/s
13-05-2025;05:00:00;1,5; m/s
13-05-2025;05:10:00;1,9; m/s
13-05-2025;05:20:00;2; m/s
13-05-2025;05:30:00;1,7; m/s
13-05-2025;05:40:00;1,5; m/s
13-05-2025;05:50:00;1,5; m/s
13-05-2025;06:00:00;1,1; m/s
13-05-2025;06:10:00;0,8; m/s
13-05-2025;06:20:00;0,6; m/s
13-05-2025;06:30:00;1; m/s
13-05-2025;06:40:00;1,2; m/s
13-05-2025;06:50:00;1,3; m/s
13-05-2025;07:00:00;1,2; m/s
13-05-2025;07:10:00;0,7; m/s
13-05-2025;07:20:00;0,7; m/s
13-05-2025;07:30:00;1,3; m/s
13-05-2025;07:40:00;1,3; m/s
13-05-2025;07:50:00;1,3; m/s
13-05-2025;08:00:00;1,5; m/s
13-05-2025;08:10:00;1,2; m/s
13-05-2025;08:20:00;1,6; m/s
13-05-2025;08:30:00;1,4; m/s
13-05-2025;08:40:00;1,5; m/s
13-05-2025;08:50:00;1,2; m/s
13-05-2025;09:00:00;1,7; m/s
13-05-2025;09:10:00;1,7; m/s
13-05-2025;09:20:00;1,6; m/s
13-05-2025;09:30:00;1,6; m/s
13-05-2025;09:40:00;1,5; m/s
13-05-2025;09:50:00;1,4; m/s
13-05-2025;10:00:00;1,8; m/s
13-05-2025;10:10:00;2; m/s
13-05-2025;10:20:00;2; m/s
13-05-2025;10:30:00;2,2; m/s
13-05-2025;10:40:00;2,2; m/s
13-05-2025;10:50:00;2,5; m/s
13-05-2025;11:00:00;2,5; m/s
13-05-2025;11:10:00;2,7; m/s
13-05-2025;11:20:00;2,7; m/s
13-05-2025;11:30:00;2,7; m/s
13-05-2025;11:40:00;3; m/s
13-05-2025;11:50:00;2,9; m/s
13-05-2025;12:00:00;3; m/s
13-05-2025;12:10:00;3,7; m/s
13-05-2025;12:20:00;3,5; m/s
13-05-2025;12:30:00;4,6; m/s
13-05-2025;12:40:00;4,2; m/s
13-05-2025;12:50:00;4,8; m/s
13-05-2025;13:00:00;4,6; m/s
13-05-2025;13:10:00;3,8; m/s
13-05-2025;13:20:00;3,6; m/s
13-05-2025;13:30:00;4,1; m/s
13-05-2025;13:40:00;4,3; m/s
13-05-2025;13:50:00;5,3; m/s
13-05-2025;14:00:00;4,9; m/s
13-05-2025;14:10:00;4,7; m/s
13-05-2025;14:20:00;4,9; m/s
13-05-2025;14:30:00;4,2; m/s
13-05-2025;14:40:00;4,5; m/s
13-05-2025;14:50:00;4,7; m/s
13-05-2025;15:00:00;4,1; m/s
13-05-2025;15:10:00;3,8; m/s
13-05-2025;15:20:00;4,3; m/s
13-05-2025;15:30:00;4,4; m/s
13-05-2025;15:40:00;6,1; m/s
13-05-2025;15:50:00;6,3; m/s
13-05-2025;16:00:00;6,3; m/s
13-05-2025;16:10:00;5,7; m/s
13-05-2025;16:20:00;5,7; m/s
13-05-2025;16:30:00;4,6; m/s
13-05-2025;16:40:00;3,3; m/s
13-05-2025;16:50:00;3,5; m/s
13-05-2025;17:00:00;3,5; m/s
13-05-2025;17:10:00;2; m/s
13-05-2025;17:20:00;2,2; m/s
13-05-2025;17:30:00;2,9; m/s
13-05-2025;17:40:00;2,1; m/s
13-05-2025;17:50:00;1,6; m/s
13-05-2025;18:00:00;1,9; m/s
13-05-2025;18:10:00;1,8; m/s
13-05-2025;18:20:00;1,3; m/s
13-05-2025;18:30:00;2,2; m/s
13-05-2025;18:40:00;2,5; m/s
13-05-2025;18:50:00;2; m/s
13-05-2025;19:00:00;2,3; m/s
13-05-2025;19:10:00;2,3; m/s
13-05-2025;19:20:00;0,7; m/s
13-05-2025;19:30:00;0,2; m/s
13-05-2025;19:40:00;0,8; m/s
13-05-2025;19:50:00;1,5; m/s
13-05-2025;20:00:00;1,1; m/s
13-05-2025;20:10:00;1,5; m/s
13-05-2025;20:20:00;0,6; m/s
13-05-2025;20:30:00;0,9; m/s
13-05-2025;20:40:00;1,9; m/s
13-05-2025;20:50:00;1,1; m/s
13-05-2025;21:00:00;1,6; m/s
13-05-2025;21:10:00;1,3; m/s
13-05-2025;21:20:00;0,9; m/s
13-05-2025;21:30:00;1,4; m/s
13-05-2025;21:40:00;0,5; m/s
13-05-2025;21:50:00;0; m/s
13-05-2025;22:00:00;0; m/s
13-05-2025;22:10:00;0; m/s
13-05-2025;22:20:00;0,8; m/s
13-05-2025;22:30:00;1,9; m/s
13-05-2025;22:40:00;2,4; m/s
13-05-2025;22:50:00;2,6; m/s
13-05-2025;23:00:00;2,6; m/s
13-05-2025;23:10:00;2,4; m/s
13-05-2025;23:20:00;2,2; m/s
13-05-2025;23:30:00;2,3; m/s
13-05-2025;23:40:00;2,9; m/s
13-05-2025;23:50:00;2,9; m/s
14-05-2025;00:00:00;2,6; m/s
14-05-2025;00:10:00;2,7; m/s
14-05-2025;00:20:00;2,8; m/s
14-05-2025;00:30:00;2,9; m/s
14-05-2025;00:40:00;2,9; m/s
14-05-2025;00:50:00;2,5; m/s
14-05-2025;01:00:00;2,2; m/s
14-05-2025;01:10:00;2,3; m/s
14-05-2025;01:20:00;2,7; m/s
14-05-2025;01:30:00;2,8; m/s
14-05-2025;01:40:00;3; m/s
14-05-2025;01:50:00;2,5; m/s
14-05-2025;02:00:00;2,6; m/s
14-05-2025;02:10:00;2,6; m/s
14-05-2025;02:20:00;2,5; m/s
14-05-2025;02:30:00;2,5; m/s
14-05-2025;02:40:00;2,4; m/s
14-05-2025;02:50:00;2,3; m/s
14-05-2025;03:00:00;2,1; m/s
14-05-2025;03:10:00;2,1; m/s
14-05-2025;03:20:00;2,4; m/s
14-05-2025;03:30:00;2,4; m/s
14-05-2025;03:40:00;2,6; m/s
14-05-2025;03:50:00;2,7; m/s
14-05-2025;04:00:00;2,4; m/s
14-05-2025;04:10:00;2,1; m/s
14-05-2025;04:20:00;2; m/s
14-05-2025;04:30:00;1,8; m/s
14-05-2025;04:40:00;1,7; m/s
14-05-2025;04:50:00;2; m/s
14-05-2025;05:00:00;2,2; m/s
14-05-2025;05:10:00;1,7; m/s
14-05-2025;05:20:00;1,2; m/s
14-05-2025;05:30:00;1,2; m/s
14-05-2025;05:40:00;0,4; m/s
14-05-2025;05:50:00;0,8; m/s
14-05-2025;06:00:00;0,9; m/s
14-05-2025;06:10:00;1,6; m/s
14-05-2025;06:20:00;1,5; m/s
14-05-2025;06:30:00;1,2; m/s
14-05-2025;06:40:00;0,9; m/s
14-05-2025;06:50:00;0,6; m/s
14-05-2025;07:00:00;1,1; m/s
14-05-2025;07:10:00;1,4; m/s
14-05-2025;07:20:00;1,4; m/s
14-05-2025;07:30:00;1; m/s
14-05-2025;07:40:00;1,7; m/s
14-05-2025;07:50:00;2; m/s
14-05-2025;08:00:00;1,9; m/s
14-05-2025;08:10:00;1,9; m/s
14-05-2025;08:20:00;1,9; m/s
14-05-2025;08:30:00;1,8; m/s
14-05-2025;08:40:00;1,8; m/s
14-05-2025;08:50:00;2,2; m/s
14-05-2025;09:00:00;1,9; m/s
14-05-2025;09:10:00;1,9; m/s
14-05-2025;09:20:00;1,7; m/s
14-05-2025;09:30:00;1,8; m/s
14-05-2025;09:40:00;1,5; m/s
14-05-2025;09:50:00;1,6; m/s
14-05-2025;10:00:00;1,6; m/s
14-05-2025;10:10:00;1,6; m/s
14-05-2025;10:20:00;1,4; m/s
14-05-2025;10:30:00;1,6; m/s
14-05-2025;10:40:00;1,5; m/s
14-05-2025;10:50:00;1,6; m/s
14-05-2025;11:00:00;1,6; m/s
14-05-2025;11:10:00;1,8; m/s
14-05-2025;11:20:00;1,7; m/s
14-05-2025;11:30:00;1,9; m/s
14-05-2025;11:40:00;1,7; m/s
14-05-2025;11:50:00;1,8; m/s
14-05-2025;12:00:00;1,9; m/s
14-05-2025;12:10:00;1,9; m/s
14-05-2025;12:20:00;1,7; m/s
14-05-2025;12:30:00;1,9; m/s
14-05-2025;12:40:00;2; m/s
14-05-2025;12:50:00;1,9; m/s
14-05-2025;13:00:00;2,2; m/s
14-05-2025;13:10:00;2,1; m/s
14-05-2025;13:20:00;2,2; m/s
14-05-2025;13:30:00;2,6; m/s
14-05-2025;13:40:00;2,7; m/s
14-05-2025;13:50:00;2,9; m/s
14-05-2025;14:00:00;3; m/s
14-05-2025;14:10:00;2,7; m/s
14-05-2025;14:20:00;2,8; m/s
14-05-2025;14:30:00;2,8; m/s
14-05-2025;14:40:00;2,8; m/s
14-05-2025;14:50:00;2,5; m/s
14-05-2025;15:00:00;2,3; m/s
14-05-2025;15:10:00;2,2; m/s
14-05-2025;15:20:00;2,2; m/s
14-05-2025;15:30:00;1,8; m/s
14-05-2025;15:40:00;1,8; m/s
14-05-2025;15:50:00;1,7; m/s
14-05-2025;16:00:00;1,9; m/s
14-05-2025;16:10:00;1,9; m/s
14-05-2025;16:20:00;1,7; m/s
14-05-2025;16:30:00;1,8; m/s
14-05-2025;16:40:00;2; m/s
14-05-2025;16:50:00;1,8; m/s
14-05-2025;17:00:00;1,8; m/s
14-05-2025;17:10:00;1,6; m/s
14-05-2025;17:20:00;1,7; m/s
14-05-2025;17:30:00;1,8; m/s
14-05-2025;17:40:00;1,7; m/s
14-05-2025;17:50:00;1,5; m/s
14-05-2025;18:00:00;1,7; m/s
14-05-2025;18:10:00;1,8; m/s
14-05-2025;18:20:00;1,8; m/s
14-05-2025;18:30:00;2,1; m/s
14-05-2025;18:40:00;2,3; m/s
14-05-2025;18:50:00;1,6; m/s
14-05-2025;19:00:00;1,2; m/s
14-05-2025;19:10:00;1,7; m/s
14-05-2025;19:20:00;1,4; m/s
14-05-2025;19:30:00;1,8; m/s
14-05-2025;19:40:00;2,7; m/s
14-05-2025;19:50:00;2,2; m/s
14-05-2025;20:00:00;2,2; m/s
14-05-2025;20:10:00;1,9; m/s
14-05-2025;20:20:00;1,8; m/s
14-05-2025;20:30:00;2; m/s
14-05-2025;20:40:00;2,1; m/s
14-05-2025;20:50:00;2,3; m/s
14-05-2025;21:00:00;2,8; m/s
14-05-2025;21:10:00;2,4; m/s
14-05-2025;21:20:00;2; m/s
14-05-2025;21:30:00;1,5; m/s
14-05-2025;21:40:00;1,2; m/s
14-05-2025;21:50:00;1,9; m/s
14-05-2025;22:00:00;2,3; m/s
14-05-2025;22:10:00;2,1; m/s
14-05-2025;22:20:00;1,5; m/s
14-05-2025;22:30:00;1,9; m/s
14-05-2025;22:40:00;2,6; m/s
14-05-2025;22:50:00;2,3; m/s
14-05-2025;23:00:00;2,5; m/s
14-05-2025;23:10:00;1,5; m/s
14-05-2025;23:20:00;1,7; m/s
14-05-2025;23:30:00;1,6; m/s
14-05-2025;23:40:00;1,4; m/s
14-05-2025;23:50:00;0,8; m/s
15-05-2025;00:00:00;0,3; m/s
15-05-2025;00:10:00;1,1; m/s
15-05-2025;00:20:00;0,7; m/s
15-05-2025;00:30:00;0,5; m/s
15-05-2025;00:40:00;1; m/s
15-05-2025;00:50:00;1,2; m/s
15-05-2025;01:00:00;1,5; m/s
15-05-2025;01:10:00;1,7; m/s
15-05-2025;01:20:00;1,9; m/s
15-05-2025;01:30:00;1,8; m/s
15-05-2025;01:40:00;1,8; m/s
15-05-2025;01:50:00;2,1; m/s
15-05-2025;02:00:00;1,9; m/s
15-05-2025;02:10:00;1,7; m/s
15-05-2025;02:20:00;1,9; m/s
15-05-2025;02:30:00;1,9; m/s
15-05-2025;02:40:00;1,8; m/s
15-05-2025;02:50:00;1,8; m/s
15-05-2025;03:00:00;1,7; m/s
15-05-2025;03:10:00;1,8; m/s
15-05-2025;03:20:00;2,1; m/s
15-05-2025;03:30:00;1,4; m/s
15-05-2025;03:40:00;2; m/s
15-05-2025;03:50:00;2,1; m/s
15-05-2025;04:00:00;2,6; m/s
15-05-2025;04:10:00;3; m/s
15-05-2025;04:20:00;3,3; m/s
15-05-2025;04:30:00;3,7; m/s
15-05-2025;04:40:00;3,2; m/s
15-05-2025;04:50:00;2,9; m/s
15-05-2025;05:00:00;2,2; m/s
15-05-2025;05:10:00;2,3; m/s
15-05-2025;05:20:00;2,7; m/s
15-05-2025;05:30:00;2,1; m/s
15-05-2025;05:40:00;2; m/s
15-05-2025;05:50:00;1,4; m/s
15-05-2025;06:00:00;2; m/s
15-05-2025;06:10:00;2,3; m/s
15-05-2025;06:20:00;2,2; m/s
15-05-2025;06:30:00;2,3; m/s
15-05-2025;06:40:00;2; m/s
15-05-2025;06:50:00;1,5; m/s
15-05-2025;07:00:00;1,5; m/s
15-05-2025;07:10:00;2; m/s
15-05-2025;07:20:00;1,6; m/s
15-05-2025;07:30:00;1,9; m/s
15-05-2025;07:40:00;1,5; m/s
15-05-2025;07:50:00;0,4; m/s
15-05-2025;08:00:00;1,1; m/s
15-05-2025;08:10:00;1,3; m/s
15-05-2025;08:20:00;1,6; m/s
15-05-2025;08:30:00;2; m/s
15-05-2025;08:40:00;1,5; m/s
15-05-2025;08:50:00;2,7; m/s
15-05-2025;09:00:00;2,1; m/s
15-05-2025;09:10:00;1,6; m/s
15-05-2025;09:20:00;1,2; m/s
15-05-2025;09:30:00;1,6; m/s
15-05-2025;09:40:00;1,8; m/s
15-05-2025;09:50:00;1,5; m/s
15-05-2025;10:00:00;1,6; m/s
15-05-2025;10:10:00;1,8; m/s
15-05-2025;10:20:00;1,5; m/s
15-05-2025;10:30:00;1,2; m/s
15-05-2025;10:40:00;1,1; m/s
15-05-2025;10:50:00;1; m/s
15-05-2025;11:00:00;0,9; m/s
15-05-2025;11:10:00;1,6; m/s
15-05-2025;11:20:00;1,7; m/s
15-05-2025;11:30:00;1,9; m/s
15-05-2025;11:40:00;1,5; m/s
15-05-2025;11:50:00;1,2; m/s
15-05-2025;12:00:00;1,2; m/s
15-05-2025;12:10:00;2,2; m/s
15-05-2025;12:20:00;2,5; m/s
15-05-2025;12:30:00;2,3; m/s
15-05-2025;12:40:00;2,1; m/s
15-05-2025;12:50:00;1,5; m/s
15-05-2025;13:00:00;2,1; m/s
15-05-2025;13:10:00;1,8; m/s
15-05-2025;13:20:00;2,6; m/s
15-05-2025;13:30:00;2; m/s
15-05-2025;13:40:00;2,3; m/s
15-05-2025;13:50:00;3,1; m/s
15-05-2025;14:00:00;2,8; m/s
15-05-2025;14:10:00;2,2; m/s
15-05-2025;14:20:00;1,5; m/s
15-05-2025;14:30:00;1,4; m/s
15-05-2025;14:40:00;1,3; m/s
15-05-2025;14:50:00;1,4; m/s
15-05-2025;15:00:00;1,1; m/s
15-05-2025;15:10:00;0,5; m/s
15-05-2025;15:20:00;0,5; m/s
15-05-2025;15:30:00;0,8; m/s
15-05-2025;15:40:00;1; m/s
15-05-2025;15:50:00;1,2; m/s
15-05-2025;16:00:00;1; m/s
15-05-2025;16:10:00;0,8; m/s
15-05-2025;16:20:00;0,9; m/s
15-05-2025;16:30:00;0,9; m/s
15-05-2025;16:40:00;1; m/s
15-05-2025;16:50:00;1,3; m/s
15-05-2025;17:00:00;1,7; m/s
15-05-2025;17:10:00;1,8; m/s
15-05-2025;17:20:00;2,1; m/s
15-05-2025;17:30:00;2,1; m/s
15-05-2025;17:40:00;2,2; m/s
15-05-2025;17:50:00;2,9; m/s
15-05-2025;18:00:00;3,5; m/s
15-05-2025;18:10:00;3,7; m/s
15-05-2025;18:20:00;4; m/s
15-05-2025;18:30:00;3,9; m/s
15-05-2025;18:40:00;3,9; m/s
15-05-2025;18:50:00;3,8; m/s
15-05-2025;19:00:00;3,1; m/s
15-05-2025;19:10:00;2,7; m/s
15-05-2025;19:20:00;2,9; m/s
15-05-2025;19:30:00;3; m/s
15-05-2025;19:40:00;3,1; m/s
15-05-2025;19:50:00;3,5; m/s
15-05-2025;20:00:00;4,6; m/s
15-05-2025;20:10:00;3,9; m/s
15-05-2025;20:20:00;3,8; m/s
15-05-2025;20:30:00;4,4; m/s
15-05-2025;20:40:00;4; m/s
15-05-2025;20:50:00;3; m/s
15-05-2025;21:00:00;2,9; m/s
15-05-2025;21:10:00;2,9; m/s
15-05-2025;21:20:00;3,4; m/s
15-05-2025;21:30:00;4,9; m/s
15-05-2025;21:40:00;4,2; m/s
15-05-2025;21:50:00;4,7; m/s
15-05-2025;22:00:00;5,1; m/s
15-05-2025;22:10:00;5,2; m/s
15-05-2025;22:20:00;4,4; m/s
15-05-2025;22:30:00;4,6; m/s
15-05-2025;22:40:00;3,7; m/s
15-05-2025;22:50:00;3,7; m/s
15-05-2025;23:00:00;4,2; m/s
15-05-2025;23:10:00;3,3; m/s
15-05-2025;23:20:00;3,3; m/s
15-05-2025;23:30:00;3,2; m/s
15-05-2025;23:40:00;3,7; m/s
15-05-2025;23:50:00;2,9; m/s
16-05-2025;00:00:00;3,9; m/s
16-05-2025;00:10:00;3,4; m/s
16-05-2025;00:20:00;3,1; m/s
16-05-2025;00:30:00;5,3; m/s
16-05-2025;00:40:00;5,3; m/s
16-05-2025;00:50:00;4,6; m/s
16-05-2025;01:00:00;5,4; m/s
16-05-2025;01:10:00;4,9; m/s
16-05-2025;01:20:00;4,5; m/s
16-05-2025;01:30:00;4,6; m/s
16-05-2025;01:40:00;5,2; m/s
16-05-2025;01:50:00;6,1; m/s
16-05-2025;02:00:00;4,8; m/s
16-05-2025;02:10:00;4,7; m/s
16-05-2025;02:20:00;4,3; m/s
16-05-2025;02:30:00;4; m/s
16-05-2025;02:40:00;3,9; m/s
16-05-2025;02:50:00;4,3; m/s
16-05-2025;03:00:00;4,9; m/s
16-05-2025;03:10:00;4,9; m/s
16-05-2025;03:20:00;3,8; m/s
16-05-2025;03:30:00;4,3; m/s
16-05-2025;03:40:00;3; m/s
16-05-2025;03:50:00;3,3; m/s
16-05-2025;04:00:00;3,8; m/s
16-05-2025;04:10:00;3,7; m/s
16-05-2025;04:20:00;3,4; m/s
16-05-2025;04:30:00;3,7; m/s
16-05-2025;04:40:00;3,2; m/s
16-05-2025;04:50:00;4,4; m/s
16-05-2025;05:00:00;4,7; m/s
16-05-2025;05:10:00;4,2; m/s
16-05-2025;05:20:00;3,8; m/s
16-05-2025;05:30:00;4,3; m/s
16-05-2025;05:40:00;4,2; m/s
16-05-2025;05:50:00;4,3; m/s
16-05-2025;06:00:00;4,6; m/s
16-05-2025;06:10:00;5,7; m/s
16-05-2025;06:20:00;5,7; m/s
16-05-2025;06:30:00;4,5; m/s
16-05-2025;06:40:00;3,5; m/s
16-05-2025;06:50:00;3,7; m/s
16-05-2025;07:00:00;3,8; m/s
16-05-2025;07:10:00;4,1; m/s
16-05-2025;07:20:00;4,7; m/s
16-05-2025;07:30:00;4,8; m/s
16-05-2025;07:40:00;5,8; m/s
16-05-2025;07:50:00;5,2; m/s
16-05-2025;08:00:00;6,4; m/s
16-05-2025;08:10:00;6,6; m/s
16-05-2025;08:20:00;6,8; m/s
16-05-2025;08:30:00;7,2; m/s
16-05-2025;08:40:00;7,3; m/s
16-05-2025;08:50:00;7,8; m/s
16-05-2025;09:00:00;8,2; m/s
16-05-2025;09:10:00;8,3; m/s
16-05-2025;09:20:00;8,3; m/s
16-05-2025;09:30:00;6,6; m/s
16-05-2025;09:40:00;6,7; m/s
16-05-2025;09:50:00;5,8; m/s
16-05-2025;10:00:00;7,3; m/s
16-05-2025;10:10:00;5,8; m/s
16-05-2025;10:20:00;6,6; m/s
16-05-2025;10:30:00;6,9; m/s
16-05-2025;10:40:00;7,1; m/s
16-05-2025;10:50:00;5,1; m/s
16-05-2025;11:00:00;4,6; m/s
16-05-2025;11:10:00;6,8; m/s
16-05-2025;11:20:00;6,6; m/s
16-05-2025;11:30:00;4; m/s
16-05-2025;11:40:00;5,2; m/s
16-05-2025;11:50:00;4,7; m/s
16-05-2025;12:00:00;4,1; m/s
16-05-2025;12:10:00;4,3; m/s
16-05-2025;12:20:00;3,2; m/s
16-05-2025;12:30:00;3,4; m/s
16-05-2025;12:40:00;4,3; m/s
16-05-2025;12:50:00;3,6; m/s
16-05-2025;13:00:00;3,8; m/s
16-05-2025;13:10:00;3,9; m/s
16-05-2025;13:20:00;3,3; m/s
16-05-2025;13:30:00;3,1; m/s
16-05-2025;13:40:00;3,3; m/s
16-05-2025;13:50:00;2,6; m/s
16-05-2025;14:00:00;2,4; m/s
16-05-2025;14:10:00;2,7; m/s
16-05-2025;14:20:00;3,1; m/s
16-05-2025;14:30:00;2,7; m/s
16-05-2025;14:40:00;2,3; m/s
16-05-2025;14:50:00;3,2; m/s
16-05-2025;15:00:00;2,1; m/s
16-05-2025;15:10:00;2,7; m/s
16-05-2025;15:20:00;2,2; m/s
16-05-2025;15:30:00;2,6; m/s
16-05-2025;15:40:00;2,7; m/s
16-05-2025;15:50:00;2,6; m/s
16-05-2025;16:00:00;2,8; m/s
16-05-2025;16:10:00;3; m/s
16-05-2025;16:20:00;3,6; m/s
16-05-2025;16:30:00;3,3; m/s
16-05-2025;16:40:00;3,3; m/s
16-05-2025;16:50:00;3,9; m/s
16-05-2025;17:00:00;4,2; m/s
16-05-2025;17:10:00;3,7; m/s
16-05-2025;17:20:00;6,1; m/s
16-05-2025;17:30:00;5,9; m/s
16-05-2025;17:40:00;5,1; m/s
16-05-2025;17:50:00;5,6; m/s
16-05-2025;18:00:00;6; m/s
16-05-2025;18:10:00;5,3; m/s
16-05-2025;18:20:00;6,4; m/s
16-05-2025;18:30:00;6,6; m/s
16-05-2025;18:40:00;6,3; m/s
16-05-2025;18:50:00;5,4; m/s
16-05-2025;19:00:00;6; m/s
16-05-2025;19:10:00;5,6; m/s
16-05-2025;19:20:00;4,7; m/s
16-05-2025;19:30:00;5,5; m/s
16-05-2025;19:40:00;7; m/s
16-05-2025;19:50:00;6,3; m/s
16-05-2025;20:00:00;7; m/s
16-05-2025;20:10:00;7,4; m/s
16-05-2025;20:20:00;6,5; m/s
16-05-2025;20:30:00;6,3; m/s
16-05-2025;20:40:00;6,4; m/s
16-05-2025;20:50:00;6,9; m/s
16-05-2025;21:00:00;7,4; m/s
16-05-2025;21:10:00;8,4; m/s
16-05-2025;21:20:00;6,9; m/s
16-05-2025;21:30:00;7,9; m/s
16-05-2025;21:40:00;7,8; m/s
16-05-2025;21:50:00;7,3; m/s
16-05-2025;22:00:00;6,6; m/s
16-05-2025;22:10:00;5,8; m/s
16-05-2025;22:20:00;6,3; m/s
16-05-2025;22:30:00;6,2; m/s
16-05-2025;22:40:00;6,5; m/s
16-05-2025;22:50:00;6,7; m/s
16-05-2025;23:00:00;5,2; m/s
16-05-2025;23:10:00;4,6; m/s
16-05-2025;23:20:00;3,9; m/s
16-05-2025;23:30:00;4,3; m/s
16-05-2025;23:40:00;4,2; m/s
16-05-2025;23:50:00;4,5; m/s
17-05-2025;00:00:00;4,4; m/s
17-05-2025;00:10:00;4,8; m/s
17-05-2025;00:20:00;5,4; m/s
17-05-2025;00:30:00;5,7; m/s
17-05-2025;00:40:00;5,3; m/s
17-05-2025;00:50:00;5,4; m/s
17-05-2025;01:00:00;4,4; m/s
17-05-2025;01:10:00;4,4; m/s
17-05-2025;01:20:00;4,5; m/s
17-05-2025;01:30:00;4,4; m/s
17-05-2025;01:40:00;4,2; m/s
17-05-2025;01:50:00;3,3; m/s
17-05-2025;02:00:00;3,4; m/s
17-05-2025;02:10:00;3,9; m/s
17-05-2025;02:20:00;4,3; m/s
17-05-2025;02:30:00;4,3; m/s
17-05-2025;02:40:00;5,1; m/s
17-05-2025;02:50:00;4,8; m/s
17-05-2025;03:00:00;4,5; m/s
17-05-2025;03:10:00;3,8; m/s
17-05-2025;03:20:00;3,4; m/s
17-05-2025;03:30:00;4,9; m/s
17-05-2025;03:40:00;5,7; m/s
17-05-2025;03:50:00;4,8; m/s
17-05-2025;04:00:00;3,9; m/s
17-05-2025;04:10:00;4,2; m/s
17-05-2025;04:20:00;4; m/s
17-05-2025;04:30:00;4; m/s
17-05-2025;04:40:00;4,2; m/s
17-05-2025;04:50:00;4,7; m/s
17-05-2025;05:00:00;4,9; m/s
17-05-2025;05:10:00;4,7; m/s
17-05-2025;05:20:00;4,7; m/s
17-05-2025;05:30:00;4,7; m/s
17-05-2025;05:40:00;4,3; m/s
17-05-2025;05:50:00;3,9; m/s
17-05-2025;06:00:00;4,2; m/s
17-05-2025;06:10:00;3,8; m/s
17-05-2025;06:20:00;3,9; m/s
17-05-2025;06:30:00;3,9; m/s
17-05-2025;06:40:00;4,1; m/s
17-05-2025;06:50:00;3,5; m/s
17-05-2025;07:00:00;2,6; m/s
17-05-2025;07:10:00;3,7; m/s
17-05-2025;07:20:00;3,7; m/s
17-05-2025;07:30:00;2,5; m/s
17-05-2025;07:40:00;3,9; m/s
17-05-2025;07:50:00;3,1; m/s
17-05-2025;08:00:00;3,4; m/s
17-05-2025;08:10:00;3,2; m/s
17-05-2025;08:20:00;2,9; m/s
17-05-2025;08:30:00;2,5; m/s
17-05-2025;08:40:00;2,6; m/s
17-05-2025;08:50:00;2,5; m/s
17-05-2025;09:00:00;2,9; m/s
17-05-2025;09:10:00;1,9; m/s
17-05-2025;09:20:00;2,3; m/s
17-05-2025;09:30:00;2,4; m/s
17-05-2025;09:40:00;2,5; m/s
17-05-2025;09:50:00;3,2; m/s
17-05-2025;10:00:00;2,8; m/s
17-05-2025;10:10:00;1,9; m/s
17-05-2025;10:20:00;1,8; m/s
17-05-2025;10:30:00;1,7; m/s
17-05-2025;10:40:00;2,3; m/s
17-05-2025;10:50:00;1,7; m/s
17-05-2025;11:00:00;1,9; m/s
17-05-2025;11:10:00;2,6; m/s
17-05-2025;11:20:00;3,8; m/s
17-05-2025;11:30:00;3; m/s
17-05-2025;11:40:00;3,2; m/s
17-05-2025;11:50:00;3,8; m/s
17-05-2025;12:00:00;4,1; m/s
17-05-2025;12:10:00;3,6; m/s
17-05-2025;12:20:00;4,3; m/s
17-05-2025;12:30:00;4,7; m/s
17-05-2025;12:40:00;4,5; m/s
17-05-2025;12:50:00;4,7; m/s
17-05-2025;13:00:00;5,2; m/s
17-05-2025;13:10:00;5,6; m/s
17-05-2025;13:20:00;6,4; m/s
17-05-2025;13:30:00;6,8; m/s
17-05-2025;13:40:00;6,8; m/s
17-05-2025;13:50:00;6,7; m/s
17-05-2025;14:00:00;6,7; m/s
17-05-2025;14:10:00;6,7; m/s
17-05-2025;14:20:00;6,3; m/s
17-05-2025;14:30:00;6,9; m/s
17-05-2025;14:40:00;7,4; m/s
17-05-2025;14:50:00;7,3; m/s
17-05-2025;15:00:00;7,9; m/s
17-05-2025;15:10:00;6,6; m/s
17-05-2025;15:20:00;6,3; m/s
17-05-2025;15:30:00;5,9; m/s
17-05-2025;15:40:00;6,6; m/s
17-05-2025;15:50:00;7; m/s
17-05-2025;16:00:00;7,3; m/s
17-05-2025;16:10:00;6,8; m/s
17-05-2025;16:20:00;7,4; m/s
17-05-2025;16:30:00;7; m/s
17-05-2025;16:40:00;6,4; m/s
17-05-2025;16:50:00;8,5; m/s
17-05-2025;17:00:00;7,4; m/s
17-05-2025;17:10:00;7,2; m/s
17-05-2025;17:20:00;7,3; m/s
17-05-2025;17:30:00;7,2; m/s
17-05-2025;17:40:00;6,7; m/s
17-05-2025;17:50:00;7; m/s
17-05-2025;18:00:00;6,3; m/s
17-05-2025;18:10:00;6,4; m/s
17-05-2025;18:20:00;5,4; m/s
17-05-2025;18:30:00;5,9; m/s
17-05-2025;18:40:00;5,2; m/s
17-05-2025;18:50:00;5,4; m/s
17-05-2025;19:00:00;5,4; m/s
17-05-2025;19:10:00;5,2; m/s
17-05-2025;19:20:00;3,5; m/s
17-05-2025;19:30:00;4,7; m/s
17-05-2025;19:40:00;4,3; m/s
17-05-2025;19:50:00;4,3; m/s
17-05-2025;20:00:00;4,7; m/s
17-05-2025;20:10:00;4,1; m/s
17-05-2025;20:20:00;2,5; m/s
17-05-2025;20:30:00;3,1; m/s
17-05-2025;20:40:00;2,5; m/s
17-05-2025;20:50:00;2,4; m/s
17-05-2025;21:00:00;2,8; m/s
17-05-2025;21:10:00;2,3; m/s
17-05-2025;21:20:00;2,5; m/s
17-05-2025;21:30:00;3,1; m/s
17-05-2025;21:40:00;2,6; m/s
17-05-2025;21:50:00;2,3; m/s
17-05-2025;22:00:00;3,1; m/s
17-05-2025;22:10:00;3,5; m/s
17-05-2025;22:20:00;4,1; m/s
17-05-2025;22:30:00;3,3; m/s
17-05-2025;22:40:00;3,6; m/s
17-05-2025;22:50:00;2,9; m/s
17-05-2025;23:00:00;2,5; m/s
17-05-2025;23:10:00;2,5; m/s
17-05-2025;23:20:00;2,1; m/s
17-05-2025;23:30:00;2,5; m/s
17-05-2025;23:40:00;2,4; m/s
17-05-2025;23:50:00;2,3; m/s
18-05-2025;00:00:00;1,6; m/s
18-05-2025;00:10:00;1,1; m/s
18-05-2025;00:20:00;1,1; m/s
18-05-2025;00:30:00;1,2; m/s
18-05-2025;00:40:00;0,9; m/s
18-05-2025;00:50:00;0,5; m/s
18-05-2025;01:00:00;0,6; m/s
18-05-2025;01:10:00;0,9; m/s
18-05-2025;01:20:00;0,8; m/s
18-05-2025;01:30:00;1,7; m/s
18-05-2025;01:40:00;2,6; m/s
18-05-2025;01:50:00;3,2; m/s
18-05-2025;02:00:00;3,1; m/s
18-05-2025;02:10:00;1,9; m/s
18-05-2025;02:20:00;1,5; m/s
18-05-2025;02:30:00;1,6; m/s
18-05-2025;02:40:00;1,8; m/s
18-05-2025;02:50:00;1,8; m/s
18-05-2025;03:00:00;1,5; m/s
18-05-2025;03:10:00;1,5; m/s
18-05-2025;03:20:00;2,1; m/s
18-05-2025;03:30:00;1,6; m/s
18-05-2025;03:40:00;1,9; m/s
18-05-2025;03:50:00;2,3; m/s
18-05-2025;04:00:00;2; m/s
18-05-2025;04:10:00;2,3; m/s
18-05-2025;04:20:00;2; m/s
18-05-2025;04:30:00;2,6; m/s
18-05-2025;04:40:00;3; m/s
18-05-2025;04:50:00;3,4; m/s
18-05-2025;05:00:00;2,4; m/s
18-05-2025;05:10:00;2,4; m/s
18-05-2025;05:20:00;2,8; m/s
18-05-2025;05:30:00;3,2; m/s
18-05-2025;05:40:00;3,4; m/s
18-05-2025;05:50:00;2,8; m/s
18-05-2025;06:00:00;3; m/s
18-05-2025;06:10:00;3,2; m/s
18-05-2025;06:20:00;3,5; m/s
18-05-2025;06:30:00;3,1; m/s
18-05-2025;06:40:00;2,5; m/s
18-05-2025;06:50:00;3; m/s
18-05-2025;07:00:00;2,9; m/s
18-05-2025;07:10:00;4,3; m/s
18-05-2025;07:20:00;4; m/s
18-05-2025;07:30:00;4,3; m/s
18-05-2025;07:40:00;4,4; m/s
18-05-2025;07:50:00;3,6; m/s
18-05-2025;08:00:00;3,1; m/s
18-05-2025;08:10:00;4,1; m/s
18-05-2025;08:20:00;3,9; m/s
18-05-2025;08:30:00;4; m/s
18-05-2025;08:40:00;3,6; m/s
18-05-2025;08:50:00;4,1; m/s
18-05-2025;09:00:00;4,3; m/s
18-05-2025;09:10:00;3,2; m/s
18-05-2025;09:20:00;4,1; m/s
18-05-2025;09:30:00;3,5; m/s
18-05-2025;09:40:00;2,7; m/s
18-05-2025;09:50:00;3; m/s
18-05-2025;10:00:00;3,3; m/s
18-05-2025;10:10:00;3,2; m/s
18-05-2025;10:20:00;3; m/s
18-05-2025;10:30:00;3,5; m/s
18-05-2025;10:40:00;3,4; m/s
18-05-2025;10:50:00;3,2; m/s
18-05-2025;11:00:00;3,4; m/s
18-05-2025;11:10:00;3,3; m/s
18-05-2025;11:20:00;3,5; m/s
18-05-2025;11:30:00;3,1; m/s
18-05-2025;11:40:00;3,2; m/s
18-05-2025;11:50:00;3,4; m/s
18-05-2025;12:00:00;3,7; m/s
18-05-2025;12:10:00;3,7; m/s
18-05-2025;12:20:00;3,2; m/s
18-05-2025;12:30:00;2,8; m/s
18-05-2025;12:40:00;3,3; m/s
18-05-2025;12:50:00;3,2; m/s
18-05-2025;13:00:00;3,6; m/s
18-05-2025;13:10:00;3,2; m/s
18-05-2025;13:20:00;3,4; m/s
18-05-2025;13:30:00;3,4; m/s
18-05-2025;13:40:00;3,1; m/s
18-05-2025;13:50:00;3; m/s
18-05-2025;14:00:00;2,6; m/s
18-05-2025;14:10:00;2,9; m/s
18-05-2025;14:20:00;3; m/s
18-05-2025;14:30:00;2,9; m/s
18-05-2025;14:40:00;3; m/s
18-05-2025;14:50:00;2,8; m/s
18-05-2025;15:00:00;3,3; m/s
18-05-2025;15:10:00;3,7; m/s
18-05-2025;15:20:00;2,9; m/s
18-05-2025;15:30:00;2,7; m/s
18-05-2025;15:40:00;2,7; m/s
18-05-2025;15:50:00;3,1; m/s
18-05-2025;16:00:00;3; m/s
18-05-2025;16:10:00;3,3; m/s
18-05-2025;16:20:00;2,9; m/s
18-05-2025;16:30:00;2,9; m/s
18-05-2025;16:40:00;2,6; m/s
18-05-2025;16:50:00;2,8; m/s
18-05-2025;17:00:00;2,7; m/s
18-05-2025;17:10:00;2,5; m/s
18-05-2025;17:20:00;2,5; m/s
18-05-2025;17:30:00;2,4; m/s
18-05-2025;17:40:00;2,4; m/s
18-05-2025;17:50:00;2,4; m/s
18-05-2025;18:00:00;2,4; m/s
18-05-2025;18:10:00;2,4; m/s
18-05-2025;18:20:00;1,9; m/s
18-05-2025;18:30:00;2,3; m/s
18-05-2025;18:40:00;2; m/s
18-05-2025;18:50:00;2,3; m/s
18-05-2025;19:00:00;1,9; m/s
18-05-2025;19:10:00;2,1; m/s
18-05-2025;19:20:00;2,2; m/s
18-05-2025;19:30:00;3,1; m/s
18-05-2025;19:40:00;2,7; m/s
18-05-2025;19:50:00;2,8; m/s
18-05-2025;20:00:00;2,1; m/s
18-05-2025;20:10:00;2,7; m/s
18-05-2025;20:20:00;2,2; m/s
18-05-2025;20:30:00;2,3; m/s
18-05-2025;20:40:00;2,1; m/s
18-05-2025;20:50:00;2,2; m/s
18-05-2025;21:00:00;1,7; m/s
18-05-2025;21:10:00;1,8; m/s
18-05-2025;21:20:00;1,7; m/s
18-05-2025;21:30:00;2,1; m/s
18-05-2025;21:40:00;2,1; m/s
18-05-2025;21:50:00;2; m/s
18-05-2025;22:00:00;2,1; m/s
18-05-2025;22:10:00;2,1; m/s
18-05-2025;22:20:00;1,8; m/s
18-05-2025;22:30:00;1,8; m/s
18-05-2025;22:40:00;1,8; m/s
18-05-2025;22:50:00;1,6; m/s
18-05-2025;23:00:00;1,4; m/s
18-05-2025;23:10:00;1,8; m/s
18-05-2025;23:20:00;1,7; m/s
18-05-2025;23:30:00;1,9; m/s
18-05-2025;23:40:00;2,1; m/s
18-05-2025;23:50:00;1,7; m/s
19-05-2025;00:00:00;2,1; m/s
19-05-2025;00:10:00;1,7; m/s
19-05-2025;00:20:00;1,9; m/s
19-05-2025;00:30:00;2,1; m/s
19-05-2025;00:40:00;1,9; m/s
19-05-2025;00:50:00;2,2; m/s
19-05-2025;01:00:00;2,3; m/s
19-05-2025;01:10:00;1,9; m/s
19-05-2025;01:20:00;2,1; m/s
19-05-2025;01:30:00;2,2; m/s
19-05-2025;01:40:00;1,4; m/s
19-05-2025;01:50:00;2,3; m/s
19-05-2025;02:00:00;2,5; m/s
19-05-2025;02:10:00;2,4; m/s
19-05-2025;02:20:00;1,8; m/s
19-05-2025;02:30:00;1,7; m/s
19-05-2025;02:40:00;1,8; m/s
19-05-2025;02:50:00;1,9; m/s
19-05-2025;03:00:00;1,7; m/s
19-05-2025;03:10:00;1,7; m/s
19-05-2025;03:20:00;0,9; m/s
19-05-2025;03:30:00;1,4; m/s
19-05-2025;03:40:00;2; m/s
19-05-2025;03:50:00;1,9; m/s
19-05-2025;04:00:00;2,6; m/s
19-05-2025;04:10:00;2; m/s
19-05-2025;04:20:00;2,1; m/s
19-05-2025;04:30:00;2; m/s
19-05-2025;04:40:00;2,4; m/s
19-05-2025;04:50:00;1,9; m/s
19-05-2025;05:00:00;1,7; m/s
19-05-2025;05:10:00;2,2; m/s
19-05-2025;05:20:00;1,4; m/s
19-05-2025;05:30:00;1,7; m/s
19-05-2025;05:40:00;1,4; m/s
19-05-2025;05:50:00;1; m/s
19-05-2025;06:00:00;1,2; m/s
19-05-2025;06:10:00;1,7; m/s
19-05-2025;06:20:00;1,6; m/s
19-05-2025;06:30:00;1,8; m/s
19-05-2025;06:40:00;1,8; m/s
19-05-2025;06:50:00;1,8; m/s
19-05-2025;07:00:00;1,9; m/s
19-05-2025;07:10:00;2,2; m/s
19-05-2025;07:20:00;1,9; m/s
19-05-2025;07:30:00;1,6; m/s
19-05-2025;07:40:00;2; m/s
19-05-2025;07:50:00;1,7; m/s
19-05-2025;08:00:00;1,6; m/s
19-05-2025;08:10:00;1,6; m/s
19-05-2025;08:20:00;1,8; m/s
19-05-2025;08:30:00;1,9; m/s
19-05-2025;08:40:00;1,7; m/s
19-05-2025;08:50:00;2; m/s
19-05-2025;09:00:00;1,9; m/s
19-05-2025;09:10:00;2; m/s
19-05-2025;09:20:00;2,2; m/s
19-05-2025;09:30:00;2,4; m/s
19-05-2025;09:40:00;2,3; m/s
19-05-2025;09:50:00;1,7; m/s
19-05-2025;10:00:00;2,1; m/s
19-05-2025;10:10:00;2; m/s
19-05-2025;10:20:00;2; m/s
19-05-2025;10:30:00;1,9; m/s
19-05-2025;10:40:00;1,9; m/s
19-05-2025;10:50:00;2; m/s
19-05-2025;11:00:00;2; m/s
19-05-2025;11:10:00;2,3; m/s
19-05-2025;11:20:00;2,5; m/s
19-05-2025;11:30:00;2,7; m/s
19-05-2025;11:40:00;2,4; m/s
19-05-2025;11:50:00;2,2; m/s
19-05-2025;12:00:00;2,4; m/s
19-05-2025;12:10:00;2,5; m/s
19-05-2025;12:20:00;2,6; m/s
19-05-2025;12:30:00;2,3; m/s
19-05-2025;12:40:00;2,4; m/s
19-05-2025;12:50:00;3; m/s
19-05-2025;13:00:00;2,5; m/s
19-05-2025;13:10:00;2,7; m/s
19-05-2025;13:20:00;3; m/s
19-05-2025;13:30:00;3,6; m/s
19-05-2025;13:40:00;3; m/s
19-05-2025;13:50:00;3,3; m/s
19-05-2025;14:00:00;3,5; m/s
19-05-2025;14:10:00;3,7; m/s
19-05-2025;14:20:00;3,5; m/s
19-05-2025;14:30:00;3,7; m/s
19-05-2025;14:40:00;4,2; m/s
19-05-2025;14:50:00;4; m/s
19-05-2025;15:00:00;4,6; m/s
19-05-2025;15:10:00;4,7; m/s
19-05-2025;15:20:00;5; m/s
19-05-2025;15:30:00;4,6; m/s
19-05-2025;15:40:00;4,3; m/s
19-05-2025;15:50:00;4,6; m/s
19-05-2025;16:00:00;5,3; m/s
19-05-2025;16:10:00;5,2; m/s
19-05-2025;16:20:00;5; m/s
19-05-2025;16:30:00;5; m/s
19-05-2025;16:40:00;4,9; m/s
19-05-2025;16:50:00;5,3; m/s
19-05-2025;17:00:00;5,7; m/s
19-05-2025;17:10:00;6,2; m/s
19-05-2025;17:20:00;5,9; m/s
19-05-2025;17:30:00;6; m/s
19-05-2025;17:40:00;5,7; m/s
19-05-2025;17:50:00;4,8; m/s
19-05-2025;18:00:00;4,7; m/s
19-05-2025;18:10:00;4,9; m/s
19-05-2025;18:20:00;5; m/s
19-05-2025;18:30:00;4,8; m/s
19-05-2025;18:40:00;5,3; m/s
19-05-2025;18:50:00;3,6; m/s
19-05-2025;19:00:00;3,5; m/s
19-05-2025;19:10:00;3,8; m/s
19-05-2025;19:20:00;4; m/s
19-05-2025;19:30:00;3,7; m/s
19-05-2025;19:40:00;2,4; m/s
19-05-2025;19:50:00;2,5; m/s
19-05-2025;20:00:00;2,5; m/s
19-05-2025;20:10:00;2,8; m/s
19-05-2025;20:20:00;2,5; m/s
19-05-2025;20:30:00;2,9; m/s
19-05-2025;20:40:00;3,1; m/s
19-05-2025;20:50:00;2,7; m/s
19-05-2025;21:00:00;3,1; m/s
19-05-2025;21:10:00;3; m/s
19-05-2025;21:20:00;3,4; m/s
19-05-2025;21:30:00;3,4; m/s
19-05-2025;21:40:00;2,9; m/s
19-05-2025;21:50:00;3,1; m/s
19-05-2025;22:00:00;3,3; m/s
19-05-2025;22:10:00;2,8; m/s
19-05-2025;22:20:00;2,6; m/s
19-05-2025;22:30:00;2,6; m/s
19-05-2025;22:40:00;2,6; m/s
19-05-2025;22:50:00;2,4; m/s
19-05-2025;23:00:00;2,5; m/s
19-05-2025;23:10:00;2,3; m/s
19-05-2025;23:20:00;2,7; m/s
19-05-2025;23:30:00;2,6; m/s
19-05-2025;23:40:00;2,8; m/s
19-05-2025;23:50:00;2,5; m/s
20-05-2025;00:00:00;2,5; m/s
20-05-2025;00:10:00;2,5; m/s
20-05-2025;00:20:00;1,7; m/s
20-05-2025;00:30:00;1; m/s
20-05-2025;00:40:00;0,9; m/s
20-05-2025;00:50:00;1,2; m/s
20-05-2025;01:00:00;1; m/s
20-05-2025;01:10:00;0,3; m/s
20-05-2025;01:20:00;0,1; m/s
20-05-2025;01:30:00;1,1; m/s
20-05-2025;01:40:00;1,2; m/s
20-05-2025;01:50:00;1,4; m/s
20-05-2025;02:00:00;2,1; m/s
20-05-2025;02:10:00;1,7; m/s
20-05-2025;02:20:00;2,5; m/s
20-05-2025;02:30:00;3; m/s
20-05-2025;02:40:00;3,3; m/s
20-05-2025;02:50:00;2,7; m/s
20-05-2025;03:00:00;2,3; m/s
20-05-2025;03:10:00;1,9; m/s
20-05-2025;03:20:00;2,4; m/s
20-05-2025;03:30:00;3,2; m/s
20-05-2025;03:40:00;2,8; m/s
20-05-2025;03:50:00;2,7; m/s
20-05-2025;04:00:00;1,8; m/s
20-05-2025;04:10:00;1,9; m/s
20-05-2025;04:20:00;2; m/s
20-05-2025;04:30:00;1,8; m/s
20-05-2025;04:40:00;1,2; m/s
20-05-2025;04:50:00;1,6; m/s
20-05-2025;05:00:00;1,9; m/s
20-05-2025;05:10:00;6; m/s
20-05-2025;05:20:00;6,3; m/s
20-05-2025;05:30:00;4; m/s
20-05-2025;05:40:00;4; m/s
20-05-2025;05:50:00;4,6; m/s
20-05-2025;06:00:00;5,7; m/s
20-05-2025;06:10:00;5; m/s
20-05-2025;06:20:00;4,6; m/s
20-05-2025;06:30:00;3,2; m/s
20-05-2025;06:40:00;1,9; m/s
20-05-2025;06:50:00;3; m/s
20-05-2025;07:00:00;1,4; m/s
20-05-2025;07:10:00;1,6; m/s
20-05-2025;07:20:00;2,4; m/s
20-05-2025;07:30:00;3; m/s
20-05-2025;07:40:00;3,7; m/s
20-05-2025;07:50:00;4,6; m/s
20-05-2025;08:00:00;3,9; m/s
20-05-2025;08:10:00;4; m/s
20-05-2025;08:20:00;3,7; m/s
20-05-2025;08:30:00;2,6; m/s
20-05-2025;08:40:00;3,1; m/s
20-05-2025;08:50:00;4,1; m/s
20-05-2025;09:00:00;2,3; m/s
20-05-2025;09:10:00;1,5; m/s
20-05-2025;09:20:00;1,7; m/s
20-05-2025;09:30:00;2,6; m/s
20-05-2025;09:40:00;2,7; m/s
20-05-2025;09:50:00;2,1; m/s
20-05-2025;10:00:00;2,2; m/s
20-05-2025;10:10:00;5; m/s
20-05-2025;10:20:00;3,5; m/s
20-05-2025;10:30:00;4,6; m/s
20-05-2025;10:40:00;3,7; m/s
20-05-2025;10:50:00;3; m/s
20-05-2025;11:00:00;2,9; m/s
20-05-2025;11:10:00;2,4; m/s
20-05-2025;11:20:00;3,3; m/s
20-05-2025;11:30:00;3,7; m/s
20-05-2025;11:40:00;3,9; m/s
20-05-2025;11:50:00;3,2; m/s
20-05-2025;12:00:00;2,8; m/s
20-05-2025;12:10:00;1,7; m/s
20-05-2025;12:20:00;5,4; m/s
20-05-2025;12:30:00;6,2; m/s
20-05-2025;12:40:00;4,9; m/s
20-05-2025;12:50:00;2,6; m/s
20-05-2025;13:00:00;1,5; m/s
20-05-2025;13:10:00;2,1; m/s
20-05-2025;13:20:00;2,3; m/s
20-05-2025;13:30:00;4,8; m/s
20-05-2025;13:40:00;5,4; m/s
20-05-2025;13:50:00;5,1; m/s
20-05-2025;14:00:00;4,5; m/s
20-05-2025;14:10:00;3,9; m/s
20-05-2025;14:20:00;3,2; m/s
20-05-2025;14:30:00;2,7; m/s
20-05-2025;14:40:00;2,2; m/s
20-05-2025;14:50:00;1,2; m/s
20-05-2025;15:00:00;0,8; m/s
20-05-2025;15:10:00;1; m/s
20-05-2025;15:20:00;1,4; m/s
20-05-2025;15:30:00;1,4; m/s
20-05-2025;15:40:00;1,5; m/s
20-05-2025;15:50:00;1,5; m/s
20-05-2025;16:00:00;1,1; m/s
20-05-2025;16:10:00;1,5; m/s
20-05-2025;16:20:00;1; m/s
20-05-2025;16:30:00;1,4; m/s
20-05-2025;16:40:00;1,7; m/s
20-05-2025;16:50:00;2,4; m/s
20-05-2025;17:00:00;4,7; m/s
20-05-2025;17:10:00;1,7; m/s
20-05-2025;17:20:00;1,7; m/s
20-05-2025;17:30:00;1,3; m/s
20-05-2025;17:40:00;3,3; m/s
20-05-2025;17:50:00;2,6; m/s
20-05-2025;18:00:00;1,9; m/s
20-05-2025;18:10:00;1,7; m/s
20-05-2025;18:20:00;1,1; m/s
20-05-2025;18:30:00;1,1; m/s
20-05-2025;18:40:00;2,1; m/s
20-05-2025;18:50:00;1,4; m/s
20-05-2025;19:00:00;2,5; m/s
20-05-2025;19:10:00;2,3; m/s
20-05-2025;19:20:00;2,3; m/s
20-05-2025;19:30:00;2,5; m/s
20-05-2025;19:40:00;3,5; m/s
20-05-2025;19:50:00;2,8; m/s
20-05-2025;20:00:00;2,6; m/s
20-05-2025;20:10:00;2,1; m/s
20-05-2025;20:20:00;1,7; m/s
20-05-2025;20:30:00;2; m/s
20-05-2025;20:40:00;2,3; m/s
20-05-2025;20:50:00;2,4; m/s
20-05-2025;21:00:00;3,4; m/s
20-05-2025;21:10:00;4; m/s
20-05-2025;21:20:00;4,1; m/s
20-05-2025;21:30:00;4,1; m/s
20-05-2025;21:40:00;3,7; m/s
20-05-2025;21:50:00;3,5; m/s
20-05-2025;22:00:00;4; m/s
20-05-2025;22:10:00;5,9; m/s
20-05-2025;22:20:00;5,8; m/s
20-05-2025;22:30:00;5,6; m/s
20-05-2025;22:40:00;4,7; m/s
20-05-2025;22:50:00;4,8; m/s
20-05-2025;23:00:00;5; m/s
20-05-2025;23:10:00;4,5; m/s
20-05-2025;23:20:00;4,4; m/s
20-05-2025;23:30:00;4,4; m/s
20-05-2025;23:40:00;3,7; m/s
20-05-2025;23:50:00;3,6; m/s
21-05-2025;00:00:00;3,3; m/s
21-05-2025;00:10:00;3,1; m/s
21-05-2025;00:20:00;3; m/s
21-05-2025;00:30:00;2,7; m/s
21-05-2025;00:40:00;3,3; m/s
21-05-2025;00:50:00;3,4; m/s
21-05-2025;01:00:00;3,5; m/s
21-05-2025;01:10:00;3,8; m/s
21-05-2025;01:20:00;3,6; m/s
21-05-2025;01:30:00;3,6; m/s
21-05-2025;01:40:00;3,2; m/s
21-05-2025;01:50:00;3; m/s
21-05-2025;02:00:00;3; m/s
21-05-2025;02:10:00;3,1; m/s
21-05-2025;02:20:00;4,7; m/s
21-05-2025;02:30:00;5,1; m/s
21-05-2025;02:40:00;4,8; m/s
21-05-2025;02:50:00;3,6; m/s
21-05-2025;03:00:00;4,7; m/s
21-05-2025;03:10:00;5; m/s
21-05-2025;03:20:00;4,7; m/s
21-05-2025;03:30:00;4,8; m/s
21-05-2025;03:40:00;5,1; m/s
21-05-2025;03:50:00;4,5; m/s
21-05-2025;04:00:00;3,9; m/s
21-05-2025;04:10:00;3,7; m/s
21-05-2025;04:20:00;3,9; m/s
21-05-2025;04:30:00;3,3; m/s
21-05-2025;04:40:00;3,5; m/s
21-05-2025;04:50:00;4,2; m/s
21-05-2025;05:00:00;4,8; m/s
21-05-2025;05:10:00;5,4; m/s
21-05-2025;05:20:00;6,4; m/s
21-05-2025;05:30:00;6,8; m/s
21-05-2025;05:40:00;6,9; m/s
21-05-2025;05:50:00;7,3; m/s
21-05-2025;06:00:00;7,1; m/s
21-05-2025;06:10:00;6,1; m/s
21-05-2025;06:20:00;5,4; m/s
21-05-2025;06:30:00;5; m/s
21-05-2025;06:40:00;4,9; m/s
21-05-2025;06:50:00;5,5; m/s
21-05-2025;07:00:00;5; m/s
21-05-2025;07:10:00;4,9; m/s
21-05-2025;07:20:00;5,4; m/s
21-05-2025;07:30:00;5,3; m/s
21-05-2025;07:40:00;5,6; m/s
21-05-2025;07:50:00;6,3; m/s
21-05-2025;08:00:00;6,6; m/s
21-05-2025;08:10:00;6,5; m/s
21-05-2025;08:20:00;7,3; m/s
21-05-2025;08:30:00;6,7; m/s
21-05-2025;08:40:00;5,7; m/s
21-05-2025;08:50:00;4,5; m/s
21-05-2025;09:00:00;7; m/s
21-05-2025;09:10:00;6,5; m/s
21-05-2025;09:20:00;7,3; m/s
21-05-2025;09:30:00;7,1; m/s
21-05-2025;09:40:00;7,4; m/s
21-05-2025;09:50:00;7,8; m/s
21-05-2025;10:00:00;7,2; m/s
21-05-2025;10:10:00;7,1; m/s
21-05-2025;10:20:00;6,9; m/s
21-05-2025;10:30:00;6; m/s
21-05-2025;10:40:00;7,3; m/s
21-05-2025;10:50:00;7,1; m/s
21-05-2025;11:00:00;6,7; m/s
21-05-2025;11:10:00;7; m/s
21-05-2025;11:20:00;6,5; m/s
21-05-2025;11:30:00;6,9; m/s
21-05-2025;11:40:00;7,5; m/s
21-05-2025;11:50:00;6,9; m/s
21-05-2025;12:00:00;7,8; m/s
21-05-2025;12:10:00;7,7; m/s
21-05-2025;12:20:00;8,5; m/s
21-05-2025;12:30:00;9,4; m/s
21-05-2025;12:40:00;7,6; m/s
21-05-2025;12:50:00;7,2; m/s
21-05-2025;13:00:00;7,8; m/s
21-05-2025;13:10:00;7,5; m/s
21-05-2025;13:20:00;8,8; m/s
21-05-2025;13:30:00;7,2; m/s
21-05-2025;13:40:00;9,1; m/s
21-05-2025;13:50:00;8,5; m/s
21-05-2025;14:00:00;7,4; m/s
21-05-2025;14:10:00;6,1; m/s
21-05-2025;14:20:00;5,1; m/s
21-05-2025;14:30:00;4; m/s
21-05-2025;14:40:00;4,1; m/s
21-05-2025;14:50:00;4,6; m/s
21-05-2025;15:00:00;7,7; m/s
21-05-2025;15:10:00;7,7; m/s
21-05-2025;15:20:00;6,3; m/s
21-05-2025;15:30:00;6,9; m/s
21-05-2025;15:40:00;8,7; m/s
21-05-2025;15:50:00;7,8; m/s
21-05-2025;16:00:00;7; m/s
21-05-2025;16:10:00;6,7; m/s
21-05-2025;16:20:00;9,6; m/s
21-05-2025;16:30:00;8,7; m/s
21-05-2025;16:40:00;8,3; m/s
21-05-2025;16:50:00;7,6; m/s
21-05-2025;17:00:00;5,5; m/s
21-05-2025;17:10:00;6,2; m/s
21-05-2025;17:20:00;6,6; m/s
21-05-2025;17:30:00;6,7; m/s
21-05-2025;17:40:00;6,8; m/s
21-05-2025;17:50:00;6,4; m/s
21-05-2025;18:00:00;5,9; m/s
21-05-2025;18:10:00;6,7; m/s
21-05-2025;18:20:00;5,7; m/s
21-05-2025;18:30:00;5,3; m/s
21-05-2025;18:40:00;6; m/s
21-05-2025;18:50:00;6,4; m/s
21-05-2025;19:00:00;5,8; m/s
21-05-2025;19:10:00;5,3; m/s
21-05-2025;19:20:00;5,1; m/s
21-05-2025;19:30:00;5,3; m/s
21-05-2025;19:40:00;5; m/s
21-05-2025;19:50:00;5,4; m/s
21-05-2025;20:00:00;5,2; m/s
21-05-2025;20:10:00;5,4; m/s
21-05-2025;20:20:00;5,3; m/s
21-05-2025;20:30:00;5,2; m/s
21-05-2025;20:40:00;4,6; m/s
21-05-2025;20:50:00;5; m/s
21-05-2025;21:00:00;5,1; m/s
21-05-2025;21:10:00;4,2; m/s
21-05-2025;21:20:00;4,1; m/s
21-05-2025;21:30:00;4,5; m/s
21-05-2025;21:40:00;4,3; m/s
21-05-2025;21:50:00;3,6; m/s
21-05-2025;22:00:00;3,5; m/s
21-05-2025;22:10:00;3,8; m/s
21-05-2025;22:20:00;4; m/s
21-05-2025;22:30:00;3,7; m/s
21-05-2025;22:40:00;3,9; m/s
21-05-2025;22:50:00;4,8; m/s
21-05-2025;23:00:00;4,1; m/s
21-05-2025;23:10:00;3,4; m/s
21-05-2025;23:20:00;4; m/s
21-05-2025;23:30:00;4,2; m/s
21-05-2025;23:40:00;3,7; m/s
21-05-2025;23:50:00;3,9; m/s
22-05-2025;00:00:00;3,8; m/s
22-05-2025;00:10:00;3,8; m/s
22-05-2025;00:20:00;2,8; m/s
22-05-2025;00:30:00;2,3; m/s
22-05-2025;00:40:00;2; m/s
22-05-2025;00:50:00;2,6; m/s
22-05-2025;01:00:00;2,8; m/s
22-05-2025;01:10:00;3,3; m/s
22-05-2025;01:20:00;3; m/s
22-05-2025;01:30:00;3; m/s
22-05-2025;01:40:00;2,8; m/s
22-05-2025;01:50:00;3,7; m/s
22-05-2025;02:00:00;3,3; m/s
22-05-2025;02:10:00;3,3; m/s
22-05-2025;02:20:00;2,4; m/s
22-05-2025;02:30:00;2,8; m/s
22-05-2025;02:40:00;2,5; m/s
22-05-2025;02:50:00;1,4; m/s
22-05-2025;03:00:00;1,7; m/s
22-05-2025;03:10:00;1,5; m/s
22-05-2025;03:20:00;1,6; m/s
22-05-2025;03:30:00;1,6; m/s
22-05-2025;03:40:00;1,3; m/s
22-05-2025;03:50:00;1,1; m/s
22-05-2025;04:00:00;1,1; m/s
22-05-2025;04:10:00;1,5; m/s
22-05-2025;04:20:00;1,7; m/s
22-05-2025;04:30:00;1,7; m/s
22-05-2025;04:40:00;2; m/s
22-05-2025;04:50:00;1,9; m/s
22-05-2025;05:00:00;1,9; m/s
22-05-2025;05:10:00;1,7; m/s
22-05-2025;05:20:00;1,5; m/s
22-05-2025;05:30:00;1,5; m/s
22-05-2025;05:40:00;1,7; m/s
22-05-2025;05:50:00;1,7; m/s
22-05-2025;06:00:00;1,9; m/s
22-05-2025;06:10:00;1,6; m/s
22-05-2025;06:20:00;1,5; m/s
22-05-2025;06:30:00;1,4; m/s
22-05-2025;06:40:00;1,7; m/s
22-05-2025;06:50:00;1,3; m/s
22-05-2025;07:00:00;1,1; m/s
22-05-2025;07:10:00;0,9; m/s
22-05-2025;07:20:00;1,3; m/s
22-05-2025;07:30:00;1,5; m/s
22-05-2025;07:40:00;1,5; m/s
22-05-2025;07:50:00;1,5; m/s
22-05-2025;08:00:00;1,5; m/s
22-05-2025;08:10:00;1,5; m/s
22-05-2025;08:20:00;1,6; m/s
22-05-2025;08:30:00;1,1; m/s
22-05-2025;08:40:00;1,6; m/s
22-05-2025;08:50:00;1,5; m/s
22-05-2025;09:00:00;1,5; m/s
22-05-2025;09:10:00;1,7; m/s
22-05-2025;09:20:00;2; m/s
22-05-2025;09:30:00;2; m/s
22-05-2025;09:40:00;2,2; m/s
22-05-2025;09:50:00;2,2; m/s
22-05-2025;10:00:00;2; m/s
22-05-2025;10:10:00;2,3; m/s
22-05-2025;10:20:00;2,5; m/s
22-05-2025;10:30:00;2,4; m/s
22-05-2025;10:40:00;2,3; m/s
22-05-2025;10:50:00;2,1; m/s
22-05-2025;11:00:00;2,1; m/s
22-05-2025;11:10:00;2,3; m/s
22-05-2025;11:20:00;2,5; m/s
22-05-2025;11:30:00;2,7; m/s
22-05-2025;11:40:00;2,8; m/s
22-05-2025;11:50:00;2,8; m/s
22-05-2025;12:00:00;2,8; m/s
22-05-2025;12:10:00;2,5; m/s
22-05-2025;12:20:00;2,6; m/s
22-05-2025;12:30:00;2,7; m/s
22-05-2025;12:40:00;2,9; m/s
22-05-2025;12:50:00;2,4; m/s
22-05-2025;13:00:00;2,2; m/s
22-05-2025;13:10:00;2,5; m/s
22-05-2025;13:20:00;2,3; m/s
22-05-2025;13:30:00;2,5; m/s
22-05-2025;13:40:00;2,7; m/s
22-05-2025;13:50:00;2,5; m/s
22-05-2025;14:00:00;2,4; m/s
22-05-2025;14:10:00;2,6; m/s
22-05-2025;14:20:00;2,5; m/s
22-05-2025;14:30:00;2,5; m/s
22-05-2025;14:40:00;2,4; m/s
22-05-2025;14:50:00;2,4; m/s
22-05-2025;15:00:00;3,3; m/s
22-05-2025;15:10:00;2,7; m/s
22-05-2025;15:20:00;2,5; m/s
22-05-2025;15:30:00;2,2; m/s
22-05-2025;15:40:00;1,7; m/s
22-05-2025;15:50:00;1,9; m/s
22-05-2025;16:00:00;2; m/s
22-05-2025;16:10:00;1,9; m/s
22-05-2025;16:20:00;2,2; m/s
22-05-2025;16:30:00;2,1; m/s
22-05-2025;16:40:00;2,1; m/s
22-05-2025;16:50:00;2,1; m/s
22-05-2025;17:00:00;1,5; m/s
22-05-2025;17:10:00;1,7; m/s
22-05-2025;17:20:00;1,8; m/s
22-05-2025;17:30:00;2,2; m/s
22-05-2025;17:40:00;2,5; m/s
22-05-2025;17:50:00;2,2; m/s
22-05-2025;18:00:00;2,1; m/s
22-05-2025;18:10:00;2,4; m/s
22-05-2025;18:20:00;2,1; m/s
22-05-2025;18:30:00;2,5; m/s
22-05-2025;18:40:00;2,5; m/s
22-05-2025;18:50:00;2,5; m/s
22-05-2025;19:00:00;2,5; m/s
22-05-2025;19:10:00;2,6; m/s
22-05-2025;19:20:00;2,7; m/s
22-05-2025;19:30:00;2,6; m/s
22-05-2025;19:40:00;2,5; m/s
22-05-2025;19:50:00;2,8; m/s
22-05-2025;20:00:00;2,7; m/s
22-05-2025;20:10:00;3; m/s
22-05-2025;20:20:00;2,8; m/s
22-05-2025;20:30:00;2,4; m/s
22-05-2025;20:40:00;2,1; m/s
22-05-2025;20:50:00;1,6; m/s
22-05-2025;21:00:00;2; m/s
22-05-2025;21:10:00;1,4; m/s
22-05-2025;21:20:00;1,6; m/s
22-05-2025;21:30:00;1,7; m/s
22-05-2025;21:40:00;2; m/s
22-05-2025;21:50:00;1,7; m/s
22-05-2025;22:00:00;2,2; m/s
22-05-2025;22:10:00;2,2; m/s
22-05-2025;22:20:00;2,2; m/s
22-05-2025;22:30:00;2,8; m/s
22-05-2025;22:40:00;2,4; m/s
22-05-2025;22:50:00;3; m/s
22-05-2025;23:00:00;2,2; m/s
22-05-2025;23:10:00;2,6; m/s
22-05-2025;23:20:00;2,4; m/s
22-05-2025;23:30:00;2,6; m/s
22-05-2025;23:40:00;2,9; m/s
22-05-2025;23:50:00;3,2; m/s
23-05-2025;00:00:00;3,4; m/s
23-05-2025;00:10:00;3,4; m/s
23-05-2025;00:20:00;3,2; m/s
23-05-2025;00:30:00;3,2; m/s
23-05-2025;00:40:00;3,2; m/s
23-05-2025;00:50:00;3,4; m/s
23-05-2025;01:00:00;3,2; m/s
23-05-2025;01:10:00;2,9; m/s
23-05-2025;01:20:00;2,8; m/s
23-05-2025;01:30:00;3; m/s
23-05-2025;01:40:00;2,7; m/s
23-05-2025;01:50:00;2,8; m/s
23-05-2025;02:00:00;2,6; m/s
23-05-2025;02:10:00;2,7; m/s
23-05-2025;02:20:00;2,9; m/s
23-05-2025;02:30:00;2,8; m/s
23-05-2025;02:40:00;2,9; m/s
23-05-2025;02:50:00;3,2; m/s
23-05-2025;03:00:00;3,3; m/s
23-05-2025;03:10:00;3,1; m/s
23-05-2025;03:20:00;3; m/s
23-05-2025;03:30:00;3; m/s
23-05-2025;03:40:00;2,6; m/s
23-05-2025;03:50:00;3; m/s
23-05-2025;04:00:00;3,4; m/s
23-05-2025;04:10:00;3,2; m/s
23-05-2025;04:20:00;2,9; m/s
23-05-2025;04:30:00;2,7; m/s
23-05-2025;04:40:00;3,1; m/s
23-05-2025;04:50:00;3,8; m/s
23-05-2025;05:00:00;3,8; m/s
23-05-2025;05:10:00;4,6; m/s
23-05-2025;05:20:00;4,3; m/s
23-05-2025;05:30:00;4,9; m/s
23-05-2025;05:40:00;4,8; m/s
23-05-2025;05:50:00;5,2; m/s
23-05-2025;06:00:00;5,4; m/s
23-05-2025;06:10:00;9,7; m/s
23-05-2025;06:20:00;10,3; m/s
23-05-2025;06:30:00;10; m/s
23-05-2025;06:40:00;9,8; m/s
23-05-2025;06:50:00;9,3; m/s
23-05-2025;07:00:00;8,4; m/s
23-05-2025;07:10:00;8,1; m/s
23-05-2025;07:20:00;7,3; m/s
23-05-2025;07:30:00;6; m/s
23-05-2025;07:40:00;5,5; m/s
23-05-2025;07:50:00;6,1; m/s
23-05-2025;08:00:00;6,2; m/s
23-05-2025;08:10:00;5,8; m/s
23-05-2025;08:20:00;5,8; m/s
23-05-2025;08:30:00;6,2; m/s
23-05-2025;08:40:00;6; m/s
23-05-2025;08:50:00;5; m/s
23-05-2025;09:00:00;5,2; m/s
23-05-2025;09:10:00;6,1; m/s
23-05-2025;09:20:00;5,8; m/s
23-05-2025;09:30:00;5,6; m/s
23-05-2025;09:40:00;4,8; m/s
23-05-2025;09:50:00;5; m/s
23-05-2025;10:00:00;4,9; m/s
23-05-2025;10:10:00;6,4; m/s
23-05-2025;10:20:00;6,6; m/s
23-05-2025;10:30:00;8; m/s
23-05-2025;10:40:00;7,5; m/s
23-05-2025;10:50:00;7,6; m/s
23-05-2025;11:00:00;6,2; m/s
23-05-2025;11:10:00;6,9; m/s
23-05-2025;11:20:00;6,9; m/s
23-05-2025;11:30:00;6,4; m/s
23-05-2025;11:40:00;6; m/s
23-05-2025;11:50:00;5,9; m/s
23-05-2025;12:00:00;6,2; m/s
23-05-2025;12:10:00;6,1; m/s
23-05-2025;12:20:00;5,9; m/s
23-05-2025;12:30:00;5,8; m/s
23-05-2025;12:40:00;5,1; m/s
23-05-2025;12:50:00;4,4; m/s
23-05-2025;13:00:00;4,3; m/s
23-05-2025;13:10:00;4; m/s
23-05-2025;13:20:00;4,8; m/s
23-05-2025;13:30:00;4,8; m/s
23-05-2025;13:40:00;4,7; m/s
23-05-2025;13:50:00;4,2; m/s
23-05-2025;14:00:00;3,3; m/s
23-05-2025;14:10:00;3,2; m/s
23-05-2025;14:20:00;4; m/s
23-05-2025;14:30:00;4,3; m/s
23-05-2025;14:40:00;4; m/s
23-05-2025;14:50:00;3,8; m/s
23-05-2025;15:00:00;3,2; m/s
23-05-2025;15:10:00;3,4; m/s
23-05-2025;15:20:00;3,6; m/s
23-05-2025;15:30:00;3,6; m/s
23-05-2025;15:40:00;5; m/s
23-05-2025;15:50:00;4,5; m/s
23-05-2025;16:00:00;4,8; m/s
23-05-2025;16:10:00;4,4; m/s
23-05-2025;16:20:00;4,5; m/s
23-05-2025;16:30:00;4,5; m/s
23-05-2025;16:40:00;5,1; m/s
23-05-2025;16:50:00;4,4; m/s
23-05-2025;17:00:00;4,3; m/s
23-05-2025;17:10:00;4,5; m/s
23-05-2025;17:20:00;4; m/s
23-05-2025;17:30:00;4,4; m/s
23-05-2025;17:40:00;4,7; m/s
23-05-2025;17:50:00;5,1; m/s
23-05-2025;18:00:00;4,4; m/s
23-05-2025;18:10:00;3,8; m/s
23-05-2025;18:20:00;3,8; m/s
23-05-2025;18:30:00;4,4; m/s
23-05-2025;18:40:00;4,7; m/s
23-05-2025;18:50:00;4,1; m/s
23-05-2025;19:00:00;4,3; m/s
23-05-2025;19:10:00;4,5; m/s
23-05-2025;19:20:00;4,1; m/s
23-05-2025;19:30:00;3,8; m/s
23-05-2025;19:40:00;3,9; m/s
23-05-2025;19:50:00;4,7; m/s
23-05-2025;20:00:00;3,9; m/s
23-05-2025;20:10:00;2,9; m/s
23-05-2025;20:20:00;2,7; m/s
23-05-2025;20:30:00;2,8; m/s
23-05-2025;20:40:00;2,8; m/s
23-05-2025;20:50:00;2,9; m/s
23-05-2025;21:00:00;2,8; m/s
23-05-2025;21:10:00;2,7; m/s
23-05-2025;21:20:00;2,8; m/s
23-05-2025;21:30:00;2,8; m/s
23-05-2025;21:40:00;3; m/s
23-05-2025;21:50:00;3,2; m/s
23-05-2025;22:00:00;3,1; m/s
23-05-2025;22:10:00;3,2; m/s
23-05-2025;22:20:00;2,9; m/s
23-05-2025;22:30:00;2,9; m/s
23-05-2025;22:40:00;3; m/s
23-05-2025;22:50:00;3,4; m/s
23-05-2025;23:00:00;3,6; m/s
23-05-2025;23:10:00;3,4; m/s
23-05-2025;23:20:00;3,5; m/s
23-05-2025;23:30:00;3,5; m/s
23-05-2025;23:40:00;3,5; m/s
23-05-2025;23:50:00;3,6; m/s
24-05-2025;00:00:00;3,7; m/s
24-05-2025;00:10:00;3,2; m/s
24-05-2025;00:20:00;2,5; m/s
24-05-2025;00:30:00;2,4; m/s
24-05-2025;00:40:00;2,5; m/s
24-05-2025;00:50:00;2,4; m/s
24-05-2025;01:00:00;2,2; m/s
24-05-2025;01:10:00;2,2; m/s
24-05-2025;01:20:00;2,6; m/s
24-05-2025;01:30:00;2,5; m/s
24-05-2025;01:40:00;2,3; m/s
24-05-2025;01:50:00;2,6; m/s
24-05-2025;02:00:00;2,7; m/s
24-05-2025;02:10:00;2,8; m/s
24-05-2025;02:20:00;2,1; m/s
24-05-2025;02:30:00;2,5; m/s
24-05-2025;02:40:00;2,7; m/s
24-05-2025;02:50:00;2,3; m/s
24-05-2025;03:00:00;2,8; m/s
24-05-2025;03:10:00;3,2; m/s
24-05-2025;03:20:00;3,6; m/s
24-05-2025;03:30:00;2,9; m/s
24-05-2025;03:40:00;2,7; m/s
24-05-2025;03:50:00;2,4; m/s
24-05-2025;04:00:00;3; m/s
24-05-2025;04:10:00;2,7; m/s
24-05-2025;04:20:00;3,2; m/s
24-05-2025;04:30:00;2,6; m/s
24-05-2025;04:40:00;3; m/s
24-05-2025;04:50:00;3,2; m/s
24-05-2025;05:00:00;3,3; m/s
24-05-2025;05:10:00;2,7; m/s
24-05-2025;05:20:00;3,6; m/s
24-05-2025;05:30:00;4,2; m/s
24-05-2025;05:40:00;4,2; m/s
24-05-2025;05:50:00;4,7; m/s
24-05-2025;06:00:00;5,2; m/s
24-05-2025;06:10:00;3,7; m/s
24-05-2025;06:20:00;4,7; m/s
24-05-2025;06:30:00;5,3; m/s
24-05-2025;06:40:00;5; m/s
24-05-2025;06:50:00;4,5; m/s
24-05-2025;07:00:00;5,6; m/s
24-05-2025;07:10:00;6,6; m/s
24-05-2025;07:20:00;7,1; m/s
24-05-2025;07:30:00;6,1; m/s
24-05-2025;07:40:00;6; m/s
24-05-2025;07:50:00;5,8; m/s
24-05-2025;08:00:00;6,1; m/s
24-05-2025;08:10:00;5,8; m/s
24-05-2025;08:20:00;6,3; m/s
24-05-2025;08:30:00;6,4; m/s
24-05-2025;08:40:00;6,3; m/s
24-05-2025;08:50:00;4,3; m/s
24-05-2025;09:00:00;5,7; m/s
24-05-2025;09:10:00;5,2; m/s
24-05-2025;09:20:00;4,3; m/s
24-05-2025;09:30:00;4,6; m/s
24-05-2025;09:40:00;5,8; m/s
24-05-2025;09:50:00;6,2; m/s
24-05-2025;10:00:00;5; m/s
24-05-2025;10:10:00;5,6; m/s
24-05-2025;10:20:00;5,8; m/s
24-05-2025;10:30:00;3,5; m/s
24-05-2025;10:40:00;2,9; m/s
24-05-2025;10:50:00;3; m/s
24-05-2025;11:00:00;3,9; m/s
24-05-2025;11:10:00;3,5; m/s
24-05-2025;11:20:00;3,7; m/s
24-05-2025;11:30:00;3,1; m/s
24-05-2025;11:40:00;3; m/s
24-05-2025;11:50:00;2,7; m/s
24-05-2025;12:00:00;3,5; m/s
24-05-2025;12:10:00;2,7; m/s
24-05-2025;12:20:00;3,4; m/s
24-05-2025;12:30:00;3,6; m/s
24-05-2025;12:40:00;3; m/s
24-05-2025;12:50:00;3,3; m/s
24-05-2025;13:00:00;2,2; m/s
24-05-2025;13:10:00;1,8; m/s
24-05-2025;13:20:00;2,8; m/s
24-05-2025;13:30:00;3,3; m/s
24-05-2025;13:40:00;3,3; m/s
24-05-2025;13:50:00;4,1; m/s
24-05-2025;14:00:00;3,6; m/s
24-05-2025;14:10:00;2,5; m/s
24-05-2025;14:20:00;4; m/s
24-05-2025;14:30:00;4,2; m/s
24-05-2025;14:40:00;4,6; m/s
24-05-2025;14:50:00;3,5; m/s
24-05-2025;15:00:00;2,6; m/s
24-05-2025;15:10:00;2,7; m/s
24-05-2025;15:20:00;2,6; m/s
24-05-2025;15:30:00;3,9; m/s
24-05-2025;15:40:00;2,3; m/s
24-05-2025;15:50:00;3,2; m/s
24-05-2025;16:00:00;3,3; m/s
24-05-2025;16:10:00;3,4; m/s
24-05-2025;16:20:00;4,4; m/s
24-05-2025;16:30:00;3,9; m/s
24-05-2025;16:40:00;3,5; m/s
24-05-2025;16:50:00;3,6; m/s
24-05-2025;17:00:00;3,1; m/s
24-05-2025;17:10:00;3,2; m/s
24-05-2025;17:20:00;2,9; m/s
24-05-2025;17:30:00;3,9; m/s
24-05-2025;17:40:00;4,2; m/s
24-05-2025;17:50:00;4,2; m/s
24-05-2025;18:00:00;5; m/s
24-05-2025;18:10:00;4,3; m/s
24-05-2025;18:20:00;4,4; m/s
24-05-2025;18:30:00;5,1; m/s
24-05-2025;18:40:00;5,8; m/s
24-05-2025;18:50:00;5; m/s
24-05-2025;19:00:00;6; m/s
24-05-2025;19:10:00;5,6; m/s
24-05-2025;19:20:00;5,6; m/s
24-05-2025;19:30:00;5,1; m/s
24-05-2025;19:40:00;5,1; m/s
24-05-2025;19:50:00;4,9; m/s
24-05-2025;20:00:00;5,1; m/s
24-05-2025;20:10:00;6; m/s
24-05-2025;20:20:00;5,8; m/s
24-05-2025;20:30:00;6,3; m/s
24-05-2025;20:40:00;6,6; m/s
24-05-2025;20:50:00;6,7; m/s
24-05-2025;21:00:00;6,6; m/s
24-05-2025;21:10:00;6,2; m/s
24-05-2025;21:20:00;6; m/s
24-05-2025;21:30:00;5,7; m/s
24-05-2025;21:40:00;5,4; m/s
24-05-2025;21:50:00;5; m/s
24-05-2025;22:00:00;4,2; m/s
24-05-2025;22:10:00;4,3; m/s
24-05-2025;22:20:00;4,5; m/s
24-05-2025;22:30:00;4,6; m/s
24-05-2025;22:40:00;4,1; m/s
24-05-2025;22:50:00;4; m/s
24-05-2025;23:00:00;4,2; m/s
24-05-2025;23:10:00;4,2; m/s
24-05-2025;23:20:00;3,8; m/s
24-05-2025;23:30:00;2,9; m/s
24-05-2025;23:40:00;2,7; m/s
24-05-2025;23:50:00;3,6; m/s
25-05-2025;00:00:00;3,9; m/s
25-05-2025;00:10:00;4,3; m/s
25-05-2025;00:20:00;4,6; m/s
25-05-2025;00:30:00;5,3; m/s
25-05-2025;00:40:00;5,4; m/s
25-05-2025;00:50:00;4,5; m/s
25-05-2025;01:00:00;4,8; m/s
25-05-2025;01:10:00;5,5; m/s
25-05-2025;01:20:00;5,1; m/s
25-05-2025;01:30:00;5,4; m/s
25-05-2025;01:40:00;5,6; m/s
25-05-2025;01:50:00;5,6; m/s
25-05-2025;02:00:00;5,6; m/s
25-05-2025;02:10:00;5,8; m/s
25-05-2025;02:20:00;5,5; m/s
25-05-2025;02:30:00;5,6; m/s
25-05-2025;02:40:00;5,4; m/s
25-05-2025;02:50:00;6; m/s
25-05-2025;03:00:00;6,7; m/s
25-05-2025;03:10:00;5,9; m/s
25-05-2025;03:20:00;5,7; m/s
25-05-2025;03:30:00;4,7; m/s
25-05-2025;03:40:00;4,3; m/s
25-05-2025;03:50:00;4,9; m/s
25-05-2025;04:00:00;5,8; m/s
25-05-2025;04:10:00;5,7; m/s
25-05-2025;04:20:00;6; m/s
25-05-2025;04:30:00;5,6; m/s
25-05-2025;04:40:00;5; m/s
25-05-2025;04:50:00;4,6; m/s
25-05-2025;05:00:00;5,2; m/s
25-05-2025;05:10:00;6,1; m/s
25-05-2025;05:20:00;6; m/s
25-05-2025;05:30:00;7,1; m/s
25-05-2025;05:40:00;6,4; m/s
25-05-2025;05:50:00;5,6; m/s
25-05-2025;06:00:00;5,4; m/s
25-05-2025;06:10:00;4,6; m/s
25-05-2025;06:20:00;4,5; m/s
25-05-2025;06:30:00;5,2; m/s
25-05-2025;06:40:00;5,2; m/s
25-05-2025;06:50:00;4,3; m/s
25-05-2025;07:00:00;3,1; m/s
25-05-2025;07:10:00;3,4; m/s
25-05-2025;07:20:00;3,1; m/s
25-05-2025;07:30:00;3,3; m/s
25-05-2025;07:40:00;4,1; m/s
25-05-2025;07:50:00;4; m/s
25-05-2025;08:00:00;3,9; m/s
25-05-2025;08:10:00;3,4; m/s
25-05-2025;08:20:00;4,1; m/s
25-05-2025;08:30:00;4,6; m/s
25-05-2025;08:40:00;3,3; m/s
25-05-2025;08:50:00;3; m/s
25-05-2025;09:00:00;3,6; m/s
25-05-2025;09:10:00;3,4; m/s
25-05-2025;09:20:00;3,3; m/s
25-05-2025;09:30:00;3,7; m/s
25-05-2025;09:40:00;3,4; m/s
25-05-2025;09:50:00;4; m/s
25-05-2025;10:00:00;3,8; m/s
25-05-2025;10:10:00;5,1; m/s
25-05-2025;10:20:00;3,1; m/s
25-05-2025;10:30:00;4,2; m/s
25-05-2025;10:40:00;3,6; m/s
25-05-2025;10:50:00;3,7; m/s
25-05-2025;11:00:00;3,8; m/s
25-05-2025;11:10:00;4; m/s
25-05-2025;11:20:00;3; m/s
25-05-2025;11:30:00;1,8; m/s
25-05-2025;11:40:00;3,7; m/s
25-05-2025;11:50:00;3,2; m/s
25-05-2025;12:00:00;1,8; m/s
25-05-2025;12:10:00;3,3; m/s
25-05-2025;12:20:00;2,5; m/s
25-05-2025;12:30:00;3,6; m/s
25-05-2025;12:40:00;9,2; m/s
25-05-2025;12:50:00;10,4; m/s
25-05-2025;13:00:00;11,5; m/s
25-05-2025;13:10:00;11,4; m/s
25-05-2025;13:20:00;14,1; m/s
25-05-2025;13:30:00;11,9; m/s
25-05-2025;13:40:00;12,7; m/s
25-05-2025;13:50:00;11,8; m/s
25-05-2025;14:00:00;12,1; m/s
25-05-2025;14:10:00;12,2; m/s
25-05-2025;14:20:00;12,8; m/s
25-05-2025;14:30:00;12,5; m/s
25-05-2025;14:40:00;12,5; m/s
25-05-2025;14:50:00;12,8; m/s
25-05-2025;15:00:00;12,4; m/s
25-05-2025;15:10:00;12,1; m/s
25-05-2025;15:20:00;11,6; m/s
25-05-2025;15:30:00;10,8; m/s
25-05-2025;15:40:00;10,7; m/s
25-05-2025;15:50:00;10,2; m/s
25-05-2025;16:00:00;9,1; m/s
25-05-2025;16:10:00;8,6; m/s
25-05-2025;16:20:00;8,7; m/s
25-05-2025;16:30:00;8,7; m/s
25-05-2025;16:40:00;9,8; m/s
25-05-2025;16:50:00;9,4; m/s
25-05-2025;17:00:00;10,1; m/s
25-05-2025;17:10:00;11; m/s
25-05-2025;17:20:00;10,6; m/s
25-05-2025;17:30:00;10,3; m/s
25-05-2025;17:40:00;9,4; m/s
25-05-2025;17:50:00;10,1; m/s
25-05-2025;18:00:00;9,9; m/s
25-05-2025;18:10:00;9,3; m/s
25-05-2025;18:20:00;10,1; m/s
25-05-2025;18:30:00;9,8; m/s
25-05-2025;18:40:00;9,4; m/s
25-05-2025;18:50:00;9,8; m/s
25-05-2025;19:00:00;9,7; m/s
25-05-2025;19:10:00;8,9; m/s
25-05-2025;19:20:00;7,9; m/s
25-05-2025;19:30:00;7,3; m/s
25-05-2025;19:40:00;4,5; m/s
25-05-2025;19:50:00;5,9; m/s
25-05-2025;20:00:00;4,2; m/s
25-05-2025;20:10:00;4,3; m/s
25-05-2025;20:20:00;3,8; m/s
25-05-2025;20:30:00;4,5; m/s
25-05-2025;20:40:00;4,4; m/s
25-05-2025;20:50:00;4,1; m/s
25-05-2025;21:00:00;4,5; m/s
25-05-2025;21:10:00;3,5; m/s
25-05-2025;21:20:00;2,4; m/s
25-05-2025;21:30:00;2,2; m/s
25-05-2025;21:40:00;2,2; m/s
25-05-2025;21:50:00;2,1; m/s
25-05-2025;22:00:00;2,1; m/s
25-05-2025;22:10:00;1,7; m/s
25-05-2025;22:20:00;1,7; m/s
25-05-2025;22:30:00;2; m/s
25-05-2025;22:40:00;2,3; m/s
25-05-2025;22:50:00;2; m/s
25-05-2025;23:00:00;2,3; m/s
25-05-2025;23:10:00;1,9; m/s
25-05-2025;23:20:00;2,3; m/s
25-05-2025;23:30:00;1,9; m/s
25-05-2025;23:40:00;1,4; m/s
25-05-2025;23:50:00;1,7; m/s
26-05-2025;00:00:00;2,6; m/s
26-05-2025;00:10:00;2,7; m/s
26-05-2025;00:20:00;2,1; m/s
26-05-2025;00:30:00;1,7; m/s
26-05-2025;00:40:00;2; m/s
26-05-2025;00:50:00;2; m/s
26-05-2025;01:00:00;2,7; m/s
26-05-2025;01:10:00;2,9; m/s
26-05-2025;01:20:00;3; m/s
26-05-2025;01:30:00;2,7; m/s
26-05-2025;01:40:00;3; m/s
26-05-2025;01:50:00;3; m/s
26-05-2025;02:00:00;3,3; m/s
26-05-2025;02:10:00;2,9; m/s
26-05-2025;02:20:00;2,6; m/s
26-05-2025;02:30:00;2,9; m/s
26-05-2025;02:40:00;3; m/s
26-05-2025;02:50:00;2,7; m/s
26-05-2025;03:00:00;2,5; m/s
26-05-2025;03:10:00;2,4; m/s
26-05-2025;03:20:00;2,7; m/s
26-05-2025;03:30:00;2,5; m/s
26-05-2025;03:40:00;2,5; m/s
26-05-2025;03:50:00;1,9; m/s
26-05-2025;04:00:00;1,4; m/s
26-05-2025;04:10:00;0,6; m/s
26-05-2025;04:20:00;0,3; m/s
26-05-2025;04:30:00;1; m/s
26-05-2025;04:40:00;0,9; m/s
26-05-2025;04:50:00;1,3; m/s
26-05-2025;05:00:00;1,7; m/s
26-05-2025;05:10:00;2,3; m/s
26-05-2025;05:20:00;2,2; m/s
26-05-2025;05:30:00;2,3; m/s
26-05-2025;05:40:00;2,5; m/s
26-05-2025;05:50:00;2,1; m/s
26-05-2025;06:00:00;1,6; m/s
26-05-2025;06:10:00;1; m/s
26-05-2025;06:20:00;0,1; m/s
26-05-2025;06:30:00;1,1; m/s
26-05-2025;06:40:00;1,2; m/s
26-05-2025;06:50:00;1; m/s
26-05-2025;07:00:00;0,9; m/s
26-05-2025;07:10:00;1; m/s
26-05-2025;07:20:00;1,2; m/s
26-05-2025;07:30:00;1,3; m/s
26-05-2025;07:40:00;1,3; m/s
26-05-2025;07:50:00;1,2; m/s
26-05-2025;08:00:00;0,8; m/s
26-05-2025;08:10:00;0,8; m/s
26-05-2025;08:20:00;1,2; m/s
26-05-2025;08:30:00;1,6; m/s
26-05-2025;08:40:00;2; m/s
26-05-2025;08:50:00;2,2; m/s
26-05-2025;09:00:00;2,3; m/s
26-05-2025;09:10:00;2,5; m/s
26-05-2025;09:20:00;2,7; m/s
26-05-2025;09:30:00;3,2; m/s
26-05-2025;09:40:00;3,2; m/s
26-05-2025;09:50:00;3,2; m/s
26-05-2025;10:00:00;2,8; m/s
26-05-2025;10:10:00;3; m/s
26-05-2025;10:20:00;3,2; m/s
26-05-2025;10:30:00;2,4; m/s
26-05-2025;10:40:00;3; m/s
26-05-2025;10:50:00;3,3; m/s
26-05-2025;11:00:00;3,5; m/s
26-05-2025;11:10:00;3,7; m/s
26-05-2025;11:20:00;3,5; m/s
26-05-2025;11:30:00;3,7; m/s
26-05-2025;11:40:00;3,9; m/s
26-05-2025;11:50:00;3,8; m/s
26-05-2025;12:00:00;4,7; m/s
26-05-2025;12:10:00;5,2; m/s
26-05-2025;12:20:00;5,5; m/s
26-05-2025;12:30:00;5,3; m/s
26-05-2025;12:40:00;5,8; m/s
26-05-2025;12:50:00;5,4; m/s
26-05-2025;13:00:00;5,2; m/s
26-05-2025;13:10:00;4,8; m/s
26-05-2025;13:20:00;4,7; m/s
26-05-2025;13:30:00;4,3; m/s
26-05-2025;13:40:00;5,1; m/s
26-05-2025;13:50:00;5,9; m/s
26-05-2025;14:00:00;6,8; m/s
26-05-2025;14:10:00;5,3; m/s
26-05-2025;14:20:00;4,7; m/s
26-05-2025;14:30:00;4; m/s
26-05-2025;14:40:00;4,5; m/s
26-05-2025;14:50:00;6,5; m/s
26-05-2025;15:00:00;5,8; m/s
26-05-2025;15:10:00;5,4; m/s
26-05-2025;15:20:00;5,4; m/s
26-05-2025;15:30:00;5,4; m/s
26-05-2025;15:40:00;5,9; m/s
26-05-2025;15:50:00;5,7; m/s
26-05-2025;16:00:00;5,4; m/s
26-05-2025;16:10:00;5; m/s
26-05-2025;16:20:00;5,5; m/s
26-05-2025;16:30:00;5,4; m/s
26-05-2025;16:40:00;5,9; m/s
26-05-2025;16:50:00;5,3; m/s
26-05-2025;17:00:00;4,9; m/s
26-05-2025;17:10:00;5,2; m/s
26-05-2025;17:20:00;5,4; m/s
26-05-2025;17:30:00;5,5; m/s
26-05-2025;17:40:00;5,3; m/s
26-05-2025;17:50:00;5,4; m/s
26-05-2025;18:00:00;4,5; m/s
26-05-2025;18:10:00;4,1; m/s
26-05-2025;18:20:00;4; m/s
26-05-2025;18:30:00;4,5; m/s
26-05-2025;18:40:00;4; m/s
26-05-2025;18:50:00;4; m/s
26-05-2025;19:00:00;3,3; m/s
26-05-2025;19:10:00;3,3; m/s
26-05-2025;19:20:00;3,2; m/s
26-05-2025;19:30:00;3,6; m/s
26-05-2025;19:40:00;3,3; m/s
26-05-2025;19:50:00;4,2; m/s
26-05-2025;20:00:00;3,4; m/s
26-05-2025;20:10:00;3,6; m/s
26-05-2025;20:20:00;3,1; m/s
26-05-2025;20:30:00;3,2; m/s
26-05-2025;20:40:00;2,6; m/s
26-05-2025;20:50:00;3,3; m/s
26-05-2025;21:00:00;2,2; m/s
26-05-2025;21:10:00;1,8; m/s
26-05-2025;21:20:00;2,2; m/s
26-05-2025;21:30:00;1,6; m/s
26-05-2025;21:40:00;1,7; m/s
26-05-2025;21:50:00;1,5; m/s
26-05-2025;22:00:00;2; m/s
26-05-2025;22:10:00;2,3; m/s
26-05-2025;22:20:00;1,7; m/s
26-05-2025;22:30:00;2,8; m/s
26-05-2025;22:40:00;2,5; m/s
26-05-2025;22:50:00;2; m/s
26-05-2025;23:00:00;0,8; m/s
26-05-2025;23:10:00;1,3; m/s
26-05-2025;23:20:00;1,5; m/s
26-05-2025;23:30:00;1,5; m/s
26-05-2025;23:40:00;1,6; m/s
26-05-2025;23:50:00;1,4; m/s
27-05-2025;00:00:00;0,4; m/s
27-05-2025;00:10:00;0,8; m/s
27-05-2025;00:20:00;0,8; m/s
27-05-2025;00:30:00;0,7; m/s
27-05-2025;00:40:00;1,3; m/s
27-05-2025;00:50:00;1,4; m/s
27-05-2025;01:00:00;1,5; m/s
27-05-2025;01:10:00;1,4; m/s
27-05-2025;01:20:00;1,6; m/s
27-05-2025;01:30:00;1,7; m/s
27-05-2025;01:40:00;2,1; m/s
27-05-2025;01:50:00;2,2; m/s
27-05-2025;02:00:00;2; m/s
27-05-2025;02:10:00;1,2; m/s
27-05-2025;02:20:00;1,5; m/s
27-05-2025;02:30:00;1,9; m/s
27-05-2025;02:40:00;2,2; m/s
27-05-2025;02:50:00;1,9; m/s
27-05-2025;03:00:00;1,8; m/s
27-05-2025;03:10:00;1,2; m/s
27-05-2025;03:20:00;1,5; m/s
27-05-2025;03:30:00;1,1; m/s
27-05-2025;03:40:00;1; m/s
27-05-2025;03:50:00;1,7; m/s
27-05-2025;04:00:00;1,9; m/s
27-05-2025;04:10:00;2,3; m/s
27-05-2025;04:20:00;2,4; m/s
27-05-2025;04:30:00;2,4; m/s
27-05-2025;04:40:00;2,1; m/s
27-05-2025;04:50:00;2,1; m/s
27-05-2025;05:00:00;2,6; m/s
27-05-2025;05:10:00;2,5; m/s
27-05-2025;05:20:00;2,8; m/s
27-05-2025;05:30:00;2,6; m/s
27-05-2025;05:40:00;2,1; m/s
27-05-2025;05:50:00;2; m/s
27-05-2025;06:00:00;1,9; m/s
27-05-2025;06:10:00;2,3; m/s
27-05-2025;06:20:00;2,6; m/s
27-05-2025;06:30:00;2,1; m/s
27-05-2025;06:40:00;2; m/s
27-05-2025;06:50:00;1,8; m/s
27-05-2025;07:00:00;1,8; m/s
27-05-2025;07:10:00;2,5; m/s
27-05-2025;07:20:00;2,3; m/s
27-05-2025;07:30:00;2,2; m/s
27-05-2025;07:40:00;2,5; m/s
27-05-2025;07:50:00;2,8; m/s
27-05-2025;08:00:00;2; m/s
27-05-2025;08:10:00;1,7; m/s
27-05-2025;08:20:00;1,9; m/s
27-05-2025;08:30:00;1,7; m/s
27-05-2025;08:40:00;1,7; m/s
27-05-2025;08:50:00;1,7; m/s
27-05-2025;09:00:00;1,7; m/s
27-05-2025;09:10:00;1,8; m/s
27-05-2025;09:20:00;2,2; m/s
27-05-2025;09:30:00;2; m/s
27-05-2025;09:40:00;2; m/s
27-05-2025;09:50:00;1,9; m/s
27-05-2025;10:00:00;2; m/s
27-05-2025;10:10:00;1,9; m/s
27-05-2025;10:20:00;1,8; m/s
27-05-2025;10:30:00;1,9; m/s
27-05-2025;10:40:00;2; m/s
27-05-2025;10:50:00;2; m/s
27-05-2025;11:00:00;1,8; m/s
27-05-2025;11:10:00;1,7; m/s
27-05-2025;11:20:00;1,9; m/s
27-05-2025;11:30:00;2,3; m/s
27-05-2025;11:40:00;2,2; m/s
27-05-2025;11:50:00;2,4; m/s
27-05-2025;12:00:00;2,3; m/s
27-05-2025;12:10:00;2,5; m/s
27-05-2025;12:20:00;2,6; m/s
27-05-2025;12:30:00;2,4; m/s
27-05-2025;12:40:00;2,5; m/s
27-05-2025;12:50:00;2,5; m/s
27-05-2025;13:00:00;2,4; m/s
27-05-2025;13:10:00;2,3; m/s
27-05-2025;13:20:00;2,3; m/s
27-05-2025;13:30:00;2,4; m/s
27-05-2025;13:40:00;2,4; m/s
27-05-2025;13:50:00;2,2; m/s
27-05-2025;14:00:00;2,2; m/s
27-05-2025;14:10:00;2,4; m/s
27-05-2025;14:20:00;2,5; m/s
27-05-2025;14:30:00;2,6; m/s
27-05-2025;14:40:00;2; m/s
27-05-2025;14:50:00;2,4; m/s
27-05-2025;15:00:00;2,5; m/s
27-05-2025;15:10:00;2,5; m/s
27-05-2025;15:20:00;2,5; m/s
27-05-2025;15:30:00;2,4; m/s
27-05-2025;15:40:00;2,5; m/s
27-05-2025;15:50:00;2,6; m/s
27-05-2025;16:00:00;2,4; m/s
27-05-2025;16:10:00;2,4; m/s
27-05-2025;16:20:00;2,4; m/s
27-05-2025;16:30:00;2,4; m/s
27-05-2025;16:40:00;2,2; m/s
27-05-2025;16:50:00;2,1; m/s
27-05-2025;17:00:00;2,1; m/s
27-05-2025;17:10:00;2,8; m/s
27-05-2025;17:20:00;3,5; m/s
27-05-2025;17:30:00;3,2; m/s
27-05-2025;17:40:00;2,9; m/s
27-05-2025;17:50:00;2,6; m/s
27-05-2025;18:00:00;3,1; m/s
27-05-2025;18:10:00;2,6; m/s
27-05-2025;18:20:00;2,7; m/s
27-05-2025;18:30:00;2,5; m/s
27-05-2025;18:40:00;2,6; m/s
27-05-2025;18:50:00;2,4; m/s
27-05-2025;19:00:00;2,8; m/s
27-05-2025;19:10:00;3,8; m/s
27-05-2025;19:20:00;4,1; m/s
27-05-2025;19:30:00;4,4; m/s
27-05-2025;19:40:00;5,2; m/s
27-05-2025;19:50:00;3,3; m/s
27-05-2025;20:00:00;4; m/s
27-05-2025;20:10:00;4,3; m/s
27-05-2025;20:20:00;3,7; m/s
27-05-2025;20:30:00;3,5; m/s
27-05-2025;20:40:00;3,1; m/s
27-05-2025;20:50:00;2,1; m/s
27-05-2025;21:00:00;2,7; m/s
27-05-2025;21:10:00;2,8; m/s
27-05-2025;21:20:00;2,9; m/s
27-05-2025;21:30:00;2,7; m/s
27-05-2025;21:40:00;2,7; m/s
27-05-2025;21:50:00;2,2; m/s
27-05-2025;22:00:00;1,4; m/s
27-05-2025;22:10:00;1,4; m/s
27-05-2025;22:20:00;1,9; m/s
27-05-2025;22:30:00;1,1; m/s
27-05-2025;22:40:00;3; m/s
27-05-2025;22:50:00;3; m/s
27-05-2025;23:00:00;2,8; m/s
27-05-2025;23:10:00;3; m/s
27-05-2025;23:20:00;3,8; m/s
27-05-2025;23:30:00;3,5; m/s
27-05-2025;23:40:00;3,6; m/s
27-05-2025;23:50:00;3,2; m/s
28-05-2025;00:00:00;3,2; m/s
28-05-2025;00:10:00;3,2; m/s
28-05-2025;00:20:00;3,6; m/s
28-05-2025;00:30:00;2,8; m/s
28-05-2025;00:40:00;2,6; m/s
28-05-2025;00:50:00;1,4; m/s
28-05-2025;01:00:00;1,1; m/s
28-05-2025;01:10:00;1; m/s
28-05-2025;01:20:00;2,1; m/s
28-05-2025;01:30:00;2; m/s
28-05-2025;01:40:00;2; m/s
28-05-2025;01:50:00;2; m/s
28-05-2025;02:00:00;2,1; m/s
28-05-2025;02:10:00;2,8; m/s
28-05-2025;02:20:00;1,7; m/s
28-05-2025;02:30:00;1,5; m/s
28-05-2025;02:40:00;2,3; m/s
28-05-2025;02:50:00;1,9; m/s
28-05-2025;03:00:00;2,3; m/s
28-05-2025;03:10:00;2; m/s
28-05-2025;03:20:00;1,2; m/s
28-05-2025;03:30:00;1,5; m/s
28-05-2025;03:40:00;2,2; m/s
28-05-2025;03:50:00;2,8; m/s
28-05-2025;04:00:00;3,1; m/s
28-05-2025;04:10:00;2,9; m/s
28-05-2025;04:20:00;2,1; m/s
28-05-2025;04:30:00;2,4; m/s
28-05-2025;04:40:00;3,6; m/s
28-05-2025;04:50:00;2,7; m/s
28-05-2025;05:00:00;2,1; m/s
28-05-2025;05:10:00;2,3; m/s
28-05-2025;05:20:00;2; m/s
28-05-2025;05:30:00;2,5; m/s
28-05-2025;05:40:00;3; m/s
28-05-2025;05:50:00;2,2; m/s
28-05-2025;06:00:00;1,9; m/s
28-05-2025;06:10:00;2,2; m/s
28-05-2025;06:20:00;2,3; m/s
28-05-2025;06:30:00;1,8; m/s
28-05-2025;06:40:00;1,6; m/s
28-05-2025;06:50:00;1,6; m/s
28-05-2025;07:00:00;1; m/s
28-05-2025;07:10:00;1,1; m/s
28-05-2025;07:20:00;1; m/s
28-05-2025;07:30:00;0,9; m/s
28-05-2025;07:40:00;0,7; m/s
28-05-2025;07:50:00;0,8; m/s
28-05-2025;08:00:00;0,7; m/s
28-05-2025;08:10:00;1,1; m/s
28-05-2025;08:20:00;1; m/s
28-05-2025;08:30:00;1,2; m/s
28-05-2025;08:40:00;1,3; m/s
28-05-2025;08:50:00;2; m/s
28-05-2025;09:00:00;1,8; m/s
28-05-2025;09:10:00;2,2; m/s
28-05-2025;09:20:00;2,4; m/s
28-05-2025;09:30:00;3,4; m/s
28-05-2025;09:40:00;3,9; m/s
28-05-2025;09:50:00;3,5; m/s
28-05-2025;10:00:00;3,8; m/s
28-05-2025;10:10:00;3,7; m/s
28-05-2025;10:20:00;3,6; m/s
28-05-2025;10:30:00;3,8; m/s
28-05-2025;10:40:00;4,1; m/s
28-05-2025;10:50:00;4,3; m/s
28-05-2025;11:00:00;4,7; m/s
28-05-2025;11:10:00;4,5; m/s
28-05-2025;11:20:00;4,7; m/s
28-05-2025;11:30:00;4,9; m/s
28-05-2025;11:40:00;4,8; m/s
28-05-2025;11:50:00;5,3; m/s
28-05-2025;12:00:00;5,5; m/s
28-05-2025;12:10:00;6,9; m/s
28-05-2025;12:20:00;6,9; m/s
28-05-2025;12:30:00;6,6; m/s
28-05-2025;12:40:00;5,9; m/s
28-05-2025;12:50:00;5,1; m/s
28-05-2025;13:00:00;6,8; m/s
28-05-2025;13:10:00;6,2; m/s
28-05-2025;13:20:00;6,3; m/s
28-05-2025;13:30:00;6,1; m/s
28-05-2025;13:40:00;5,7; m/s
28-05-2025;13:50:00;7; m/s
28-05-2025;14:00:00;7,4; m/s
28-05-2025;14:10:00;8,6; m/s
28-05-2025;14:20:00;9,2; m/s
28-05-2025;14:30:00;9,6; m/s
28-05-2025;14:40:00;9,9; m/s
28-05-2025;14:50:00;9,9; m/s
28-05-2025;15:00:00;9,6; m/s
28-05-2025;15:10:00;9,4; m/s
28-05-2025;15:20:00;9,2; m/s
28-05-2025;15:30:00;9,4; m/s
28-05-2025;15:40:00;9; m/s
28-05-2025;15:50:00;8,6; m/s
28-05-2025;16:00:00;9,7; m/s
28-05-2025;16:10:00;10; m/s
28-05-2025;16:20:00;8,7; m/s
28-05-2025;16:30:00;7,4; m/s
28-05-2025;16:40:00;8,2; m/s
28-05-2025;16:50:00;7,6; m/s
28-05-2025;17:00:00;7,7; m/s
28-05-2025;17:10:00;7,7; m/s
28-05-2025;17:20:00;7,4; m/s
28-05-2025;17:30:00;7,1; m/s
28-05-2025;17:40:00;7,7; m/s
28-05-2025;17:50:00;7,6; m/s
28-05-2025;18:00:00;6,9; m/s
28-05-2025;18:10:00;6,5; m/s
28-05-2025;18:20:00;6,8; m/s
28-05-2025;18:30:00;8,1; m/s
28-05-2025;18:40:00;8,4; m/s
28-05-2025;18:50:00;7,6; m/s
28-05-2025;19:00:00;7,8; m/s
28-05-2025;19:10:00;8,7; m/s
28-05-2025;19:20:00;7,6; m/s
28-05-2025;19:30:00;6,3; m/s
28-05-2025;19:40:00;5,5; m/s
28-05-2025;19:50:00;5,9; m/s
28-05-2025;20:00:00;5,7; m/s
28-05-2025;20:10:00;5; m/s
28-05-2025;20:20:00;4,6; m/s
28-05-2025;20:30:00;3,6; m/s
28-05-2025;20:40:00;3,7; m/s
28-05-2025;20:50:00;3,1; m/s
28-05-2025;21:00:00;2,8; m/s
28-05-2025;21:10:00;2; m/s
28-05-2025;21:20:00;1,8; m/s
28-05-2025;21:30:00;1,9; m/s
28-05-2025;21:40:00;2,8; m/s
28-05-2025;21:50:00;3; m/s
28-05-2025;22:00:00;3,3; m/s
28-05-2025;22:10:00;3; m/s
28-05-2025;22:20:00;3,8; m/s
28-05-2025;22:30:00;3,7; m/s
28-05-2025;22:40:00;3,9; m/s
28-05-2025;22:50:00;4,7; m/s
28-05-2025;23:00:00;4,2; m/s
28-05-2025;23:10:00;4,4; m/s
28-05-2025;23:20:00;4,1; m/s
28-05-2025;23:30:00;4,6; m/s
28-05-2025;23:40:00;4,6; m/s
28-05-2025;23:50:00;4,8; m/s
29-05-2025;00:00:00;4,5; m/s
29-05-2025;00:10:00;4,5; m/s
29-05-2025;00:20:00;4,8; m/s
29-05-2025;00:30:00;4,9; m/s
29-05-2025;00:40:00;5,7; m/s
29-05-2025;00:50:00;5,9; m/s
29-05-2025;01:00:00;5,8; m/s
29-05-2025;01:10:00;4,5; m/s
29-05-2025;01:20:00;3,8; m/s
29-05-2025;01:30:00;3,9; m/s
29-05-2025;01:40:00;3,2; m/s
29-05-2025;01:50:00;4,1; m/s
29-05-2025;02:00:00;4,5; m/s
29-05-2025;02:10:00;4,5; m/s
29-05-2025;02:20:00;5; m/s
29-05-2025;02:30:00;5,3; m/s
29-05-2025;02:40:00;5,5; m/s
29-05-2025;02:50:00;4,8; m/s
29-05-2025;03:00:00;4,8; m/s
29-05-2025;03:10:00;4,9; m/s
29-05-2025;03:20:00;4,2; m/s
29-05-2025;03:30:00;4,5; m/s
29-05-2025;03:40:00;4,1; m/s
29-05-2025;03:50:00;4,2; m/s
29-05-2025;04:00:00;4,2; m/s
29-05-2025;04:10:00;4,5; m/s
29-05-2025;04:20:00;5,5; m/s
29-05-2025;04:30:00;5,2; m/s
29-05-2025;04:40:00;4,8; m/s
29-05-2025;04:50:00;6,1; m/s
29-05-2025;05:00:00;4,7; m/s
29-05-2025;05:10:00;4,5; m/s
29-05-2025;05:20:00;4,6; m/s
29-05-2025;05:30:00;4; m/s
29-05-2025;05:40:00;4; m/s
29-05-2025;05:50:00;4,6; m/s
29-05-2025;06:00:00;4,8; m/s
29-05-2025;06:10:00;4,5; m/s
29-05-2025;06:20:00;4,6; m/s
29-05-2025;06:30:00;5,5; m/s
29-05-2025;06:40:00;5,2; m/s
29-05-2025;06:50:00;4,6; m/s
29-05-2025;07:00:00;3,2; m/s
29-05-2025;07:10:00;3,3; m/s
29-05-2025;07:20:00;2,4; m/s
29-05-2025;07:30:00;2,1; m/s
29-05-2025;07:40:00;1,7; m/s
29-05-2025;07:50:00;1,5; m/s
29-05-2025;08:00:00;1,4; m/s
29-05-2025;08:10:00;1,3; m/s
29-05-2025;08:20:00;1,5; m/s
29-05-2025;08:30:00;1,6; m/s
29-05-2025;08:40:00;1,9; m/s
29-05-2025;08:50:00;1,8; m/s
29-05-2025;09:00:00;0,9; m/s
29-05-2025;09:10:00;1,5; m/s
29-05-2025;09:20:00;1,9; m/s
29-05-2025;09:30:00;2,4; m/s
29-05-2025;09:40:00;1,8; m/s
29-05-2025;09:50:00;1,5; m/s
29-05-2025;10:00:00;1,1; m/s
29-05-2025;10:10:00;2,3; m/s
29-05-2025;10:20:00;2,5; m/s
29-05-2025;10:30:00;2,6; m/s
29-05-2025;10:40:00;2,2; m/s
29-05-2025;10:50:00;2,3; m/s
29-05-2025;11:00:00;2,3; m/s
29-05-2025;11:10:00;2; m/s
29-05-2025;11:20:00;2,2; m/s
29-05-2025;11:30:00;2,2; m/s
29-05-2025;11:40:00;3; m/s
29-05-2025;11:50:00;3,2; m/s
29-05-2025;12:00:00;3,7; m/s
29-05-2025;12:10:00;4,4; m/s
29-05-2025;12:20:00;5,4; m/s
29-05-2025;12:30:00;5,5; m/s
29-05-2025;12:40:00;5,4; m/s
29-05-2025;12:50:00;3,3; m/s
29-05-2025;13:00:00;3,3; m/s
29-05-2025;13:10:00;3,1; m/s
29-05-2025;13:20:00;5,9; m/s
29-05-2025;13:30:00;6,3; m/s
29-05-2025;13:40:00;5,3; m/s
29-05-2025;13:50:00;5,4; m/s
29-05-2025;14:00:00;4,8; m/s
29-05-2025;14:10:00;5,3; m/s
29-05-2025;14:20:00;6; m/s
29-05-2025;14:30:00;5,9; m/s
29-05-2025;14:40:00;6,7; m/s
29-05-2025;14:50:00;6,7; m/s
29-05-2025;15:00:00;7,5; m/s
29-05-2025;15:10:00;8; m/s
29-05-2025;15:20:00;6,9; m/s
29-05-2025;15:30:00;8,3; m/s
29-05-2025;15:40:00;9,7; m/s
29-05-2025;15:50:00;8,2; m/s
29-05-2025;16:00:00;9,6; m/s
29-05-2025;16:10:00;9,7; m/s
29-05-2025;16:20:00;8,6; m/s
29-05-2025;16:30:00;8,2; m/s
29-05-2025;16:40:00;6,4; m/s
29-05-2025;16:50:00;4,1; m/s
29-05-2025;17:00:00;4,2; m/s
29-05-2025;17:10:00;3,7; m/s
29-05-2025;17:20:00;4,1; m/s
29-05-2025;17:30:00;5,6; m/s
29-05-2025;17:40:00;4,2; m/s
29-05-2025;17:50:00;4,1; m/s
29-05-2025;18:00:00;4,4; m/s
29-05-2025;18:10:00;3,1; m/s
29-05-2025;18:20:00;3,2; m/s
29-05-2025;18:30:00;3,5; m/s
29-05-2025;18:40:00;3,6; m/s
29-05-2025;18:50:00;3,3; m/s
29-05-2025;19:00:00;4; m/s
29-05-2025;19:10:00;4,7; m/s
29-05-2025;19:20:00;5,1; m/s
29-05-2025;19:30:00;4,3; m/s
29-05-2025;19:40:00;5,4; m/s
29-05-2025;19:50:00;5,5; m/s
29-05-2025;20:00:00;4,7; m/s
29-05-2025;20:10:00;4,1; m/s
29-05-2025;20:20:00;4,6; m/s
29-05-2025;20:30:00;4,4; m/s
29-05-2025;20:40:00;4,8; m/s
29-05-2025;20:50:00;3,7; m/s
29-05-2025;21:00:00;3; m/s
29-05-2025;21:10:00;3; m/s
29-05-2025;21:20:00;3,2; m/s
29-05-2025;21:30:00;2,9; m/s
29-05-2025;21:40:00;3,6; m/s
29-05-2025;21:50:00;3,2; m/s
29-05-2025;22:00:00;3; m/s
29-05-2025;22:10:00;2,8; m/s
29-05-2025;22:20:00;4; m/s
29-05-2025;22:30:00;3,8; m/s
29-05-2025;22:40:00;2,8; m/s
29-05-2025;22:50:00;3,3; m/s
29-05-2025;23:00:00;2,6; m/s
29-05-2025;23:10:00;2,9; m/s
29-05-2025;23:20:00;2,9; m/s
29-05-2025;23:30:00;3,4; m/s
29-05-2025;23:40:00;3,2; m/s
29-05-2025;23:50:00;3,2; m/s
30-05-2025;00:00:00;4,5; m/s
30-05-2025;00:10:00;4,6; m/s
30-05-2025;00:20:00;4,6; m/s
30-05-2025;00:30:00;3,6; m/s
30-05-2025;00:40:00;2,6; m/s
30-05-2025;00:50:00;2,1; m/s
30-05-2025;01:00:00;3,6; m/s
30-05-2025;01:10:00;2,5; m/s
30-05-2025;01:20:00;2,3; m/s
30-05-2025;01:30:00;1,9; m/s
30-05-2025;01:40:00;1,9; m/s
30-05-2025;01:50:00;3,2; m/s
30-05-2025;02:00:00;3,4; m/s
30-05-2025;02:10:00;3,8; m/s
30-05-2025;02:20:00;3,7; m/s
30-05-2025;02:30:00;4,1; m/s
30-05-2025;02:40:00;4,4; m/s
30-05-2025;02:50:00;4,8; m/s
30-05-2025;03:00:00;4,5; m/s
30-05-2025;03:10:00;4; m/s
30-05-2025;03:20:00;3,3; m/s
30-05-2025;03:30:00;3,3; m/s
30-05-2025;03:40:00;2,3; m/s
30-05-2025;03:50:00;3; m/s
30-05-2025;04:00:00;3,4; m/s
30-05-2025;04:10:00;3,2; m/s
30-05-2025;04:20:00;2,3; m/s
30-05-2025;04:30:00;2,5; m/s
30-05-2025;04:40:00;2,6; m/s
30-05-2025;04:50:00;2,1; m/s
30-05-2025;05:00:00;3,2; m/s
30-05-2025;05:10:00;3; m/s
30-05-2025;05:20:00;3,2; m/s
30-05-2025;05:30:00;2,3; m/s
30-05-2025;05:40:00;2,1; m/s
30-05-2025;05:50:00;2,5; m/s
30-05-2025;06:00:00;2; m/s
30-05-2025;06:10:00;1,8; m/s
30-05-2025;06:20:00;2,7; m/s
30-05-2025;06:30:00;2,6; m/s
30-05-2025;06:40:00;2,3; m/s
30-05-2025;06:50:00;2,4; m/s
30-05-2025;07:00:00;3,2; m/s
30-05-2025;07:10:00;3,3; m/s
30-05-2025;07:20:00;3,5; m/s
30-05-2025;07:30:00;4,4; m/s
30-05-2025;07:40:00;5; m/s
30-05-2025;07:50:00;6,6; m/s
30-05-2025;08:00:00;8,1; m/s
30-05-2025;08:10:00;9,8; m/s
30-05-2025;08:20:00;8,1; m/s
30-05-2025;08:30:00;8,5; m/s
30-05-2025;08:40:00;8,6; m/s
30-05-2025;08:50:00;7,8; m/s
30-05-2025;09:00:00;8,7; m/s
30-05-2025;09:10:00;8,4; m/s
30-05-2025;09:20:00;8,2; m/s
30-05-2025;09:30:00;8,5; m/s
30-05-2025;09:40:00;7,9; m/s
30-05-2025;09:50:00;6,7; m/s
30-05-2025;10:00:00;7,7; m/s
30-05-2025;10:10:00;6,3; m/s
30-05-2025;10:20:00;6,4; m/s
30-05-2025;10:30:00;6,2; m/s
30-05-2025;10:40:00;5,2; m/s
30-05-2025;10:50:00;4,9; m/s
30-05-2025;11:00:00;5; m/s
30-05-2025;11:10:00;5,5; m/s
30-05-2025;11:20:00;4,6; m/s
30-05-2025;11:30:00;3,1; m/s
30-05-2025;11:40:00;3,6; m/s
30-05-2025;11:50:00;2,9; m/s
30-05-2025;12:00:00;3,8; m/s
30-05-2025;12:10:00;3; m/s
30-05-2025;12:20:00;3,4; m/s
30-05-2025;12:30:00;2,7; m/s
30-05-2025;12:40:00;2,8; m/s
30-05-2025;12:50:00;2,5; m/s
30-05-2025;13:00:00;2,9; m/s
30-05-2025;13:10:00;2,6; m/s
30-05-2025;13:20:00;3,3; m/s
30-05-2025;13:30:00;3,2; m/s
30-05-2025;13:40:00;2,9; m/s
30-05-2025;13:50:00;5,8; m/s
30-05-2025;14:00:00;5,6; m/s
30-05-2025;14:10:00;7,8; m/s
30-05-2025;14:20:00;9,7; m/s
30-05-2025;14:30:00;10; m/s
30-05-2025;14:40:00;10,9; m/s
30-05-2025;14:50:00;11,5; m/s
30-05-2025;15:00:00;12; m/s
30-05-2025;15:10:00;12,1; m/s
30-05-2025;15:20:00;11,6; m/s
30-05-2025;15:30:00;11,3; m/s
30-05-2025;15:40:00;10,6; m/s
30-05-2025;15:50:00;8,8; m/s
30-05-2025;16:00:00;9,5; m/s
30-05-2025;16:10:00;7,9; m/s
30-05-2025;16:20:00;7; m/s
30-05-2025;16:30:00;7,8; m/s
30-05-2025;16:40:00;6,4; m/s
30-05-2025;16:50:00;5,4; m/s
30-05-2025;17:00:00;4,9; m/s
30-05-2025;17:10:00;5; m/s
30-05-2025;17:20:00;4,2; m/s
30-05-2025;17:30:00;4,1; m/s
30-05-2025;17:40:00;3,5; m/s
30-05-2025;17:50:00;5; m/s
30-05-2025;18:00:00;5,5; m/s
30-05-2025;18:10:00;4,7; m/s
30-05-2025;18:20:00;4; m/s
30-05-2025;18:30:00;6,4; m/s
30-05-2025;18:40:00;7; m/s
30-05-2025;18:50:00;7,9; m/s
30-05-2025;19:00:00;8; m/s
30-05-2025;19:10:00;6,4; m/s
30-05-2025;19:20:00;6,5; m/s
30-05-2025;19:30:00;5,8; m/s
30-05-2025;19:40:00;4,1; m/s
30-05-2025;19:50:00;3,2; m/s
30-05-2025;20:00:00;2,5; m/s
30-05-2025;20:10:00;2,4; m/s
30-05-2025;20:20:00;1,9; m/s
30-05-2025;20:30:00;3,6; m/s
30-05-2025;20:40:00;3,4; m/s
30-05-2025;20:50:00;3,9; m/s
30-05-2025;21:00:00;2,5; m/s
30-05-2025;21:10:00;2,8; m/s
30-05-2025;21:20:00;3,4; m/s
30-05-2025;21:30:00;2,3; m/s
30-05-2025;21:40:00;1,4; m/s
30-05-2025;21:50:00;0,4; m/s
30-05-2025;22:00:00;1,5; m/s
30-05-2025;22:10:00;1,7; m/s
30-05-2025;22:20:00;1,9; m/s
30-05-2025;22:30:00;2; m/s
30-05-2025;22:40:00;1,6; m/s
30-05-2025;22:50:00;1,5; m/s
30-05-2025;23:00:00;1,6; m/s
30-05-2025;23:10:00;2; m/s
30-05-2025;23:20:00;2,4; m/s
30-05-2025;23:30:00;2,3; m/s
30-05-2025;23:40:00;2,5; m/s
30-05-2025;23:50:00;3,2; m/s
31-05-2025;00:00:00;3,8; m/s
31-05-2025;00:10:00;3,9; m/s
31-05-2025;00:20:00;3,6; m/s
31-05-2025;00:30:00;3,8; m/s
31-05-2025;00:40:00;3,7; m/s
31-05-2025;00:50:00;3,8; m/s
31-05-2025;01:00:00;4,3; m/s
31-05-2025;01:10:00;3,8; m/s
31-05-2025;01:20:00;3,8; m/s
31-05-2025;01:30:00;3,5; m/s
31-05-2025;01:40:00;3; m/s
31-05-2025;01:50:00;2,3; m/s
31-05-2025;02:00:00;1,4; m/s
31-05-2025;02:10:00;1,4; m/s
31-05-2025;02:20:00;1,9; m/s
31-05-2025;02:30:00;2,6; m/s
31-05-2025;02:40:00;3,2; m/s
31-05-2025;02:50:00;3; m/s
31-05-2025;03:00:00;2,8; m/s
31-05-2025;03:10:00;3,2; m/s
31-05-2025;03:20:00;3,5; m/s
31-05-2025;03:30:00;4,1; m/s
31-05-2025;03:40:00;4,1; m/s
31-05-2025;03:50:00;3,8; m/s
31-05-2025;04:00:00;3,1; m/s
31-05-2025;04:10:00;3,2; m/s
31-05-2025;04:20:00;1,8; m/s
31-05-2025;04:30:00;2,6; m/s
31-05-2025;04:40:00;2; m/s
31-05-2025;04:50:00;2,3; m/s
31-05-2025;05:00:00;1,8; m/s
31-05-2025;05:10:00;1,7; m/s
31-05-2025;05:20:00;2,2; m/s
31-05-2025;05:30:00;2,1; m/s
31-05-2025;05:40:00;2,3; m/s
31-05-2025;05:50:00;2,5; m/s
31-05-2025;06:00:00;2,6; m/s
31-05-2025;06:10:00;2,2; m/s
31-05-2025;06:20:00;2,2; m/s
31-05-2025;06:30:00;2,4; m/s
31-05-2025;06:40:00;2,1; m/s
31-05-2025;06:50:00;2,1; m/s
31-05-2025;07:00:00;1,3; m/s
31-05-2025;07:10:00;1,9; m/s
31-05-2025;07:20:00;0,9; m/s
31-05-2025;07:30:00;1; m/s
31-05-2025;07:40:00;1,7; m/s
31-05-2025;07:50:00;1,7; m/s
31-05-2025;08:00:00;2,1; m/s
31-05-2025;08:10:00;2,5; m/s
31-05-2025;08:20:00;3,5; m/s
31-05-2025;08:30:00;3,1; m/s
31-05-2025;08:40:00;3,5; m/s
31-05-2025;08:50:00;3,9; m/s
31-05-2025;09:00:00;3,4; m/s
31-05-2025;09:10:00;3; m/s
31-05-2025;09:20:00;2,9; m/s
31-05-2025;09:30:00;2,4; m/s
31-05-2025;09:40:00;2,8; m/s
31-05-2025;09:50:00;4,6; m/s
31-05-2025;10:00:00;5,6; m/s
31-05-2025;10:10:00;6,2; m/s
31-05-2025;10:20:00;6,4; m/s
31-05-2025;10:30:00;6,1; m/s
31-05-2025;10:40:00;5,4; m/s
31-05-2025;10:50:00;5,8; m/s
31-05-2025;11:00:00;6,3; m/s
31-05-2025;11:10:00;6,4; m/s
31-05-2025;11:20:00;6,5; m/s
31-05-2025;11:30:00;6,8; m/s
31-05-2025;11:40:00;7; m/s
31-05-2025;11:50:00;6,3; m/s
31-05-2025;12:00:00;7,4; m/s
31-05-2025;12:10:00;7,9; m/s
31-05-2025;12:20:00;9,1; m/s
31-05-2025;12:30:00;10,1; m/s
31-05-2025;12:40:00;10,2; m/s
31-05-2025;12:50:00;9,1; m/s
31-05-2025;13:00:00;8,7; m/s
31-05-2025;13:10:00;9,1; m/s
31-05-2025;13:20:00;9,7; m/s
31-05-2025;13:30:00;9,9; m/s
31-05-2025;13:40:00;9,2; m/s
31-05-2025;13:50:00;9; m/s
31-05-2025;14:00:00;8; m/s
31-05-2025;14:10:00;8; m/s
31-05-2025;14:20:00;7,7; m/s
31-05-2025;14:30:00;7,2; m/s
31-05-2025;14:40:00;7,2; m/s
31-05-2025;14:50:00;7,6; m/s
31-05-2025;15:00:00;7,3; m/s
31-05-2025;15:10:00;7,2; m/s
31-05-2025;15:20:00;7,2; m/s
31-05-2025;15:30:00;7,7; m/s
31-05-2025;15:40:00;7,2; m/s
31-05-2025;15:50:00;6,7; m/s
31-05-2025;16:00:00;7,4; m/s
31-05-2025;16:10:00;7,4; m/s
31-05-2025;16:20:00;7,3; m/s
31-05-2025;16:30:00;7,9; m/s
31-05-2025;16:40:00;8,6; m/s
31-05-2025;16:50:00;8,2; m/s
31-05-2025;17:00:00;8; m/s
31-05-2025;17:10:00;7,5; m/s
31-05-2025;17:20:00;8,1; m/s
31-05-2025;17:30:00;7,8; m/s
31-05-2025;17:40:00;7,8; m/s
31-05-2025;17:50:00;8,1; m/s
31-05-2025;18:00:00;7,6; m/s
31-05-2025;18:10:00;8; m/s
31-05-2025;18:20:00;8,1; m/s
31-05-2025;18:30:00;7,1; m/s
31-05-2025;18:40:00;7,6; m/s
31-05-2025;18:50:00;6,4; m/s
31-05-2025;19:00:00;6; m/s
31-05-2025;19:10:00;4,1; m/s
31-05-2025;19:20:00;4,1; m/s
31-05-2025;19:30:00;3,4; m/s
31-05-2025;19:40:00;4,2; m/s
31-05-2025;19:50:00;5,4; m/s
31-05-2025;20:00:00;6,4; m/s
31-05-2025;20:10:00;4,8; m/s
31-05-2025;20:20:00;4,1; m/s
31-05-2025;20:30:00;4,4; m/s
31-05-2025;20:40:00;4,1; m/s
31-05-2025;20:50:00;4; m/s
31-05-2025;21:00:00;3,1; m/s
31-05-2025;21:10:00;2,7; m/s
31-05-2025;21:20:00;2,3; m/s
31-05-2025;21:30:00;2,6; m/s
31-05-2025;21:40:00;1,9; m/s
31-05-2025;21:50:00;1,6; m/s
31-05-2025;22:00:00;2,1; m/s
31-05-2025;22:10:00;2,1; m/s
31-05-2025;22:20:00;1,9; m/s
31-05-2025;22:30:00;2; m/s
31-05-2025;22:40:00;2,2; m/s
31-05-2025;22:50:00;2,5; m/s
31-05-2025;23:00:00;2,5; m/s
31-05-2025;23:10:00;1,8; m/s
31-05-2025;23:20:00;1,8; m/s
31-05-2025;23:30:00;1,3; m/s
31-05-2025;23:40:00;1,6; m/s
31-05-2025;23:50:00;1,9; m/s
01-06-2025;00:00:00;2,3; m/s
01-06-2025;00:10:00;2,3; m/s
01-06-2025;00:20:00;1,1; m/s
01-06-2025;00:30:00;1,8; m/s
01-06-2025;00:40:00;1,4; m/s
01-06-2025;00:50:00;2; m/s
01-06-2025;01:00:00;1,5; m/s
01-06-2025;01:10:00;1,2; m/s
01-06-2025;01:20:00;1,4; m/s
01-06-2025;01:30:00;2,3; m/s
01-06-2025;01:40:00;2,6; m/s
01-06-2025;01:50:00;2,1; m/s
01-06-2025;02:00:00;1,8; m/s
01-06-2025;02:10:00;1,3; m/s
01-06-2025;02:20:00;0,7; m/s
01-06-2025;02:30:00;0,7; m/s
01-06-2025;02:40:00;1,1; m/s
01-06-2025;02:50:00;1,1; m/s
01-06-2025;03:00:00;0,6; m/s
01-06-2025;03:10:00;0,3; m/s
01-06-2025;03:20:00;0,4; m/s
01-06-2025;03:30:00;0,6; m/s
01-06-2025;03:40:00;0,1; m/s
01-06-2025;03:50:00;0,9; m/s
01-06-2025;04:00:00;1,1; m/s
01-06-2025;04:10:00;0,2; m/s
01-06-2025;04:20:00;0,3; m/s
01-06-2025;04:30:00;1,3; m/s
01-06-2025;04:40:00;2; m/s
01-06-2025;04:50:00;2,6; m/s
01-06-2025;05:00:00;2,7; m/s
01-06-2025;05:10:00;2,9; m/s
01-06-2025;05:20:00;2,8; m/s
01-06-2025;05:30:00;2,4; m/s
01-06-2025;05:40:00;1,6; m/s
01-06-2025;05:50:00;1,5; m/s
01-06-2025;06:00:00;1,3; m/s
01-06-2025;06:10:00;1; m/s
01-06-2025;06:20:00;0,6; m/s
01-06-2025;06:30:00;1; m/s
01-06-2025;06:40:00;2,3; m/s
01-06-2025;06:50:00;2,2; m/s
01-06-2025;07:00:00;3; m/s
01-06-2025;07:10:00;2,9; m/s
01-06-2025;07:20:00;2,8; m/s
01-06-2025;07:30:00;2,3; m/s
01-06-2025;07:40:00;1,7; m/s
01-06-2025;07:50:00;1,6; m/s
01-06-2025;08:00:00;1,4; m/s
01-06-2025;08:10:00;1,5; m/s
01-06-2025;08:20:00;1,4; m/s
01-06-2025;08:30:00;1,5; m/s
01-06-2025;08:40:00;1,8; m/s
01-06-2025;08:50:00;1,6; m/s
01-06-2025;09:00:00;1,8; m/s
01-06-2025;09:10:00;1,9; m/s
01-06-2025;09:20:00;1,7; m/s
01-06-2025;09:30:00;1,6; m/s
01-06-2025;09:40:00;1,7; m/s
01-06-2025;09:50:00;1,8; m/s
01-06-2025;10:00:00;1,9; m/s
01-06-2025;10:10:00;1,8; m/s
01-06-2025;10:20:00;2,1; m/s
01-06-2025;10:30:00;1,7; m/s
01-06-2025;10:40:00;1,4; m/s
01-06-2025;10:50:00;1,7; m/s
01-06-2025;11:00:00;2; m/s
01-06-2025;11:10:00;2,1; m/s
01-06-2025;11:20:00;1,8; m/s
01-06-2025;11:30:00;1,8; m/s
01-06-2025;11:40:00;1,8; m/s
01-06-2025;11:50:00;1,6; m/s
01-06-2025;12:00:00;1,7; m/s
01-06-2025;12:10:00;2,2; m/s
01-06-2025;12:20:00;2,1; m/s
01-06-2025;12:30:00;2,3; m/s
01-06-2025;12:40:00;2,2; m/s
01-06-2025;12:50:00;2,1; m/s
01-06-2025;13:00:00;2,1; m/s
01-06-2025;13:10:00;1,9; m/s
01-06-2025;13:20:00;2,2; m/s
01-06-2025;13:30:00;2,4; m/s
01-06-2025;13:40:00;2,5; m/s
01-06-2025;13:50:00;2; m/s
01-06-2025;14:00:00;2,3; m/s
01-06-2025;14:10:00;2,3; m/s
01-06-2025;14:20:00;2,5; m/s
01-06-2025;14:30:00;2,4; m/s
01-06-2025;14:40:00;1,9; m/s
01-06-2025;14:50:00;2,3; m/s
01-06-2025;15:00:00;2,1; m/s
01-06-2025;15:10:00;2,2; m/s
01-06-2025;15:20:00;2; m/s
01-06-2025;15:30:00;2,4; m/s
01-06-2025;15:40:00;2,2; m/s
01-06-2025;15:50:00;1,8; m/s
01-06-2025;16:00:00;2; m/s
01-06-2025;16:10:00;2,2; m/s
01-06-2025;16:20:00;2,2; m/s
01-06-2025;16:30:00;2,3; m/s
01-06-2025;16:40:00;2,2; m/s
01-06-2025;16:50:00;2,1; m/s
01-06-2025;17:00:00;1,9; m/s
01-06-2025;17:10:00;1,9; m/s
01-06-2025;17:20:00;1,9; m/s
01-06-2025;17:30:00;1,9; m/s
01-06-2025;17:40:00;1,9; m/s
01-06-2025;17:50:00;1,8; m/s
01-06-2025;18:00:00;1,9; m/s
01-06-2025;18:10:00;1,8; m/s
01-06-2025;18:20:00;1,6; m/s
01-06-2025;18:30:00;1,5; m/s
01-06-2025;18:40:00;1,5; m/s
01-06-2025;18:50:00;1,7; m/s
01-06-2025;19:00:00;0,8; m/s
01-06-2025;19:10:00;0,8; m/s
01-06-2025;19:20:00;0,9; m/s
01-06-2025;19:30:00;0,9; m/s
01-06-2025;19:40:00;1; m/s
01-06-2025;19:50:00;1,1; m/s
01-06-2025;20:00:00;1; m/s
01-06-2025;20:10:00;1,3; m/s
01-06-2025;20:20:00;0,9; m/s
01-06-2025;20:30:00;0,8; m/s
01-06-2025;20:40:00;0,9; m/s
01-06-2025;20:50:00;0,9; m/s
01-06-2025;21:00:00;0,6; m/s
01-06-2025;21:10:00;0,6; m/s
01-06-2025;21:20:00;0,9; m/s
01-06-2025;21:30:00;1; m/s
01-06-2025;21:40:00;0,8; m/s
01-06-2025;21:50:00;0,7; m/s
01-06-2025;22:00:00;1; m/s
01-06-2025;22:10:00;0,9; m/s
01-06-2025;22:20:00;0,9; m/s
01-06-2025;22:30:00;0,9; m/s
01-06-2025;22:40:00;1,1; m/s
01-06-2025;22:50:00;1,1; m/s
01-06-2025;23:00:00;1,1; m/s
01-06-2025;23:10:00;1; m/s
01-06-2025;23:20:00;1; m/s
01-06-2025;23:30:00;0,9; m/s
01-06-2025;23:40:00;1,1; m/s
01-06-2025;23:50:00;1,3; m/s
02-06-2025;00:00:00;1,4; m/s
02-06-2025;00:10:00;1,2; m/s
02-06-2025;00:20:00;1,3; m/s
02-06-2025;00:30:00;1,4; m/s
02-06-2025;00:40:00;1,2; m/s
02-06-2025;00:50:00;1,1; m/s
02-06-2025;01:00:00;1,1; m/s
02-06-2025;01:10:00;1,1; m/s
02-06-2025;01:20:00;1,1; m/s
02-06-2025;01:30:00;1,1; m/s
02-06-2025;01:40:00;1,5; m/s
02-06-2025;01:50:00;1,5; m/s
02-06-2025;02:00:00;1,2; m/s
02-06-2025;02:10:00;1; m/s
02-06-2025;02:20:00;1,1; m/s
02-06-2025;02:30:00;1; m/s
02-06-2025;02:40:00;1,2; m/s
02-06-2025;02:50:00;1,1; m/s
02-06-2025;03:00:00;1,6; m/s
02-06-2025;03:10:00;1,3; m/s
02-06-2025;03:20:00;1,3; m/s
02-06-2025;03:30:00;1,1; m/s
02-06-2025;03:40:00;1; m/s
02-06-2025;03:50:00;1,1; m/s
02-06-2025;04:00:00;1,2; m/s
02-06-2025;04:10:00;1,6; m/s
02-06-2025;04:20:00;1,3; m/s
02-06-2025;04:30:00;1,3; m/s
02-06-2025;04:40:00;1,2; m/s
02-06-2025;04:50:00;1,7; m/s
02-06-2025;05:00:00;1,8; m/s
02-06-2025;05:10:00;2,4; m/s
02-06-2025;05:20:00;2,3; m/s
02-06-2025;05:30:00;2,7; m/s
02-06-2025;05:40:00;1,5; m/s
02-06-2025;05:50:00;1; m/s
02-06-2025;06:00:00;1,1; m/s
02-06-2025;06:10:00;1,4; m/s
02-06-2025;06:20:00;1,7; m/s
02-06-2025;06:30:00;2,1; m/s
02-06-2025;06:40:00;2,5; m/s
02-06-2025;06:50:00;2,4; m/s
02-06-2025;07:00:00;2,5; m/s
02-06-2025;07:10:00;2,4; m/s
02-06-2025;07:20:00;2,6; m/s
02-06-2025;07:30:00;2,4; m/s
02-06-2025;07:40:00;2; m/s
02-06-2025;07:50:00;2,1; m/s
02-06-2025;08:00:00;1,7; m/s
02-06-2025;08:10:00;1,8; m/s
02-06-2025;08:20:00;2,2; m/s
02-06-2025;08:30:00;1,8; m/s
02-06-2025;08:40:00;1,9; m/s
02-06-2025;08:50:00;1,6; m/s
02-06-2025;09:00:00;1,5; m/s
02-06-2025;09:10:00;1,7; m/s
02-06-2025;09:20:00;1,6; m/s
02-06-2025;09:30:00;1,8; m/s
02-06-2025;09:40:00;1,9; m/s
02-06-2025;09:50:00;2,3; m/s
02-06-2025;10:00:00;2,8; m/s
02-06-2025;10:10:00;2,2; m/s
02-06-2025;10:20:00;2; m/s
02-06-2025;10:30:00;2; m/s
02-06-2025;10:40:00;2,3; m/s
02-06-2025;10:50:00;2,2; m/s
02-06-2025;11:00:00;2,4; m/s
02-06-2025;11:10:00;2,4; m/s
02-06-2025;11:20:00;2,9; m/s
02-06-2025;11:30:00;2,5; m/s
02-06-2025;11:40:00;2,6; m/s
02-06-2025;11:50:00;2,6; m/s
02-06-2025;12:00:00;2,7; m/s
02-06-2025;12:10:00;2,8; m/s
02-06-2025;12:20:00;2,8; m/s
02-06-2025;12:30:00;2,7; m/s
02-06-2025;12:40:00;2,9; m/s
02-06-2025;12:50:00;2,6; m/s
02-06-2025;13:00:00;2,9; m/s
02-06-2025;13:10:00;2,8; m/s
02-06-2025;13:20:00;2,8; m/s
02-06-2025;13:30:00;2,7; m/s
02-06-2025;13:40:00;2,8; m/s
02-06-2025;13:50:00;2,7; m/s
02-06-2025;14:00:00;2,5; m/s
02-06-2025;14:10:00;2,7; m/s
02-06-2025;14:20:00;2,9; m/s
02-06-2025;14:30:00;2,7; m/s
02-06-2025;14:40:00;2,3; m/s
02-06-2025;14:50:00;2,2; m/s
02-06-2025;15:00:00;2,3; m/s
02-06-2025;15:10:00;2,4; m/s
02-06-2025;15:20:00;3; m/s
02-06-2025;15:30:00;3,4; m/s
02-06-2025;15:40:00;3,7; m/s
02-06-2025;15:50:00;3,9; m/s
02-06-2025;16:00:00;3,6; m/s
02-06-2025;16:10:00;3,8; m/s
02-06-2025;16:20:00;3,2; m/s
02-06-2025;16:30:00;3,1; m/s
02-06-2025;16:40:00;3,5; m/s
02-06-2025;16:50:00;3,1; m/s
02-06-2025;17:00:00;3,3; m/s
02-06-2025;17:10:00;3,4; m/s
02-06-2025;17:20:00;3,3; m/s
02-06-2025;17:30:00;2,5; m/s
02-06-2025;17:40:00;2,5; m/s
02-06-2025;17:50:00;2,7; m/s
02-06-2025;18:00:00;2,7; m/s
02-06-2025;18:10:00;2,7; m/s
02-06-2025;18:20:00;2,6; m/s
02-06-2025;18:30:00;2,3; m/s
02-06-2025;18:40:00;2,1; m/s
02-06-2025;18:50:00;2,1; m/s
02-06-2025;19:00:00;2,3; m/s
02-06-2025;19:10:00;1,8; m/s
02-06-2025;19:20:00;1,4; m/s
02-06-2025;19:30:00;1,5; m/s
02-06-2025;19:40:00;1,5; m/s
02-06-2025;19:50:00;1,7; m/s
02-06-2025;20:00:00;1,9; m/s
02-06-2025;20:10:00;2; m/s
02-06-2025;20:20:00;2,5; m/s
02-06-2025;20:30:00;2,3; m/s
02-06-2025;20:40:00;2,1; m/s
02-06-2025;20:50:00;2,1; m/s
02-06-2025;21:00:00;1,4; m/s
02-06-2025;21:10:00;1,5; m/s
02-06-2025;21:20:00;1,4; m/s
02-06-2025;21:30:00;1,1; m/s
02-06-2025;21:40:00;0,9; m/s
02-06-2025;21:50:00;0,7; m/s
02-06-2025;22:00:00;0,5; m/s
02-06-2025;22:10:00;0,1; m/s
02-06-2025;22:20:00;0,4; m/s
02-06-2025;22:30:00;0,3; m/s
02-06-2025;22:40:00;0,8; m/s
02-06-2025;22:50:00;1,8; m/s
02-06-2025;23:00:00;1,6; m/s
02-06-2025;23:10:00;1; m/s
02-06-2025;23:20:00;1,2; m/s
02-06-2025;23:30:00;1,2; m/s
02-06-2025;23:40:00;1,2; m/s
02-06-2025;23:50:00;0,9; m/s
03-06-2025;00:00:00;0,9; m/s
03-06-2025;00:10:00;0,7; m/s
03-06-2025;00:20:00;1; m/s
03-06-2025;00:30:00;1,1; m/s
03-06-2025;00:40:00;0,6; m/s
03-06-2025;00:50:00;0,7; m/s
03-06-2025;01:00:00;0,8; m/s
03-06-2025;01:10:00;1; m/s
03-06-2025;01:20:00;1,2; m/s
03-06-2025;01:30:00;1,3; m/s
03-06-2025;01:40:00;1,5; m/s
03-06-2025;01:50:00;1,9; m/s
03-06-2025;02:00:00;2,6; m/s
03-06-2025;02:10:00;2,8; m/s
03-06-2025;02:20:00;2,5; m/s
03-06-2025;02:30:00;2,4; m/s
03-06-2025;02:40:00;2,4; m/s
03-06-2025;02:50:00;2,9; m/s
03-06-2025;03:00:00;3,1; m/s
03-06-2025;03:10:00;2,6; m/s
03-06-2025;03:20:00;2,8; m/s
03-06-2025;03:30:00;2,7; m/s
03-06-2025;03:40:00;2,6; m/s
03-06-2025;03:50:00;2,7; m/s
03-06-2025;04:00:00;2,6; m/s
03-06-2025;04:10:00;2,6; m/s
03-06-2025;04:20:00;2,5; m/s
03-06-2025;04:30:00;1,9; m/s
03-06-2025;04:40:00;2; m/s
03-06-2025;04:50:00;2; m/s
03-06-2025;05:00:00;2; m/s
03-06-2025;05:10:00;1,8; m/s
03-06-2025;05:20:00;1,9; m/s
03-06-2025;05:30:00;1,9; m/s
03-06-2025;05:40:00;1,9; m/s
03-06-2025;05:50:00;1,7; m/s
03-06-2025;06:00:00;1,6; m/s
03-06-2025;06:10:00;1,6; m/s
03-06-2025;06:20:00;1,8; m/s
03-06-2025;06:30:00;2; m/s
03-06-2025;06:40:00;1,8; m/s
03-06-2025;06:50:00;1,7; m/s
03-06-2025;07:00:00;1,2; m/s
03-06-2025;07:10:00;1,1; m/s
03-06-2025;07:20:00;1,3; m/s
03-06-2025;07:30:00;1,3; m/s
03-06-2025;07:40:00;1,2; m/s
03-06-2025;07:50:00;1,2; m/s
03-06-2025;08:00:00;1,1; m/s
03-06-2025;08:10:00;1,4; m/s
03-06-2025;08:20:00;1,3; m/s
03-06-2025;08:30:00;1,2; m/s
03-06-2025;08:40:00;1,1; m/s
03-06-2025;08:50:00;1,5; m/s
03-06-2025;09:00:00;1,8; m/s
03-06-2025;09:10:00;1,5; m/s
03-06-2025;09:20:00;2; m/s
03-06-2025;09:30:00;1,7; m/s
03-06-2025;09:40:00;1,5; m/s
03-06-2025;09:50:00;1,6; m/s
03-06-2025;10:00:00;1,6; m/s
03-06-2025;10:10:00;1,9; m/s
03-06-2025;10:20:00;2; m/s
03-06-2025;10:30:00;2,3; m/s
03-06-2025;10:40:00;2,2; m/s
03-06-2025;10:50:00;2,3; m/s
03-06-2025;11:00:00;2,7; m/s
03-06-2025;11:10:00;2,3; m/s
03-06-2025;11:20:00;2,4; m/s
03-06-2025;11:30:00;3; m/s
03-06-2025;11:40:00;4; m/s
03-06-2025;11:50:00;4,3; m/s
03-06-2025;12:00:00;4,9; m/s
03-06-2025;12:10:00;4,6; m/s
03-06-2025;12:20:00;3,5; m/s
03-06-2025;12:30:00;3,6; m/s
03-06-2025;12:40:00;4; m/s
03-06-2025;12:50:00;4,4; m/s
03-06-2025;13:00:00;4,1; m/s
03-06-2025;13:10:00;4,3; m/s
03-06-2025;13:20:00;4,4; m/s
03-06-2025;13:30:00;4,4; m/s
03-06-2025;13:40:00;5; m/s
03-06-2025;13:50:00;5,3; m/s
03-06-2025;14:00:00;6; m/s
03-06-2025;14:10:00;6,6; m/s
03-06-2025;14:20:00;5,7; m/s
03-06-2025;14:30:00;6,2; m/s
03-06-2025;14:40:00;6,4; m/s
03-06-2025;14:50:00;5,8; m/s
03-06-2025;15:00:00;5; m/s
03-06-2025;15:10:00;5,1; m/s
03-06-2025;15:20:00;4,7; m/s
03-06-2025;15:30:00;5,1; m/s
03-06-2025;15:40:00;5; m/s
03-06-2025;15:50:00;5,2; m/s
03-06-2025;16:00:00;5,3; m/s
03-06-2025;16:10:00;5,3; m/s
03-06-2025;16:20:00;5,2; m/s
03-06-2025;16:30:00;5,4; m/s
03-06-2025;16:40:00;5,9; m/s
03-06-2025;16:50:00;5,9; m/s
03-06-2025;17:00:00;6,3; m/s
03-06-2025;17:10:00;6,4; m/s
03-06-2025;17:20:00;6,3; m/s
03-06-2025;17:30:00;6,2; m/s
03-06-2025;17:40:00;6,5; m/s
03-06-2025;17:50:00;6,3; m/s
03-06-2025;18:00:00;6,3; m/s
03-06-2025;18:10:00;6,5; m/s
03-06-2025;18:20:00;6,7; m/s
03-06-2025;18:30:00;7; m/s
03-06-2025;18:40:00;6,1; m/s
03-06-2025;18:50:00;4,5; m/s
03-06-2025;19:00:00;3,4; m/s
03-06-2025;19:10:00;4,8; m/s
03-06-2025;19:20:00;5,4; m/s
03-06-2025;19:30:00;4,7; m/s
03-06-2025;19:40:00;4,7; m/s
03-06-2025;19:50:00;4,2; m/s
03-06-2025;20:00:00;3,7; m/s
03-06-2025;20:10:00;3,5; m/s
03-06-2025;20:20:00;3,1; m/s
03-06-2025;20:30:00;3; m/s
03-06-2025;20:40:00;2,9; m/s
03-06-2025;20:50:00;2,5; m/s
03-06-2025;21:00:00;2,4; m/s
03-06-2025;21:10:00;2,6; m/s
03-06-2025;21:20:00;2,9; m/s
03-06-2025;21:30:00;2,8; m/s
03-06-2025;21:40:00;2,3; m/s
03-06-2025;21:50:00;1,8; m/s
03-06-2025;22:00:00;1,2; m/s
03-06-2025;22:10:00;1,9; m/s
03-06-2025;22:20:00;2; m/s
03-06-2025;22:30:00;1,6; m/s
03-06-2025;22:40:00;1; m/s
03-06-2025;22:50:00;0,2; m/s
03-06-2025;23:00:00;1; m/s
03-06-2025;23:10:00;1,3; m/s
03-06-2025;23:20:00;1,3; m/s
03-06-2025;23:30:00;1,6; m/s
03-06-2025;23:40:00;1,6; m/s
03-06-2025;23:50:00;1,4; m/s
04-06-2025;00:00:00;0,7; m/s
04-06-2025;00:10:00;0,7; m/s
04-06-2025;00:20:00;1,1; m/s
04-06-2025;00:30:00;1,1; m/s
04-06-2025;00:40:00;0,9; m/s
04-06-2025;00:50:00;0,9; m/s
04-06-2025;01:00:00;1,1; m/s
04-06-2025;01:10:00;1,6; m/s
04-06-2025;01:20:00;2,3; m/s
04-06-2025;01:30:00;1,9; m/s
04-06-2025;01:40:00;1,5; m/s
04-06-2025;01:50:00;2,2; m/s
04-06-2025;02:00:00;1,4; m/s
04-06-2025;02:10:00;1; m/s
04-06-2025;02:20:00;1,2; m/s
04-06-2025;02:30:00;0,5; m/s
04-06-2025;02:40:00;0,6; m/s
04-06-2025;02:50:00;0,5; m/s
04-06-2025;03:00:00;1; m/s
04-06-2025;03:10:00;1,4; m/s
04-06-2025;03:20:00;1,6; m/s
04-06-2025;03:30:00;0,8; m/s
04-06-2025;03:40:00;1; m/s
04-06-2025;03:50:00;2,7; m/s
04-06-2025;04:00:00;2,5; m/s
04-06-2025;04:10:00;2,5; m/s
04-06-2025;04:20:00;2,1; m/s
04-06-2025;04:30:00;2,6; m/s
04-06-2025;04:40:00;2,3; m/s
04-06-2025;04:50:00;3,3; m/s
04-06-2025;05:00:00;3,3; m/s
04-06-2025;05:10:00;2,9; m/s
04-06-2025;05:20:00;3,2; m/s
04-06-2025;05:30:00;3,4; m/s
04-06-2025;05:40:00;3,3; m/s
04-06-2025;05:50:00;3,3; m/s
04-06-2025;06:00:00;2,5; m/s
04-06-2025;06:10:00;2,4; m/s
04-06-2025;06:20:00;1,8; m/s
04-06-2025;06:30:00;1,3; m/s
04-06-2025;06:40:00;1,3; m/s
04-06-2025;06:50:00;1,4; m/s
04-06-2025;07:00:00;1; m/s
04-06-2025;07:10:00;0,8; m/s
04-06-2025;07:20:00;0,4; m/s
04-06-2025;07:30:00;0,8; m/s
04-06-2025;07:40:00;0,9; m/s
04-06-2025;07:50:00;1,1; m/s
04-06-2025;08:00:00;1,5; m/s
04-06-2025;08:10:00;0,9; m/s
04-06-2025;08:20:00;1,1; m/s
04-06-2025;08:30:00;1; m/s
04-06-2025;08:40:00;1,2; m/s
04-06-2025;08:50:00;1,3; m/s
04-06-2025;09:00:00;1,3; m/s
04-06-2025;09:10:00;1,8; m/s
04-06-2025;09:20:00;1,7; m/s
04-06-2025;09:30:00;1,5; m/s
04-06-2025;09:40:00;1,6; m/s
04-06-2025;09:50:00;1,6; m/s
04-06-2025;10:00:00;1,6; m/s
04-06-2025;10:10:00;1,9; m/s
04-06-2025;10:20:00;1,8; m/s
04-06-2025;10:30:00;1,9; m/s
04-06-2025;10:40:00;2,6; m/s
04-06-2025;10:50:00;2,4; m/s
04-06-2025;11:00:00;2,5; m/s
04-06-2025;11:10:00;3,2; m/s
04-06-2025;11:20:00;3,5; m/s
04-06-2025;11:30:00;3,3; m/s
04-06-2025;11:40:00;4,5; m/s
04-06-2025;11:50:00;4,4; m/s
04-06-2025;12:00:00;5,3; m/s
04-06-2025;12:10:00;5,3; m/s
04-06-2025;12:20:00;5,1; m/s
04-06-2025;12:30:00;5,2; m/s
04-06-2025;12:40:00;5,5; m/s
04-06-2025;12:50:00;5,2; m/s
04-06-2025;13:00:00;5,2; m/s
04-06-2025;13:10:00;5,5; m/s
04-06-2025;13:20:00;5,5; m/s
04-06-2025;13:30:00;5,1; m/s
04-06-2025;13:40:00;4,8; m/s
04-06-2025;13:50:00;4,4; m/s
04-06-2025;14:00:00;4,4; m/s
04-06-2025;14:10:00;4,1; m/s
04-06-2025;14:20:00;4,3; m/s
04-06-2025;14:30:00;5,4; m/s
04-06-2025;14:40:00;6,5; m/s
04-06-2025;14:50:00;6,3; m/s
04-06-2025;15:00:00;6,7; m/s
04-06-2025;15:10:00;6,5; m/s
04-06-2025;15:20:00;6,2; m/s
04-06-2025;15:30:00;5,9; m/s
04-06-2025;15:40:00;5,6; m/s
04-06-2025;15:50:00;4,8; m/s
04-06-2025;16:00:00;5; m/s
04-06-2025;16:10:00;5,5; m/s
04-06-2025;16:20:00;6,5; m/s
04-06-2025;16:30:00;6,7; m/s
04-06-2025;16:40:00;6,3; m/s
04-06-2025;16:50:00;6,1; m/s
04-06-2025;17:00:00;5,8; m/s
04-06-2025;17:10:00;5,2; m/s
04-06-2025;17:20:00;5,3; m/s
04-06-2025;17:30:00;5,1; m/s
04-06-2025;17:40:00;5,1; m/s
04-06-2025;17:50:00;5,5; m/s
04-06-2025;18:00:00;5,1; m/s
04-06-2025;18:10:00;5,4; m/s
04-06-2025;18:20:00;5,7; m/s
04-06-2025;18:30:00;5,6; m/s
04-06-2025;18:40:00;5,3; m/s
04-06-2025;18:50:00;5,9; m/s
04-06-2025;19:00:00;5,1; m/s
04-06-2025;19:10:00;4,6; m/s
04-06-2025;19:20:00;3,7; m/s
04-06-2025;19:30:00;4,1; m/s
04-06-2025;19:40:00;4,3; m/s
04-06-2025;19:50:00;3,3; m/s
04-06-2025;20:00:00;2,3; m/s
04-06-2025;20:10:00;1,6; m/s
04-06-2025;20:20:00;2,8; m/s
04-06-2025;20:30:00;2,7; m/s
04-06-2025;20:40:00;2,6; m/s
04-06-2025;20:50:00;3; m/s
04-06-2025;21:00:00;3,3; m/s
04-06-2025;21:10:00;2,8; m/s
04-06-2025;21:20:00;4; m/s
04-06-2025;21:30:00;3,9; m/s
04-06-2025;21:40:00;3,8; m/s
04-06-2025;21:50:00;3,6; m/s
04-06-2025;22:00:00;3,1; m/s
04-06-2025;22:10:00;3,4; m/s
04-06-2025;22:20:00;2,9; m/s
04-06-2025;22:30:00;2,7; m/s
04-06-2025;22:40:00;2,6; m/s
04-06-2025;22:50:00;2,4; m/s
04-06-2025;23:00:00;2,3; m/s
04-06-2025;23:10:00;2,1; m/s
04-06-2025;23:20:00;2,4; m/s
04-06-2025;23:30:00;1,6; m/s
04-06-2025;23:40:00;2; m/s
04-06-2025;23:50:00;2,2; m/s
05-06-2025;00:00:00;2,8; m/s
05-06-2025;00:10:00;2,6; m/s
05-06-2025;00:20:00;3; m/s
05-06-2025;00:30:00;3,4; m/s
05-06-2025;00:40:00;3,9; m/s
05-06-2025;00:50:00;3,3; m/s
05-06-2025;01:00:00;2,5; m/s
05-06-2025;01:10:00;3,9; m/s
05-06-2025;01:20:00;3,9; m/s
05-06-2025;01:30:00;2; m/s
05-06-2025;01:40:00;1,3; m/s
05-06-2025;01:50:00;1,9; m/s
05-06-2025;02:00:00;1,6; m/s
05-06-2025;02:10:00;1,6; m/s
05-06-2025;02:20:00;1,4; m/s
05-06-2025;02:30:00;1,3; m/s
05-06-2025;02:40:00;0,9; m/s
05-06-2025;02:50:00;0,6; m/s
05-06-2025;03:00:00;0,9; m/s
05-06-2025;03:10:00;1; m/s
05-06-2025;03:20:00;0,4; m/s
05-06-2025;03:30:00;0,6; m/s
05-06-2025;03:40:00;1,2; m/s
05-06-2025;03:50:00;1,9; m/s
05-06-2025;04:00:00;1,3; m/s
05-06-2025;04:10:00;1,1; m/s
05-06-2025;04:20:00;2,3; m/s
05-06-2025;04:30:00;2,4; m/s
05-06-2025;04:40:00;3,4; m/s
05-06-2025;04:50:00;3,8; m/s
05-06-2025;05:00:00;3,5; m/s
05-06-2025;05:10:00;3,1; m/s
05-06-2025;05:20:00;2,6; m/s
05-06-2025;05:30:00;1,9; m/s
05-06-2025;05:40:00;1,4; m/s
05-06-2025;05:50:00;1,1; m/s
05-06-2025;06:00:00;1,8; m/s
05-06-2025;06:10:00;2,4; m/s
05-06-2025;06:20:00;3,2; m/s
05-06-2025;06:30:00;3,1; m/s
05-06-2025;06:40:00;2,7; m/s
05-06-2025;06:50:00;2,2; m/s
05-06-2025;07:00:00;2,9; m/s
05-06-2025;07:10:00;3,3; m/s
05-06-2025;07:20:00;1,8; m/s
05-06-2025;07:30:00;1,2; m/s
05-06-2025;07:40:00;1,4; m/s
05-06-2025;07:50:00;2,4; m/s
05-06-2025;08:00:00;2,6; m/s
05-06-2025;08:10:00;2,8; m/s
05-06-2025;08:20:00;2,8; m/s
05-06-2025;08:30:00;2,2; m/s
05-06-2025;08:40:00;2,4; m/s
05-06-2025;08:50:00;2,3; m/s
05-06-2025;09:00:00;1,9; m/s
05-06-2025;09:10:00;2,2; m/s
05-06-2025;09:20:00;2,2; m/s
05-06-2025;09:30:00;1,8; m/s
05-06-2025;09:40:00;1,2; m/s
05-06-2025;09:50:00;1; m/s
05-06-2025;10:00:00;1,4; m/s
05-06-2025;10:10:00;1,6; m/s
05-06-2025;10:20:00;2,2; m/s
05-06-2025;10:30:00;2,9; m/s
05-06-2025;10:40:00;2,6; m/s
05-06-2025;10:50:00;3; m/s
05-06-2025;11:00:00;3,6; m/s
05-06-2025;11:10:00;3,6; m/s
05-06-2025;11:20:00;4,5; m/s
05-06-2025;11:30:00;4,2; m/s
05-06-2025;11:40:00;3,8; m/s
05-06-2025;11:50:00;4,7; m/s
05-06-2025;12:00:00;4,4; m/s
05-06-2025;12:10:00;4,7; m/s
05-06-2025;12:20:00;3,7; m/s
05-06-2025;12:30:00;3,3; m/s
05-06-2025;12:40:00;3,3; m/s
05-06-2025;12:50:00;3,4; m/s
05-06-2025;13:00:00;3,4; m/s
05-06-2025;13:10:00;3,9; m/s
05-06-2025;13:20:00;4,3; m/s
05-06-2025;13:30:00;4,4; m/s
05-06-2025;13:40:00;4,3; m/s
05-06-2025;13:50:00;3,9; m/s
05-06-2025;14:00:00;3,7; m/s
05-06-2025;14:10:00;3; m/s
05-06-2025;14:20:00;3,3; m/s
05-06-2025;14:30:00;3,2; m/s
05-06-2025;14:40:00;3; m/s
05-06-2025;14:50:00;2,8; m/s
05-06-2025;15:00:00;2,5; m/s
05-06-2025;15:10:00;2,4; m/s
05-06-2025;15:20:00;1,6; m/s
05-06-2025;15:30:00;2,1; m/s
05-06-2025;15:40:00;2,7; m/s
05-06-2025;15:50:00;3,1; m/s
05-06-2025;16:00:00;2,9; m/s
05-06-2025;16:10:00;2,8; m/s
05-06-2025;16:20:00;2,9; m/s
05-06-2025;16:30:00;2,8; m/s
05-06-2025;16:40:00;3,2; m/s
05-06-2025;16:50:00;3,7; m/s
05-06-2025;17:00:00;3,7; m/s
05-06-2025;17:10:00;3,8; m/s
05-06-2025;17:20:00;3,5; m/s
05-06-2025;17:30:00;3,7; m/s
05-06-2025;17:40:00;4,9; m/s
05-06-2025;17:50:00;6,4; m/s
05-06-2025;18:00:00;6,8; m/s
05-06-2025;18:10:00;5,2; m/s
05-06-2025;18:20:00;5,3; m/s
05-06-2025;18:30:00;6,1; m/s
05-06-2025;18:40:00;3,7; m/s
05-06-2025;18:50:00;4; m/s
05-06-2025;19:00:00;3,2; m/s
05-06-2025;19:10:00;3,2; m/s
05-06-2025;19:20:00;2,2; m/s
05-06-2025;19:30:00;2,2; m/s
05-06-2025;19:40:00;2,6; m/s
05-06-2025;19:50:00;2,5; m/s
05-06-2025;20:00:00;1,5; m/s
05-06-2025;20:10:00;1,4; m/s
05-06-2025;20:20:00;1,2; m/s
05-06-2025;20:30:00;2,2; m/s
05-06-2025;20:40:00;2,2; m/s
05-06-2025;20:50:00;2,3; m/s
05-06-2025;21:00:00;1,7; m/s
05-06-2025;21:10:00;2,7; m/s
05-06-2025;21:20:00;1,5; m/s
05-06-2025;21:30:00;1,3; m/s
05-06-2025;21:40:00;1,5; m/s
05-06-2025;21:50:00;1,1; m/s
05-06-2025;22:00:00;0,4; m/s
05-06-2025;22:10:00;1,5; m/s
05-06-2025;22:20:00;1,3; m/s
05-06-2025;22:30:00;1,7; m/s
05-06-2025;22:40:00;1,1; m/s
05-06-2025;22:50:00;1,1; m/s
05-06-2025;23:00:00;1,5; m/s
05-06-2025;23:10:00;1,3; m/s
05-06-2025;23:20:00;2,3; m/s
05-06-2025;23:30:00;3,7; m/s
05-06-2025;23:40:00;4; m/s
05-06-2025;23:50:00;4,1; m/s
06-06-2025;00:00:00;4; m/s
06-06-2025;00:10:00;3,1; m/s
06-06-2025;00:20:00;3,6; m/s
06-06-2025;00:30:00;4; m/s
06-06-2025;00:40:00;3,5; m/s
06-06-2025;00:50:00;3,4; m/s
06-06-2025;01:00:00;4,3; m/s
06-06-2025;01:10:00;4; m/s
06-06-2025;01:20:00;3,5; m/s
06-06-2025;01:30:00;3,6; m/s
06-06-2025;01:40:00;3,8; m/s
06-06-2025;01:50:00;4,1; m/s
06-06-2025;02:00:00;3,3; m/s
06-06-2025;02:10:00;2,3; m/s
06-06-2025;02:20:00;2,8; m/s
06-06-2025;02:30:00;2,7; m/s
06-06-2025;02:40:00;3; m/s
06-06-2025;02:50:00;3; m/s
06-06-2025;03:00:00;2,8; m/s
06-06-2025;03:10:00;2,4; m/s
06-06-2025;03:20:00;1,9; m/s
06-06-2025;03:30:00;1,8; m/s
06-06-2025;03:40:00;1,4; m/s
06-06-2025;03:50:00;2,2; m/s
06-06-2025;04:00:00;2,3; m/s
06-06-2025;04:10:00;3,1; m/s
06-06-2025;04:20:00;3,8; m/s
06-06-2025;04:30:00;3,4; m/s
06-06-2025;04:40:00;2,2; m/s
06-06-2025;04:50:00;2,4; m/s
06-06-2025;05:00:00;3,1; m/s
06-06-2025;05:10:00;3,3; m/s
06-06-2025;05:20:00;3,5; m/s
06-06-2025;05:30:00;3,7; m/s
06-06-2025;05:40:00;3,4; m/s
06-06-2025;05:50:00;2,7; m/s
06-06-2025;06:00:00;1,5; m/s
06-06-2025;06:10:00;1,9; m/s
06-06-2025;06:20:00;2,6; m/s
06-06-2025;06:30:00;2,4; m/s
06-06-2025;06:40:00;2,5; m/s
06-06-2025;06:50:00;1,7; m/s
06-06-2025;07:00:00;1,3; m/s
06-06-2025;07:10:00;1,8; m/s
06-06-2025;07:20:00;2,1; m/s
06-06-2025;07:30:00;2,3; m/s
06-06-2025;07:40:00;2,4; m/s
06-06-2025;07:50:00;1,8; m/s
06-06-2025;08:00:00;1,8; m/s
06-06-2025;08:10:00;1,9; m/s
06-06-2025;08:20:00;1,9; m/s
06-06-2025;08:30:00;1,6; m/s
06-06-2025;08:40:00;1,6; m/s
06-06-2025;08:50:00;1,7; m/s
06-06-2025;09:00:00;1,7; m/s
06-06-2025;09:10:00;1,4; m/s
06-06-2025;09:20:00;1,4; m/s
06-06-2025;09:30:00;1,5; m/s
06-06-2025;09:40:00;1,6; m/s
06-06-2025;09:50:00;1,5; m/s
06-06-2025;10:00:00;1,7; m/s
06-06-2025;10:10:00;1,7; m/s
06-06-2025;10:20:00;1,7; m/s
06-06-2025;10:30:00;1,8; m/s
06-06-2025;10:40:00;1,9; m/s
06-06-2025;10:50:00;1,8; m/s
06-06-2025;11:00:00;2,1; m/s
06-06-2025;11:10:00;2,1; m/s
06-06-2025;11:20:00;2,1; m/s
06-06-2025;11:30:00;2,2; m/s
06-06-2025;11:40:00;2,1; m/s
06-06-2025;11:50:00;2,1; m/s
06-06-2025;12:00:00;2,1; m/s
06-06-2025;12:10:00;2,2; m/s
06-06-2025;12:20:00;1,7; m/s
06-06-2025;12:30:00;2; m/s
06-06-2025;12:40:00;2; m/s
06-06-2025;12:50:00;2,2; m/s
06-06-2025;13:00:00;2,1; m/s
06-06-2025;13:10:00;2,5; m/s
06-06-2025;13:20:00;2,4; m/s
06-06-2025;13:30:00;2,5; m/s
06-06-2025;13:40:00;2,4; m/s
06-06-2025;13:50:00;2,5; m/s
06-06-2025;14:00:00;2,8; m/s
06-06-2025;14:10:00;2,7; m/s
06-06-2025;14:20:00;2,5; m/s
06-06-2025;14:30:00;2,8; m/s
06-06-2025;14:40:00;2,9; m/s
06-06-2025;14:50:00;2,7; m/s
06-06-2025;15:00:00;3; m/s
06-06-2025;15:10:00;2,9; m/s
06-06-2025;15:20:00;2,8; m/s
06-06-2025;15:30:00;2,4; m/s
06-06-2025;15:40:00;2,3; m/s
06-06-2025;15:50:00;2,4; m/s
06-06-2025;16:00:00;2,2; m/s
06-06-2025;16:10:00;2; m/s
06-06-2025;16:20:00;2,6; m/s
06-06-2025;16:30:00;3; m/s
06-06-2025;16:40:00;3; m/s
06-06-2025;16:50:00;2,7; m/s
06-06-2025;17:00:00;2,7; m/s
06-06-2025;17:10:00;2,6; m/s
06-06-2025;17:20:00;2,5; m/s
06-06-2025;17:30:00;2,5; m/s
06-06-2025;17:40:00;2,5; m/s
06-06-2025;17:50:00;2,4; m/s
06-06-2025;18:00:00;2,2; m/s
06-06-2025;18:10:00;2,3; m/s
06-06-2025;18:20:00;2,5; m/s
06-06-2025;18:30:00;2,5; m/s
06-06-2025;18:40:00;2,4; m/s
06-06-2025;18:50:00;2,3; m/s
06-06-2025;19:00:00;2,3; m/s
06-06-2025;19:10:00;1,5; m/s
06-06-2025;19:20:00;1,1; m/s
06-06-2025;19:30:00;1,1; m/s
06-06-2025;19:40:00;1,5; m/s
06-06-2025;19:50:00;1,5; m/s
06-06-2025;20:00:00;1,8; m/s
06-06-2025;20:10:00;1,9; m/s
06-06-2025;20:20:00;1,8; m/s
06-06-2025;20:30:00;1,8; m/s
06-06-2025;20:40:00;1,7; m/s
06-06-2025;20:50:00;1,6; m/s
06-06-2025;21:00:00;1,5; m/s
06-06-2025;21:10:00;1,7; m/s
06-06-2025;21:20:00;1,6; m/s
06-06-2025;21:30:00;1,2; m/s
06-06-2025;21:40:00;1,1; m/s
06-06-2025;21:50:00;1,2; m/s
06-06-2025;22:00:00;1,2; m/s
06-06-2025;22:10:00;1,6; m/s
06-06-2025;22:20:00;2,2; m/s
06-06-2025;22:30:00;2,2; m/s
06-06-2025;22:40:00;2; m/s
06-06-2025;22:50:00;2; m/s
06-06-2025;23:00:00;2,1; m/s
06-06-2025;23:10:00;2,2; m/s
06-06-2025;23:20:00;2,3; m/s
06-06-2025;23:30:00;2,4; m/s
06-06-2025;23:40:00;2,2; m/s
06-06-2025;23:50:00;2,3; m/s
07-06-2025;00:00:00;1,9; m/s
07-06-2025;00:10:00;1,3; m/s
07-06-2025;00:20:00;1,5; m/s
07-06-2025;00:30:00;1,4; m/s
07-06-2025;00:40:00;1,5; m/s
07-06-2025;00:50:00;1,5; m/s
07-06-2025;01:00:00;1,3; m/s
07-06-2025;01:10:00;1,3; m/s
07-06-2025;01:20:00;1; m/s
07-06-2025;01:30:00;1,1; m/s
07-06-2025;01:40:00;1,1; m/s
07-06-2025;01:50:00;1; m/s
07-06-2025;02:00:00;1; m/s
07-06-2025;02:10:00;0,7; m/s
07-06-2025;02:20:00;0,8; m/s
07-06-2025;02:30:00;0,4; m/s
07-06-2025;02:40:00;1,3; m/s
07-06-2025;02:50:00;1,3; m/s
07-06-2025;03:00:00;1,5; m/s
07-06-2025;03:10:00;1,5; m/s
07-06-2025;03:20:00;1,5; m/s
07-06-2025;03:30:00;1,5; m/s
07-06-2025;03:40:00;1; m/s
07-06-2025;03:50:00;1,5; m/s
07-06-2025;04:00:00;1; m/s
07-06-2025;04:10:00;1,4; m/s
07-06-2025;04:20:00;1,1; m/s
07-06-2025;04:30:00;1,1; m/s
07-06-2025;04:40:00;0,8; m/s
07-06-2025;04:50:00;0,9; m/s
07-06-2025;05:00:00;1,6; m/s
07-06-2025;05:10:00;0,8; m/s
07-06-2025;05:20:00;0,5; m/s
07-06-2025;05:30:00;0; m/s
07-06-2025;05:40:00;0,8; m/s
07-06-2025;05:50:00;1,4; m/s
07-06-2025;06:00:00;1,1; m/s
07-06-2025;06:10:00;1,3; m/s
07-06-2025;06:20:00;1,4; m/s
07-06-2025;06:30:00;1,5; m/s
07-06-2025;06:40:00;1,4; m/s
07-06-2025;06:50:00;1,3; m/s
07-06-2025;07:00:00;1,3; m/s
07-06-2025;07:10:00;1; m/s
07-06-2025;07:20:00;1,3; m/s
07-06-2025;07:30:00;1,7; m/s
07-06-2025;07:40:00;2; m/s
07-06-2025;07:50:00;1,9; m/s
07-06-2025;08:00:00;1,9; m/s
07-06-2025;08:10:00;1,8; m/s
07-06-2025;08:20:00;1,8; m/s
07-06-2025;08:30:00;1,6; m/s
07-06-2025;08:40:00;1,4; m/s
07-06-2025;08:50:00;1,5; m/s
07-06-2025;09:00:00;1,7; m/s
07-06-2025;09:10:00;1,5; m/s
07-06-2025;09:20:00;1,5; m/s
07-06-2025;09:30:00;1,7; m/s
07-06-2025;09:40:00;1,5; m/s
07-06-2025;09:50:00;1,5; m/s
07-06-2025;10:00:00;1,5; m/s
07-06-2025;10:10:00;1,5; m/s
07-06-2025;10:20:00;1,5; m/s
07-06-2025;10:30:00;1,4; m/s
07-06-2025;10:40:00;1,5; m/s
07-06-2025;10:50:00;1,6; m/s
07-06-2025;11:00:00;1,8; m/s
07-06-2025;11:10:00;2,2; m/s
07-06-2025;11:20:00;1,8; m/s
07-06-2025;11:30:00;1,8; m/s
07-06-2025;11:40:00;1,9; m/s
07-06-2025;11:50:00;1,8; m/s
07-06-2025;12:00:00;1,8; m/s
07-06-2025;12:10:00;1,5; m/s
07-06-2025;12:20:00;1,8; m/s
07-06-2025;12:30:00;1,8; m/s
07-06-2025;12:40:00;1,9; m/s
07-06-2025;12:50:00;1,8; m/s
07-06-2025;13:00:00;1,7; m/s
07-06-2025;13:10:00;1,6; m/s
07-06-2025;13:20:00;2; m/s
07-06-2025;13:30:00;2; m/s
07-06-2025;13:40:00;2,2; m/s
07-06-2025;13:50:00;2; m/s
07-06-2025;14:00:00;2; m/s
07-06-2025;14:10:00;2; m/s
07-06-2025;14:20:00;1,9; m/s
07-06-2025;14:30:00;1,7; m/s
07-06-2025;14:40:00;2,1; m/s
07-06-2025;14:50:00;2,6; m/s
07-06-2025;15:00:00;2,2; m/s
07-06-2025;15:10:00;2; m/s
07-06-2025;15:20:00;2,4; m/s
07-06-2025;15:30:00;2,3; m/s
07-06-2025;15:40:00;2,1; m/s
07-06-2025;15:50:00;2,1; m/s
07-06-2025;16:00:00;2; m/s
07-06-2025;16:10:00;2,2; m/s
07-06-2025;16:20:00;1,8; m/s
07-06-2025;16:30:00;2; m/s
07-06-2025;16:40:00;2,1; m/s
07-06-2025;16:50:00;2,4; m/s
07-06-2025;17:00:00;2,1; m/s
07-06-2025;17:10:00;2,1; m/s
07-06-2025;17:20:00;2,2; m/s
07-06-2025;17:30:00;1,9; m/s
07-06-2025;17:40:00;1,8; m/s
07-06-2025;17:50:00;1,6; m/s
07-06-2025;18:00:00;1,4; m/s
07-06-2025;18:10:00;1,3; m/s
07-06-2025;18:20:00;0,8; m/s
07-06-2025;18:30:00;1,2; m/s
07-06-2025;18:40:00;1,4; m/s
07-06-2025;18:50:00;1,6; m/s
07-06-2025;19:00:00;1,1; m/s
07-06-2025;19:10:00;1,7; m/s
07-06-2025;19:20:00;1,8; m/s
07-06-2025;19:30:00;1,1; m/s
07-06-2025;19:40:00;0,7; m/s
07-06-2025;19:50:00;1,3; m/s
07-06-2025;20:00:00;1,6; m/s
07-06-2025;20:10:00;2,1; m/s
07-06-2025;20:20:00;2,1; m/s
07-06-2025;20:30:00;1,9; m/s
07-06-2025;20:40:00;1,8; m/s
07-06-2025;20:50:00;2; m/s
07-06-2025;21:00:00;1,3; m/s
07-06-2025;21:10:00;1,3; m/s
07-06-2025;21:20:00;2,2; m/s
07-06-2025;21:30:00;1,6; m/s
07-06-2025;21:40:00;1,2; m/s
07-06-2025;21:50:00;2,4; m/s
07-06-2025;22:00:00;1,6; m/s
07-06-2025;22:10:00;1,4; m/s
07-06-2025;22:20:00;1,9; m/s
07-06-2025;22:30:00;1,7; m/s
07-06-2025;22:40:00;2; m/s
07-06-2025;22:50:00;2,8; m/s
07-06-2025;23:00:00;2,6; m/s
07-06-2025;23:10:00;2,6; m/s
07-06-2025;23:20:00;2,5; m/s
07-06-2025;23:30:00;2; m/s
07-06-2025;23:40:00;1,9; m/s
07-06-2025;23:50:00;2,2; m/s
08-06-2025;00:00:00;2; m/s
08-06-2025;00:10:00;2; m/s
08-06-2025;00:20:00;1,6; m/s
08-06-2025;00:30:00;2,2; m/s
08-06-2025;00:40:00;1,2; m/s
08-06-2025;00:50:00;1,4; m/s
08-06-2025;01:00:00;1,3; m/s
08-06-2025;01:10:00;1,8; m/s
08-06-2025;01:20:00;1,7; m/s
08-06-2025;01:30:00;1,4; m/s
08-06-2025;01:40:00;1,2; m/s
08-06-2025;01:50:00;1,4; m/s
08-06-2025;02:00:00;1; m/s
08-06-2025;02:10:00;1,4; m/s
08-06-2025;02:20:00;1,8; m/s
08-06-2025;02:30:00;1,9; m/s
08-06-2025;02:40:00;2,2; m/s
08-06-2025;02:50:00;1,6; m/s
08-06-2025;03:00:00;1,1; m/s
08-06-2025;03:10:00;1,5; m/s
08-06-2025;03:20:00;2,5; m/s
08-06-2025;03:30:00;2,6; m/s
08-06-2025;03:40:00;3,2; m/s
08-06-2025;03:50:00;3,7; m/s
08-06-2025;04:00:00;4,3; m/s
08-06-2025;04:10:00;4,4; m/s
08-06-2025;04:20:00;4,6; m/s
08-06-2025;04:30:00;4,5; m/s
08-06-2025;04:40:00;4,6; m/s
08-06-2025;04:50:00;4,3; m/s
08-06-2025;05:00:00;3,7; m/s
08-06-2025;05:10:00;3,8; m/s
08-06-2025;05:20:00;4; m/s
08-06-2025;05:30:00;4,2; m/s
08-06-2025;05:40:00;4; m/s
08-06-2025;05:50:00;3,9; m/s
08-06-2025;06:00:00;3,8; m/s
08-06-2025;06:10:00;3,6; m/s
08-06-2025;06:20:00;3,4; m/s
08-06-2025;06:30:00;3,8; m/s
08-06-2025;06:40:00;3,1; m/s
08-06-2025;06:50:00;3,4; m/s
08-06-2025;07:00:00;3,4; m/s
08-06-2025;07:10:00;3,3; m/s
08-06-2025;07:20:00;3,3; m/s
08-06-2025;07:30:00;2,7; m/s
08-06-2025;07:40:00;3,4; m/s
08-06-2025;07:50:00;3,5; m/s
08-06-2025;08:00:00;3,7; m/s
08-06-2025;08:10:00;3,4; m/s
08-06-2025;08:20:00;3,9; m/s
08-06-2025;08:30:00;3,6; m/s
08-06-2025;08:40:00;4,2; m/s
08-06-2025;08:50:00;3,5; m/s
08-06-2025;09:00:00;3,4; m/s
08-06-2025;09:10:00;3,2; m/s
08-06-2025;09:20:00;2,9; m/s
08-06-2025;09:30:00;2,4; m/s
08-06-2025;09:40:00;3,1; m/s
08-06-2025;09:50:00;3,2; m/s
08-06-2025;10:00:00;3; m/s
08-06-2025;10:10:00;3,2; m/s
08-06-2025;10:20:00;3,1; m/s
08-06-2025;10:30:00;3,3; m/s
08-06-2025;10:40:00;3,2; m/s
08-06-2025;10:50:00;2,8; m/s
08-06-2025;11:00:00;2,8; m/s
08-06-2025;11:10:00;2,7; m/s
08-06-2025;11:20:00;3,1; m/s
08-06-2025;11:30:00;2,8; m/s
08-06-2025;11:40:00;2,8; m/s
08-06-2025;11:50:00;2,6; m/s
08-06-2025;12:00:00;3,1; m/s
08-06-2025;12:10:00;2,6; m/s
08-06-2025;12:20:00;2,6; m/s
08-06-2025;12:30:00;2,9; m/s
08-06-2025;12:40:00;2,5; m/s
08-06-2025;12:50:00;2,1; m/s
08-06-2025;13:00:00;2,1; m/s
08-06-2025;13:10:00;2,3; m/s
08-06-2025;13:20:00;2,4; m/s
08-06-2025;13:30:00;2,1; m/s
08-06-2025;13:40:00;2,3; m/s
08-06-2025;13:50:00;2,6; m/s
08-06-2025;14:00:00;2,4; m/s
08-06-2025;14:10:00;2,5; m/s
08-06-2025;14:20:00;2,4; m/s
08-06-2025;14:30:00;2,6; m/s
08-06-2025;14:40:00;2,6; m/s
08-06-2025;14:50:00;2,6; m/s
08-06-2025;15:00:00;2,7; m/s
08-06-2025;15:10:00;2,5; m/s
08-06-2025;15:20:00;2,4; m/s
08-06-2025;15:30:00;2,2; m/s
08-06-2025;15:40:00;2,4; m/s
08-06-2025;15:50:00;2,4; m/s
08-06-2025;16:00:00;2,3; m/s
08-06-2025;16:10:00;2,5; m/s
08-06-2025;16:20:00;2,3; m/s
08-06-2025;16:30:00;2,2; m/s
08-06-2025;16:40:00;2,5; m/s
08-06-2025;16:50:00;2,8; m/s
08-06-2025;17:00:00;2,5; m/s
08-06-2025;17:10:00;3,1; m/s
08-06-2025;17:20:00;3; m/s
08-06-2025;17:30:00;3,5; m/s
08-06-2025;17:40:00;3,1; m/s
08-06-2025;17:50:00;3; m/s
08-06-2025;18:00:00;2,2; m/s
08-06-2025;18:10:00;3,1; m/s
08-06-2025;18:20:00;2,8; m/s
08-06-2025;18:30:00;2,9; m/s
08-06-2025;18:40:00;2,9; m/s
08-06-2025;18:50:00;1,9; m/s
08-06-2025;19:00:00;1,6; m/s
08-06-2025;19:10:00;1,7; m/s
08-06-2025;19:20:00;1,8; m/s
08-06-2025;19:30:00;1,7; m/s
08-06-2025;19:40:00;1,4; m/s
08-06-2025;19:50:00;1,4; m/s
08-06-2025;20:00:00;1,7; m/s
08-06-2025;20:10:00;2,7; m/s
08-06-2025;20:20:00;4,5; m/s
08-06-2025;20:30:00;4,7; m/s
08-06-2025;20:40:00;3,3; m/s
08-06-2025;20:50:00;3,2; m/s
08-06-2025;21:00:00;3,8; m/s
08-06-2025;21:10:00;3,2; m/s
08-06-2025;21:20:00;3,2; m/s
08-06-2025;21:30:00;3,7; m/s
08-06-2025;21:40:00;3,7; m/s
08-06-2025;21:50:00;4; m/s
08-06-2025;22:00:00;3,8; m/s
08-06-2025;22:10:00;2,8; m/s
08-06-2025;22:20:00;2,9; m/s
08-06-2025;22:30:00;3,2; m/s
08-06-2025;22:40:00;2,3; m/s
08-06-2025;22:50:00;2,6; m/s
08-06-2025;23:00:00;2,4; m/s
08-06-2025;23:10:00;2,7; m/s
08-06-2025;23:20:00;2,1; m/s
08-06-2025;23:30:00;2,1; m/s
08-06-2025;23:40:00;1,7; m/s
08-06-2025;23:50:00;1,4; m/s
09-06-2025;00:00:00;1,1; m/s
09-06-2025;00:10:00;1,6; m/s
09-06-2025;00:20:00;1,4; m/s
09-06-2025;00:30:00;1,2; m/s
09-06-2025;00:40:00;0,9; m/s
09-06-2025;00:50:00;0,7; m/s
09-06-2025;01:00:00;0,1; m/s
09-06-2025;01:10:00;0,6; m/s
09-06-2025;01:20:00;2,4; m/s
09-06-2025;01:30:00;2,7; m/s
09-06-2025;01:40:00;2,1; m/s
09-06-2025;01:50:00;2; m/s
09-06-2025;02:00:00;1,9; m/s
09-06-2025;02:10:00;2,4; m/s
09-06-2025;02:20:00;2,2; m/s
09-06-2025;02:30:00;1,8; m/s
09-06-2025;02:40:00;2,3; m/s
09-06-2025;02:50:00;2,5; m/s
09-06-2025;03:00:00;2,4; m/s
09-06-2025;03:10:00;2,5; m/s
09-06-2025;03:20:00;2,4; m/s
09-06-2025;03:30:00;2,3; m/s
09-06-2025;03:40:00;2,5; m/s
09-06-2025;03:50:00;2,2; m/s
09-06-2025;04:00:00;1,8; m/s
09-06-2025;04:10:00;2; m/s
09-06-2025;04:20:00;2,3; m/s
09-06-2025;04:30:00;2,5; m/s
09-06-2025;04:40:00;2,4; m/s
09-06-2025;04:50:00;2,2; m/s
09-06-2025;05:00:00;2,5; m/s
09-06-2025;05:10:00;2,4; m/s
09-06-2025;05:20:00;2,3; m/s
09-06-2025;05:30:00;2,2; m/s
09-06-2025;05:40:00;2,2; m/s
09-06-2025;05:50:00;1,9; m/s
09-06-2025;06:00:00;1,6; m/s
09-06-2025;06:10:00;1,9; m/s
09-06-2025;06:20:00;1,8; m/s
09-06-2025;06:30:00;1,8; m/s
09-06-2025;06:40:00;1,5; m/s
09-06-2025;06:50:00;2; m/s
09-06-2025;07:00:00;1; m/s
09-06-2025;07:10:00;0,9; m/s
09-06-2025;07:20:00;1,9; m/s
09-06-2025;07:30:00;1,6; m/s
09-06-2025;07:40:00;1,8; m/s
09-06-2025;07:50:00;1,8; m/s
09-06-2025;08:00:00;1,6; m/s
09-06-2025;08:10:00;1,6; m/s
09-06-2025;08:20:00;1,4; m/s
09-06-2025;08:30:00;1,2; m/s
09-06-2025;08:40:00;1,3; m/s
09-06-2025;08:50:00;1,4; m/s
09-06-2025;09:00:00;1,5; m/s
09-06-2025;09:10:00;1,5; m/s
09-06-2025;09:20:00;1,7; m/s
09-06-2025;09:30:00;1,8; m/s
09-06-2025;09:40:00;1,7; m/s
09-06-2025;09:50:00;1,9; m/s
09-06-2025;10:00:00;1,9; m/s
09-06-2025;10:10:00;2,4; m/s
09-06-2025;10:20:00;3,4; m/s
09-06-2025;10:30:00;3,6; m/s
09-06-2025;10:40:00;3,9; m/s
09-06-2025;10:50:00;4,2; m/s
09-06-2025;11:00:00;3,9; m/s
09-06-2025;11:10:00;4; m/s
09-06-2025;11:20:00;4,4; m/s
09-06-2025;11:30:00;5,1; m/s
09-06-2025;11:40:00;5,6; m/s
09-06-2025;11:50:00;6,4; m/s
09-06-2025;12:00:00;6,8; m/s
09-06-2025;12:10:00;7,8; m/s
09-06-2025;12:20:00;7,4; m/s
09-06-2025;12:30:00;7,3; m/s
09-06-2025;12:40:00;7,1; m/s
09-06-2025;12:50:00;7,7; m/s
09-06-2025;13:00:00;7,4; m/s
09-06-2025;13:10:00;7,5; m/s
09-06-2025;13:20:00;7; m/s
09-06-2025;13:30:00;7,1; m/s
09-06-2025;13:40:00;7,3; m/s
09-06-2025;13:50:00;7,4; m/s
09-06-2025;14:00:00;7,7; m/s
09-06-2025;14:10:00;7,9; m/s
09-06-2025;14:20:00;8,1; m/s
09-06-2025;14:30:00;8,4; m/s
09-06-2025;14:40:00;8,3; m/s
09-06-2025;14:50:00;8,5; m/s
09-06-2025;15:00:00;9,3; m/s
09-06-2025;15:10:00;9,4; m/s
09-06-2025;15:20:00;8,8; m/s
09-06-2025;15:30:00;8,7; m/s
09-06-2025;15:40:00;8,9; m/s
09-06-2025;15:50:00;8,3; m/s
09-06-2025;16:00:00;8,6; m/s
09-06-2025;16:10:00;8,7; m/s
09-06-2025;16:20:00;8,8; m/s
09-06-2025;16:30:00;8,7; m/s
09-06-2025;16:40:00;8,6; m/s
09-06-2025;16:50:00;8,3; m/s
09-06-2025;17:00:00;7,9; m/s
09-06-2025;17:10:00;8,2; m/s
09-06-2025;17:20:00;7,7; m/s
09-06-2025;17:30:00;7,3; m/s
09-06-2025;17:40:00;6,9; m/s
09-06-2025;17:50:00;6,3; m/s
09-06-2025;18:00:00;4,9; m/s
09-06-2025;18:10:00;5,2; m/s
09-06-2025;18:20:00;3,9; m/s
09-06-2025;18:30:00;2,6; m/s
09-06-2025;18:40:00;3,3; m/s
09-06-2025;18:50:00;4,3; m/s
09-06-2025;19:00:00;3,2; m/s
09-06-2025;19:10:00;3,1; m/s
09-06-2025;19:20:00;3,5; m/s
09-06-2025;19:30:00;4,6; m/s
09-06-2025;19:40:00;3,9; m/s
09-06-2025;19:50:00;3; m/s
09-06-2025;20:00:00;3,9; m/s
09-06-2025;20:10:00;3,8; m/s
09-06-2025;20:20:00;4,8; m/s
09-06-2025;20:30:00;4,6; m/s
09-06-2025;20:40:00;4,4; m/s
09-06-2025;20:50:00;4; m/s
09-06-2025;21:00:00;3,9; m/s
09-06-2025;21:10:00;4,1; m/s
09-06-2025;21:20:00;3,6; m/s
09-06-2025;21:30:00;4,2; m/s
09-06-2025;21:40:00;4,2; m/s
09-06-2025;21:50:00;3,9; m/s
09-06-2025;22:00:00;4,1; m/s
09-06-2025;22:10:00;3,9; m/s
09-06-2025;22:20:00;2,8; m/s
09-06-2025;22:30:00;2,4; m/s
09-06-2025;22:40:00;2,9; m/s
09-06-2025;22:50:00;2,9; m/s
09-06-2025;23:00:00;2,9; m/s
09-06-2025;23:10:00;2,6; m/s
09-06-2025;23:20:00;2,2; m/s
09-06-2025;23:30:00;2,1; m/s
09-06-2025;23:40:00;2,4; m/s
09-06-2025;23:50:00;2,6; m/s
10-06-2025;00:00:00;1,7; m/s
10-06-2025;00:10:00;2,4; m/s
10-06-2025;00:20:00;2; m/s
10-06-2025;00:30:00;2; m/s
10-06-2025;00:40:00;1,7; m/s
10-06-2025;00:50:00;2,1; m/s
10-06-2025;01:00:00;1,6; m/s
10-06-2025;01:10:00;1,3; m/s
10-06-2025;01:20:00;1,2; m/s
10-06-2025;01:30:00;1,1; m/s
10-06-2025;01:40:00;1,2; m/s
10-06-2025;01:50:00;1,3; m/s
10-06-2025;02:00:00;1,2; m/s
10-06-2025;02:10:00;0,2; m/s
10-06-2025;02:20:00;0; m/s
10-06-2025;02:30:00;0,4; m/s
10-06-2025;02:40:00;0,5; m/s
10-06-2025;02:50:00;0,6; m/s
10-06-2025;03:00:00;0,9; m/s
10-06-2025;03:10:00;1,1; m/s
10-06-2025;03:20:00;2,1; m/s
10-06-2025;03:30:00;1,5; m/s
10-06-2025;03:40:00;1,2; m/s
10-06-2025;03:50:00;2,4; m/s
10-06-2025;04:00:00;2,4; m/s
10-06-2025;04:10:00;2,7; m/s
10-06-2025;04:20:00;3,1; m/s
10-06-2025;04:30:00;3; m/s
10-06-2025;04:40:00;3,3; m/s
10-06-2025;04:50:00;2,8; m/s
10-06-2025;05:00:00;2,7; m/s
10-06-2025;05:10:00;2,5; m/s
10-06-2025;05:20:00;2,5; m/s
10-06-2025;05:30:00;2,3; m/s
10-06-2025;05:40:00;1,9; m/s
10-06-2025;05:50:00;1,5; m/s
10-06-2025;06:00:00;0,7; m/s
10-06-2025;06:10:00;1,2; m/s
10-06-2025;06:20:00;1,3; m/s
10-06-2025;06:30:00;1,1; m/s
10-06-2025;06:40:00;1,1; m/s
10-06-2025;06:50:00;1,3; m/s
10-06-2025;07:00:00;1,6; m/s
10-06-2025;07:10:00;2; m/s
10-06-2025;07:20:00;2,1; m/s
10-06-2025;07:30:00;1,7; m/s
10-06-2025;07:40:00;1,9; m/s
10-06-2025;07:50:00;1,9; m/s
10-06-2025;08:00:00;2; m/s
10-06-2025;08:10:00;1,8; m/s
10-06-2025;08:20:00;1,7; m/s
10-06-2025;08:30:00;1,8; m/s
10-06-2025;08:40:00;1,7; m/s
10-06-2025;08:50:00;1,8; m/s
10-06-2025;09:00:00;2,2; m/s
10-06-2025;09:10:00;2,5; m/s
10-06-2025;09:20:00;2,3; m/s
10-06-2025;09:30:00;2,3; m/s
10-06-2025;09:40:00;1,9; m/s
10-06-2025;09:50:00;1,6; m/s
10-06-2025;10:00:00;1,6; m/s
10-06-2025;10:10:00;1,6; m/s
10-06-2025;10:20:00;1,7; m/s
10-06-2025;10:30:00;1,7; m/s
10-06-2025;10:40:00;1,9; m/s
10-06-2025;10:50:00;2,1; m/s
10-06-2025;11:00:00;2,5; m/s
10-06-2025;11:10:00;2,7; m/s
10-06-2025;11:20:00;3,3; m/s
10-06-2025;11:30:00;3,5; m/s
10-06-2025;11:40:00;4; m/s
10-06-2025;11:50:00;3,7; m/s
10-06-2025;12:00:00;3,4; m/s
10-06-2025;12:10:00;3,4; m/s
10-06-2025;12:20:00;3,3; m/s
10-06-2025;12:30:00;2,4; m/s
10-06-2025;12:40:00;2,6; m/s
10-06-2025;12:50:00;3,6; m/s
10-06-2025;13:00:00;4; m/s
10-06-2025;13:10:00;3,9; m/s
10-06-2025;13:20:00;3,6; m/s
10-06-2025;13:30:00;3,9; m/s
10-06-2025;13:40:00;4,2; m/s
10-06-2025;13:50:00;4,6; m/s
10-06-2025;14:00:00;5,1; m/s
10-06-2025;14:10:00;4,6; m/s
10-06-2025;14:20:00;5,1; m/s
10-06-2025;14:30:00;6,3; m/s
10-06-2025;14:40:00;6,6; m/s
10-06-2025;14:50:00;6,6; m/s
10-06-2025;15:00:00;5,9; m/s
10-06-2025;15:10:00;6,3; m/s
10-06-2025;15:20:00;6,4; m/s
10-06-2025;15:30:00;5,7; m/s
10-06-2025;15:40:00;6,2; m/s
10-06-2025;15:50:00;6,6; m/s
10-06-2025;16:00:00;6,3; m/s
10-06-2025;16:10:00;6,5; m/s
10-06-2025;16:20:00;6,5; m/s
10-06-2025;16:30:00;6,6; m/s
10-06-2025;16:40:00;6,8; m/s
10-06-2025;16:50:00;7,2; m/s
10-06-2025;17:00:00;7,2; m/s
10-06-2025;17:10:00;7,3; m/s
10-06-2025;17:20:00;7; m/s
10-06-2025;17:30:00;6,9; m/s
10-06-2025;17:40:00;7; m/s
10-06-2025;17:50:00;6,3; m/s
10-06-2025;18:00:00;6,7; m/s
10-06-2025;18:10:00;7,3; m/s
10-06-2025;18:20:00;6,2; m/s
10-06-2025;18:30:00;6,3; m/s
10-06-2025;18:40:00;7; m/s
10-06-2025;18:50:00;7,1; m/s
10-06-2025;19:00:00;6,5; m/s
10-06-2025;19:10:00;6,2; m/s
10-06-2025;19:20:00;6,4; m/s
10-06-2025;19:30:00;6,5; m/s
10-06-2025;19:40:00;6,4; m/s
10-06-2025;19:50:00;5; m/s
10-06-2025;20:00:00;4,8; m/s
10-06-2025;20:10:00;5,8; m/s
10-06-2025;20:20:00;6,6; m/s
10-06-2025;20:30:00;6,2; m/s
10-06-2025;20:40:00;4,5; m/s
10-06-2025;20:50:00;3,9; m/s
10-06-2025;21:00:00;2,5; m/s
10-06-2025;21:10:00;4,3; m/s
10-06-2025;21:20:00;4; m/s
10-06-2025;21:30:00;4; m/s
10-06-2025;21:40:00;3,9; m/s
10-06-2025;21:50:00;3; m/s
10-06-2025;22:00:00;2,7; m/s
10-06-2025;22:10:00;3,2; m/s
10-06-2025;22:20:00;2; m/s
10-06-2025;22:30:00;1; m/s
10-06-2025;22:40:00;1,1; m/s
10-06-2025;22:50:00;2; m/s
10-06-2025;23:00:00;2,5; m/s
10-06-2025;23:10:00;2,7; m/s
10-06-2025;23:20:00;3,2; m/s
10-06-2025;23:30:00;3,2; m/s
10-06-2025;23:40:00;2,6; m/s
10-06-2025;23:50:00;2,7; m/s
11-06-2025;00:00:00;2,3; m/s
11-06-2025;00:10:00;2,4; m/s
11-06-2025;00:20:00;2,5; m/s
11-06-2025;00:30:00;2,8; m/s
11-06-2025;00:40:00;2,7; m/s
11-06-2025;00:50:00;2,5; m/s
11-06-2025;01:00:00;2,7; m/s
11-06-2025;01:10:00;2,7; m/s
11-06-2025;01:20:00;2,4; m/s
11-06-2025;01:30:00;2,5; m/s
11-06-2025;01:40:00;2,5; m/s
11-06-2025;01:50:00;2,8; m/s
11-06-2025;02:00:00;3,3; m/s
11-06-2025;02:10:00;3,3; m/s
11-06-2025;02:20:00;3,5; m/s
11-06-2025;02:30:00;3,4; m/s
11-06-2025;02:40:00;2,5; m/s
11-06-2025;02:50:00;2,6; m/s
11-06-2025;03:00:00;1,9; m/s
11-06-2025;03:10:00;1,5; m/s
11-06-2025;03:20:00;1,7; m/s
11-06-2025;03:30:00;2,2; m/s
11-06-2025;03:40:00;2,2; m/s
11-06-2025;03:50:00;2,1; m/s
11-06-2025;04:00:00;1,7; m/s
11-06-2025;04:10:00;2,5; m/s
11-06-2025;04:20:00;2,2; m/s
11-06-2025;04:30:00;2,3; m/s
11-06-2025;04:40:00;2,3; m/s
11-06-2025;04:50:00;2,6; m/s
11-06-2025;05:00:00;2,9; m/s
11-06-2025;05:10:00;2,6; m/s
11-06-2025;05:20:00;2,2; m/s
11-06-2025;05:30:00;2,3; m/s
11-06-2025;05:40:00;2,8; m/s
11-06-2025;05:50:00;2,2; m/s
11-06-2025;06:00:00;1,1; m/s
11-06-2025;06:10:00;1,3; m/s
11-06-2025;06:20:00;1,5; m/s
11-06-2025;06:30:00;1; m/s
11-06-2025;06:40:00;1,2; m/s
11-06-2025;06:50:00;1,3; m/s
11-06-2025;07:00:00;1,3; m/s
11-06-2025;07:10:00;0,9; m/s
11-06-2025;07:20:00;0,8; m/s
11-06-2025;07:30:00;0,7; m/s
11-06-2025;07:40:00;0,9; m/s
11-06-2025;07:50:00;1; m/s
11-06-2025;08:00:00;0,9; m/s
11-06-2025;08:10:00;0,9; m/s
11-06-2025;08:20:00;1,1; m/s
11-06-2025;08:30:00;1,2; m/s
11-06-2025;08:40:00;1,1; m/s
11-06-2025;08:50:00;1,3; m/s
11-06-2025;09:00:00;1,4; m/s
11-06-2025;09:10:00;1,7; m/s
11-06-2025;09:20:00;1,8; m/s
11-06-2025;09:30:00;1,8; m/s
11-06-2025;09:40:00;1,8; m/s
11-06-2025;09:50:00;1,9; m/s
11-06-2025;10:00:00;1,9; m/s
11-06-2025;10:10:00;1,8; m/s
11-06-2025;10:20:00;1,8; m/s
11-06-2025;10:30:00;2,3; m/s
11-06-2025;10:40:00;2,5; m/s
11-06-2025;10:50:00;3,1; m/s
11-06-2025;11:00:00;2,9; m/s
11-06-2025;11:10:00;3,2; m/s
11-06-2025;11:20:00;3,4; m/s
11-06-2025;11:30:00;3,5; m/s
11-06-2025;11:40:00;3,4; m/s
11-06-2025;11:50:00;4; m/s
11-06-2025;12:00:00;4,6; m/s
11-06-2025;12:10:00;5,2; m/s
11-06-2025;12:20:00;5,8; m/s
11-06-2025;12:30:00;6,1; m/s
11-06-2025;12:40:00;6,1; m/s
11-06-2025;12:50:00;5,5; m/s
11-06-2025;13:00:00;5,3; m/s
11-06-2025;13:10:00;5,3; m/s
11-06-2025;13:20:00;5,6; m/s
11-06-2025;13:30:00;5,4; m/s
11-06-2025;13:40:00;5,1; m/s
11-06-2025;13:50:00;4,4; m/s
11-06-2025;14:00:00;4,9; m/s
11-06-2025;14:10:00;4,5; m/s
11-06-2025;14:20:00;4,9; m/s
11-06-2025;14:30:00;4,6; m/s
11-06-2025;14:40:00;4,4; m/s
11-06-2025;14:50:00;4,4; m/s
11-06-2025;15:00:00;5,8; m/s
11-06-2025;15:10:00;6,4; m/s
11-06-2025;15:20:00;6; m/s
11-06-2025;15:30:00;6,6; m/s
11-06-2025;15:40:00;6,7; m/s
11-06-2025;15:50:00;7; m/s
11-06-2025;16:00:00;7; m/s
11-06-2025;16:10:00;6,9; m/s
11-06-2025;16:20:00;7,4; m/s
11-06-2025;16:30:00;7,7; m/s
11-06-2025;16:40:00;7,8; m/s
11-06-2025;16:50:00;7,9; m/s
11-06-2025;17:00:00;7,8; m/s
11-06-2025;17:10:00;7,8; m/s
11-06-2025;17:20:00;8,1; m/s
11-06-2025;17:30:00;7,6; m/s
11-06-2025;17:40:00;8; m/s
11-06-2025;18:00:00;7,7; m/s
11-06-2025;18:10:00;6,7; m/s
11-06-2025;18:20:00;5,7; m/s
11-06-2025;18:30:00;3,6; m/s
11-06-2025;18:40:00;4,4; m/s
11-06-2025;18:50:00;4,2; m/s
11-06-2025;19:00:00;6,1; m/s
11-06-2025;19:10:00;5; m/s
11-06-2025;19:20:00;4,5; m/s
11-06-2025;19:30:00;5,2; m/s
11-06-2025;19:40:00;4,2; m/s
11-06-2025;19:50:00;3,7; m/s
11-06-2025;20:00:00;3; m/s
11-06-2025;20:10:00;3,3; m/s
11-06-2025;20:20:00;3,5; m/s
11-06-2025;20:30:00;3,8; m/s
11-06-2025;20:40:00;3,4; m/s
11-06-2025;20:50:00;3,9; m/s
11-06-2025;21:00:00;3,9; m/s
11-06-2025;21:10:00;3,7; m/s
11-06-2025;21:20:00;3,3; m/s
11-06-2025;21:30:00;3; m/s
11-06-2025;21:40:00;3,3; m/s
11-06-2025;21:50:00;3; m/s
11-06-2025;22:00:00;2,4; m/s
11-06-2025;22:10:00;2,4; m/s
11-06-2025;22:20:00;2,3; m/s
11-06-2025;22:30:00;2,5; m/s
11-06-2025;22:40:00;2,7; m/s
11-06-2025;22:50:00;2,3; m/s
11-06-2025;23:00:00;1,9; m/s
11-06-2025;23:10:00;1,6; m/s
11-06-2025;23:20:00;1,5; m/s
11-06-2025;23:30:00;1,4; m/s
11-06-2025;23:40:00;1,6; m/s
11-06-2025;23:50:00;1,8; m/s
12-06-2025;00:00:00;2; m/s
12-06-2025;00:10:00;2,5; m/s
12-06-2025;00:20:00;2,6; m/s
12-06-2025;00:30:00;2,3; m/s
12-06-2025;00:40:00;2; m/s
12-06-2025;00:50:00;2,2; m/s
12-06-2025;01:00:00;2,4; m/s
12-06-2025;01:10:00;2,6; m/s
12-06-2025;01:20:00;2,5; m/s
12-06-2025;01:30:00;2,5; m/s
12-06-2025;01:40:00;2; m/s
12-06-2025;01:50:00;1,9; m/s
12-06-2025;02:00:00;1,8; m/s
12-06-2025;02:10:00;2,1; m/s
12-06-2025;02:20:00;2; m/s
12-06-2025;02:30:00;1,3; m/s
12-06-2025;02:40:00;1,1; m/s
12-06-2025;02:50:00;0,9; m/s
12-06-2025;03:00:00;0,5; m/s
12-06-2025;03:10:00;1; m/s
12-06-2025;03:20:00;1,1; m/s
12-06-2025;03:30:00;0,5; m/s
12-06-2025;03:40:00;1,2; m/s
12-06-2025;03:50:00;2,1; m/s
12-06-2025;04:00:00;1,5; m/s
12-06-2025;04:10:00;1,9; m/s
12-06-2025;04:20:00;1,8; m/s
12-06-2025;04:30:00;1,7; m/s
12-06-2025;04:40:00;1,8; m/s
12-06-2025;04:50:00;1,5; m/s
12-06-2025;05:00:00;0,8; m/s
12-06-2025;05:10:00;0,9; m/s
12-06-2025;05:20:00;0,5; m/s
12-06-2025;05:30:00;0; m/s
12-06-2025;05:40:00;0,1; m/s
12-06-2025;05:50:00;0,4; m/s
12-06-2025;06:00:00;0,8; m/s
12-06-2025;06:10:00;1; m/s
12-06-2025;06:20:00;1; m/s
12-06-2025;06:30:00;1,3; m/s
12-06-2025;06:40:00;1,1; m/s
12-06-2025;06:50:00;0,7; m/s
12-06-2025;07:00:00;0,8; m/s
12-06-2025;07:10:00;0,9; m/s
12-06-2025;07:20:00;1,1; m/s
12-06-2025;07:30:00;1; m/s
12-06-2025;07:40:00;1; m/s
12-06-2025;07:50:00;1,3; m/s
12-06-2025;08:00:00;1,6; m/s
12-06-2025;08:10:00;1,7; m/s
12-06-2025;08:20:00;1,6; m/s
12-06-2025;08:30:00;1,9; m/s
12-06-2025;08:40:00;1,8; m/s
12-06-2025;08:50:00;2; m/s
12-06-2025;09:00:00;2,4; m/s
12-06-2025;09:10:00;2,7; m/s
12-06-2025;09:20:00;2,7; m/s
12-06-2025;09:30:00;2,9; m/s
12-06-2025;09:40:00;3,3; m/s
12-06-2025;09:50:00;3,3; m/s
12-06-2025;10:00:00;3,4; m/s
12-06-2025;10:10:00;3,6; m/s
12-06-2025;10:20:00;3,7; m/s
12-06-2025;10:30:00;3,6; m/s
12-06-2025;10:40:00;4,1; m/s
12-06-2025;10:50:00;4,1; m/s
12-06-2025;11:00:00;4,2; m/s
12-06-2025;11:10:00;4,3; m/s
12-06-2025;11:20:00;3,9; m/s
12-06-2025;11:30:00;3,5; m/s
12-06-2025;11:40:00;3,3; m/s
12-06-2025;11:50:00;3,3; m/s
12-06-2025;12:00:00;3,4; m/s
12-06-2025;12:10:00;3,2; m/s
12-06-2025;12:20:00;3; m/s
12-06-2025;12:30:00;3,1; m/s
12-06-2025;12:40:00;3,5; m/s
12-06-2025;12:50:00;3,5; m/s
12-06-2025;13:00:00;3,6; m/s
12-06-2025;13:10:00;4,3; m/s
12-06-2025;13:20:00;4,3; m/s
12-06-2025;13:30:00;4,3; m/s
12-06-2025;13:40:00;4,7; m/s
12-06-2025;13:50:00;4; m/s
12-06-2025;14:00:00;4,5; m/s
12-06-2025;14:10:00;4,5; m/s
12-06-2025;14:20:00;5,7; m/s
12-06-2025;14:30:00;5,4; m/s
12-06-2025;14:40:00;5,1; m/s
12-06-2025;14:50:00;5; m/s
12-06-2025;15:00:00;5,7; m/s
12-06-2025;15:10:00;6,5; m/s
12-06-2025;15:20:00;7,8; m/s
12-06-2025;15:30:00;7,9; m/s
12-06-2025;15:40:00;8,4; m/s
12-06-2025;15:50:00;8; m/s
12-06-2025;16:00:00;8,5; m/s
12-06-2025;16:10:00;8,3; m/s
12-06-2025;16:20:00;8,5; m/s
12-06-2025;16:30:00;8,5; m/s
12-06-2025;16:40:00;8,9; m/s
12-06-2025;16:50:00;9,6; m/s
12-06-2025;17:00:00;9,6; m/s
12-06-2025;17:10:00;9,1; m/s
12-06-2025;17:20:00;9,9; m/s
12-06-2025;17:30:00;8,4; m/s
12-06-2025;17:40:00;7,6; m/s
12-06-2025;17:50:00;8,3; m/s
12-06-2025;18:00:00;8,5; m/s
12-06-2025;18:10:00;8,4; m/s
12-06-2025;18:20:00;7,9; m/s
12-06-2025;18:30:00;7; m/s
12-06-2025;18:40:00;7,3; m/s
12-06-2025;18:50:00;5,2; m/s
12-06-2025;19:00:00;4,5; m/s
12-06-2025;19:10:00;3,3; m/s
12-06-2025;19:20:00;3,1; m/s
12-06-2025;19:30:00;2,9; m/s
12-06-2025;19:40:00;2,5; m/s
12-06-2025;19:50:00;2,4; m/s
12-06-2025;20:00:00;2,2; m/s
12-06-2025;20:10:00;3,7; m/s
12-06-2025;20:20:00;3,4; m/s
12-06-2025;20:30:00;3; m/s
12-06-2025;20:40:00;2,6; m/s
12-06-2025;20:50:00;2,3; m/s
12-06-2025;21:00:00;1,9; m/s
12-06-2025;21:10:00;1,4; m/s
12-06-2025;21:20:00;1,9; m/s
12-06-2025;21:30:00;2,9; m/s
12-06-2025;21:40:00;2,6; m/s
12-06-2025;21:50:00;2,4; m/s
12-06-2025;22:00:00;3,2; m/s
12-06-2025;22:10:00;2,4; m/s
12-06-2025;22:20:00;2,5; m/s
12-06-2025;22:30:00;2,2; m/s
12-06-2025;22:40:00;2; m/s
12-06-2025;22:50:00;1,5; m/s
12-06-2025;23:00:00;2; m/s
12-06-2025;23:10:00;2,2; m/s
12-06-2025;23:20:00;2,2; m/s
12-06-2025;23:30:00;1,5; m/s
12-06-2025;23:40:00;3,1; m/s
12-06-2025;23:50:00;2,7; m/s
13-06-2025;00:00:00;3,4; m/s
13-06-2025;00:10:00;3,9; m/s
13-06-2025;00:20:00;3,8; m/s
13-06-2025;00:30:00;4,2; m/s
13-06-2025;00:40:00;2,6; m/s
13-06-2025;00:50:00;1,4; m/s
13-06-2025;01:00:00;4,1; m/s
13-06-2025;01:10:00;3,4; m/s
13-06-2025;01:20:00;2,3; m/s
13-06-2025;01:30:00;2,3; m/s
13-06-2025;01:40:00;1,9; m/s
13-06-2025;01:50:00;2; m/s
13-06-2025;02:00:00;2,6; m/s
13-06-2025;02:10:00;2,3; m/s
13-06-2025;02:20:00;2,5; m/s
13-06-2025;02:30:00;2,3; m/s
13-06-2025;02:40:00;2,1; m/s
13-06-2025;02:50:00;2,9; m/s
13-06-2025;03:00:00;3,1; m/s
13-06-2025;03:10:00;2,8; m/s
13-06-2025;03:20:00;2; m/s
13-06-2025;03:30:00;0,8; m/s
13-06-2025;03:40:00;0,6; m/s
13-06-2025;03:50:00;1,1; m/s
13-06-2025;04:00:00;1,2; m/s
13-06-2025;04:10:00;1,6; m/s
13-06-2025;04:20:00;1,5; m/s
13-06-2025;04:30:00;1,6; m/s
13-06-2025;04:40:00;1,2; m/s
13-06-2025;04:50:00;1,1; m/s
13-06-2025;05:00:00;1,1; m/s
13-06-2025;05:10:00;0,2; m/s
13-06-2025;05:20:00;1; m/s
13-06-2025;05:30:00;1; m/s
13-06-2025;05:40:00;0,7; m/s
13-06-2025;05:50:00;0,5; m/s
13-06-2025;06:00:00;1; m/s
13-06-2025;06:10:00;1,3; m/s
13-06-2025;06:20:00;0,6; m/s
13-06-2025;06:30:00;0,2; m/s
13-06-2025;06:40:00;0,4; m/s
13-06-2025;06:50:00;0,9; m/s
13-06-2025;07:00:00;1; m/s
13-06-2025;07:10:00;0,9; m/s
13-06-2025;07:20:00;0,9; m/s
13-06-2025;07:30:00;1,1; m/s
13-06-2025;07:40:00;1; m/s
13-06-2025;07:50:00;1,2; m/s
13-06-2025;08:00:00;1,3; m/s
13-06-2025;08:10:00;1,5; m/s
13-06-2025;08:20:00;1,6; m/s
13-06-2025;08:30:00;2,1; m/s
13-06-2025;08:40:00;2; m/s
13-06-2025;08:50:00;2,1; m/s
13-06-2025;09:00:00;2,2; m/s
13-06-2025;09:10:00;2,4; m/s
13-06-2025;09:20:00;2; m/s
13-06-2025;09:30:00;1,8; m/s
13-06-2025;09:40:00;1,8; m/s
13-06-2025;09:50:00;2; m/s
13-06-2025;10:00:00;2,1; m/s
13-06-2025;10:10:00;1,8; m/s
13-06-2025;10:20:00;1,9; m/s
13-06-2025;10:30:00;1,8; m/s
13-06-2025;10:40:00;2,4; m/s
13-06-2025;10:50:00;2,8; m/s
13-06-2025;11:00:00;3,5; m/s
13-06-2025;11:10:00;3,7; m/s
13-06-2025;11:20:00;3,8; m/s
13-06-2025;11:30:00;4,6; m/s
13-06-2025;11:40:00;4,2; m/s
13-06-2025;11:50:00;4,7; m/s
13-06-2025;12:00:00;4,6; m/s
13-06-2025;12:10:00;4,3; m/s
13-06-2025;12:20:00;4,6; m/s
13-06-2025;12:30:00;4; m/s
13-06-2025;12:40:00;4,2; m/s
13-06-2025;12:50:00;4; m/s
13-06-2025;13:00:00;3,9; m/s
13-06-2025;13:10:00;4,4; m/s
13-06-2025;13:20:00;4; m/s
13-06-2025;13:30:00;4,7; m/s
13-06-2025;13:40:00;5,8; m/s
13-06-2025;13:50:00;4,7; m/s
13-06-2025;14:00:00;5,6; m/s
13-06-2025;14:10:00;5,2; m/s
13-06-2025;14:20:00;6,9; m/s
13-06-2025;14:30:00;7,5; m/s
13-06-2025;14:40:00;7,1; m/s
13-06-2025;14:50:00;7,8; m/s
13-06-2025;15:00:00;7,5; m/s
13-06-2025;15:10:00;7,2; m/s
13-06-2025;15:20:00;7,7; m/s
13-06-2025;15:30:00;7,7; m/s
13-06-2025;15:40:00;7,3; m/s
13-06-2025;15:50:00;6,6; m/s
13-06-2025;16:00:00;7,1; m/s
13-06-2025;16:10:00;6,7; m/s
13-06-2025;16:20:00;6,1; m/s
13-06-2025;16:30:00;6,1; m/s
13-06-2025;16:40:00;6,2; m/s
13-06-2025;16:50:00;5,5; m/s
13-06-2025;17:00:00;6,2; m/s
13-06-2025;17:10:00;6,1; m/s
13-06-2025;17:20:00;6,5; m/s
13-06-2025;17:30:00;7,5; m/s
13-06-2025;17:40:00;6,7; m/s
13-06-2025;17:50:00;6; m/s
13-06-2025;18:00:00;6,7; m/s
13-06-2025;18:10:00;5,8; m/s
13-06-2025;18:20:00;3,8; m/s
13-06-2025;18:30:00;3,7; m/s
13-06-2025;18:40:00;3; m/s
13-06-2025;18:50:00;3,4; m/s
13-06-2025;19:00:00;4,6; m/s
13-06-2025;19:10:00;5,4; m/s
13-06-2025;19:20:00;5; m/s
13-06-2025;19:30:00;3,9; m/s
13-06-2025;19:40:00;3,2; m/s
13-06-2025;19:50:00;3,8; m/s
13-06-2025;20:00:00;3,3; m/s
13-06-2025;20:10:00;3,2; m/s
13-06-2025;20:20:00;2,1; m/s
13-06-2025;20:30:00;2,1; m/s
13-06-2025;20:40:00;2,4; m/s
13-06-2025;20:50:00;1,4; m/s
13-06-2025;21:00:00;1,1; m/s
13-06-2025;21:10:00;1,1; m/s
13-06-2025;21:20:00;0,7; m/s
13-06-2025;21:30:00;0,7; m/s
13-06-2025;21:40:00;0,9; m/s
13-06-2025;21:50:00;1; m/s
13-06-2025;22:00:00;2,1; m/s
13-06-2025;22:10:00;1,9; m/s
13-06-2025;22:20:00;1,8; m/s
13-06-2025;22:30:00;2,1; m/s
13-06-2025;22:40:00;1,3; m/s
13-06-2025;22:50:00;1,9; m/s
13-06-2025;23:00:00;2,5; m/s
13-06-2025;23:10:00;2,3; m/s
13-06-2025;23:20:00;2,5; m/s
13-06-2025;23:30:00;2,8; m/s
13-06-2025;23:40:00;2,8; m/s
13-06-2025;23:50:00;3,1; m/s
14-06-2025;00:00:00;3; m/s
14-06-2025;00:10:00;1,9; m/s
14-06-2025;00:20:00;1,8; m/s
14-06-2025;00:30:00;2,3; m/s
14-06-2025;00:40:00;2; m/s
14-06-2025;00:50:00;1,9; m/s
14-06-2025;01:00:00;2,7; m/s
14-06-2025;01:10:00;2,4; m/s
14-06-2025;01:20:00;2,1; m/s
14-06-2025;01:30:00;2,4; m/s
14-06-2025;01:40:00;0,8; m/s
14-06-2025;01:50:00;1,5; m/s
14-06-2025;02:00:00;1,6; m/s
14-06-2025;02:10:00;1,6; m/s
14-06-2025;02:20:00;1,3; m/s
14-06-2025;02:30:00;1; m/s
14-06-2025;02:40:00;1,6; m/s
14-06-2025;02:50:00;1,5; m/s
14-06-2025;03:00:00;1,4; m/s
14-06-2025;03:10:00;1,5; m/s
14-06-2025;03:20:00;2; m/s
14-06-2025;03:30:00;2,5; m/s
14-06-2025;03:40:00;2,7; m/s
14-06-2025;03:50:00;2,7; m/s
14-06-2025;04:00:00;3,2; m/s
14-06-2025;04:10:00;2,9; m/s
14-06-2025;04:20:00;2,5; m/s
14-06-2025;04:30:00;2,3; m/s
14-06-2025;04:40:00;2,6; m/s
14-06-2025;04:50:00;2,7; m/s
14-06-2025;05:00:00;2,3; m/s
14-06-2025;05:10:00;1,5; m/s
14-06-2025;05:20:00;1,8; m/s
14-06-2025;05:30:00;2,2; m/s
14-06-2025;05:40:00;2,5; m/s
14-06-2025;05:50:00;2,7; m/s
14-06-2025;06:00:00;2,4; m/s
14-06-2025;06:10:00;2,4; m/s
14-06-2025;06:20:00;2,7; m/s
14-06-2025;06:30:00;2,4; m/s
14-06-2025;06:40:00;2,4; m/s
14-06-2025;06:50:00;2,2; m/s
14-06-2025;07:00:00;1,8; m/s
14-06-2025;07:10:00;1,8; m/s
14-06-2025;07:20:00;2; m/s
14-06-2025;07:30:00;2; m/s
14-06-2025;07:40:00;1,9; m/s
14-06-2025;07:50:00;2,1; m/s
14-06-2025;08:00:00;2,4; m/s
14-06-2025;08:10:00;2,9; m/s
14-06-2025;08:20:00;1,9; m/s
14-06-2025;08:30:00;1,8; m/s
14-06-2025;08:40:00;2; m/s
14-06-2025;08:50:00;1,8; m/s
14-06-2025;09:00:00;1,7; m/s
14-06-2025;09:10:00;1,8; m/s
14-06-2025;09:20:00;1,5; m/s
14-06-2025;09:30:00;1,5; m/s
14-06-2025;09:40:00;1,5; m/s
14-06-2025;09:50:00;1,7; m/s
14-06-2025;10:00:00;2; m/s
14-06-2025;10:10:00;1,7; m/s
14-06-2025;10:20:00;1,2; m/s
14-06-2025;10:30:00;1,6; m/s
14-06-2025;10:40:00;1,7; m/s
14-06-2025;10:50:00;1,9; m/s
14-06-2025;11:00:00;2; m/s
14-06-2025;11:10:00;2; m/s
14-06-2025;11:20:00;2,3; m/s
14-06-2025;11:30:00;3,4; m/s
14-06-2025;11:40:00;3,4; m/s
14-06-2025;11:50:00;3,1; m/s
14-06-2025;12:00:00;3,1; m/s
14-06-2025;12:10:00;2,9; m/s
14-06-2025;12:20:00;3,8; m/s
14-06-2025;12:30:00;3,4; m/s
14-06-2025;12:40:00;3,6; m/s
14-06-2025;12:50:00;3,8; m/s
14-06-2025;13:00:00;3,8; m/s
14-06-2025;13:10:00;3,4; m/s
14-06-2025;13:20:00;3,9; m/s
14-06-2025;13:30:00;4,8; m/s
14-06-2025;13:40:00;4,9; m/s
14-06-2025;13:50:00;5,2; m/s
14-06-2025;14:00:00;4,8; m/s
14-06-2025;14:10:00;4; m/s
14-06-2025;14:20:00;3,3; m/s
14-06-2025;14:30:00;3,9; m/s
14-06-2025;14:40:00;3,9; m/s
14-06-2025;14:50:00;4,2; m/s
14-06-2025;15:00:00;4,8; m/s
14-06-2025;15:10:00;4,7; m/s
14-06-2025;15:20:00;5,6; m/s
14-06-2025;15:30:00;6; m/s
14-06-2025;15:40:00;4,2; m/s
14-06-2025;15:50:00;3,9; m/s
14-06-2025;16:00:00;3,6; m/s
14-06-2025;16:10:00;2,7; m/s
14-06-2025;16:20:00;2,9; m/s
14-06-2025;16:30:00;3,6; m/s
14-06-2025;16:40:00;3,5; m/s
14-06-2025;16:50:00;4,8; m/s
14-06-2025;17:00:00;6,9; m/s
14-06-2025;17:10:00;6,9; m/s
14-06-2025;17:20:00;6,4; m/s
14-06-2025;17:30:00;6,1; m/s
14-06-2025;17:40:00;7,1; m/s
14-06-2025;17:50:00;7; m/s
14-06-2025;18:00:00;6,7; m/s
14-06-2025;18:10:00;7,1; m/s
14-06-2025;18:20:00;6,2; m/s
14-06-2025;18:30:00;5; m/s
14-06-2025;18:40:00;3,5; m/s
14-06-2025;18:50:00;3,1; m/s
14-06-2025;19:00:00;3,8; m/s
14-06-2025;19:10:00;3,5; m/s
14-06-2025;19:20:00;2,8; m/s
14-06-2025;19:30:00;2; m/s
14-06-2025;19:40:00;1,9; m/s
14-06-2025;19:50:00;1,7; m/s
14-06-2025;20:00:00;1,2; m/s
14-06-2025;20:10:00;0,7; m/s
14-06-2025;20:20:00;1,5; m/s
14-06-2025;20:30:00;2,1; m/s
14-06-2025;20:40:00;1,4; m/s
14-06-2025;20:50:00;0,9; m/s
14-06-2025;21:00:00;1,1; m/s
14-06-2025;21:10:00;1,7; m/s
14-06-2025;21:20:00;2,3; m/s
14-06-2025;21:30:00;2,1; m/s
14-06-2025;21:40:00;1,9; m/s
14-06-2025;21:50:00;0,8; m/s
14-06-2025;22:00:00;1; m/s
14-06-2025;22:10:00;0,6; m/s
14-06-2025;22:20:00;0,8; m/s
14-06-2025;22:30:00;0,5; m/s
14-06-2025;22:40:00;0,7; m/s
14-06-2025;22:50:00;0,2; m/s
14-06-2025;23:00:00;0,9; m/s
14-06-2025;23:10:00;0,7; m/s
14-06-2025;23:20:00;1; m/s
14-06-2025;23:30:00;0,8; m/s
14-06-2025;23:40:00;1,3; m/s
14-06-2025;23:50:00;1,1; m/s
15-06-2025;00:00:00;0,9; m/s
15-06-2025;00:10:00;1; m/s
15-06-2025;00:20:00;1,2; m/s
15-06-2025;00:30:00;1; m/s
15-06-2025;00:40:00;1,1; m/s
15-06-2025;00:50:00;0,8; m/s
15-06-2025;01:00:00;1; m/s
15-06-2025;01:10:00;1,5; m/s
15-06-2025;01:20:00;2,2; m/s
15-06-2025;01:30:00;2,1; m/s
15-06-2025;01:40:00;2,4; m/s
15-06-2025;01:50:00;2,5; m/s
15-06-2025;02:00:00;2,4; m/s
15-06-2025;02:10:00;2; m/s
15-06-2025;02:20:00;0,9; m/s
15-06-2025;02:30:00;0,8; m/s
15-06-2025;02:40:00;1,5; m/s
15-06-2025;02:50:00;0,7; m/s
15-06-2025;03:00:00;0,7; m/s
15-06-2025;03:10:00;1,2; m/s
15-06-2025;03:20:00;1,2; m/s
15-06-2025;03:30:00;1,9; m/s
15-06-2025;03:40:00;1,7; m/s
15-06-2025;03:50:00;1,4; m/s
15-06-2025;04:00:00;1,7; m/s
15-06-2025;04:10:00;1,3; m/s
15-06-2025;04:20:00;1,8; m/s
15-06-2025;04:30:00;1,1; m/s
15-06-2025;04:40:00;0,9; m/s
15-06-2025;04:50:00;1,2; m/s
15-06-2025;05:00:00;0,9; m/s
15-06-2025;05:10:00;1,3; m/s
15-06-2025;05:20:00;1,4; m/s
15-06-2025;05:30:00;1,6; m/s
15-06-2025;05:40:00;1,2; m/s
15-06-2025;05:50:00;1,1; m/s
15-06-2025;06:00:00;0,9; m/s
15-06-2025;06:10:00;1; m/s
15-06-2025;06:20:00;1,3; m/s
15-06-2025;06:30:00;1; m/s
15-06-2025;06:40:00;1,2; m/s
15-06-2025;06:50:00;2; m/s
15-06-2025;07:00:00;2,5; m/s
15-06-2025;07:10:00;1,8; m/s
15-06-2025;07:20:00;1,1; m/s
15-06-2025;07:30:00;1,2; m/s
15-06-2025;07:40:00;2; m/s
15-06-2025;07:50:00;2,8; m/s
15-06-2025;08:00:00;2,9; m/s
15-06-2025;08:10:00;3,1; m/s
15-06-2025;08:20:00;2,7; m/s
15-06-2025;08:30:00;2,4; m/s
15-06-2025;08:40:00;2,6; m/s
15-06-2025;08:50:00;2,6; m/s
15-06-2025;09:00:00;2,4; m/s
15-06-2025;09:10:00;2,5; m/s
15-06-2025;09:20:00;2; m/s
15-06-2025;09:30:00;1,8; m/s
15-06-2025;09:40:00;1,6; m/s
15-06-2025;09:50:00;1,8; m/s
15-06-2025;10:00:00;1,7; m/s
15-06-2025;10:10:00;1,8; m/s
15-06-2025;10:20:00;1,9; m/s
15-06-2025;10:30:00;1,9; m/s
15-06-2025;10:40:00;1,8; m/s
15-06-2025;10:50:00;1,9; m/s
15-06-2025;11:00:00;2; m/s
15-06-2025;11:10:00;2,2; m/s
15-06-2025;11:20:00;2,6; m/s
15-06-2025;11:30:00;3,8; m/s
15-06-2025;11:40:00;3,9; m/s
15-06-2025;11:50:00;4,5; m/s
15-06-2025;12:00:00;3,2; m/s
15-06-2025;12:10:00;2,4; m/s
15-06-2025;12:20:00;2,2; m/s
15-06-2025;12:30:00;2,8; m/s
15-06-2025;12:40:00;3,1; m/s
15-06-2025;12:50:00;2,9; m/s
15-06-2025;13:00:00;2,7; m/s
15-06-2025;13:10:00;3; m/s
15-06-2025;13:20:00;2,8; m/s
15-06-2025;13:30:00;2,6; m/s
15-06-2025;13:40:00;2,4; m/s
15-06-2025;13:50:00;2,3; m/s
15-06-2025;14:00:00;2,4; m/s
15-06-2025;14:10:00;2,7; m/s
15-06-2025;14:20:00;3,3; m/s
15-06-2025;14:30:00;4,3; m/s
15-06-2025;14:40:00;4,4; m/s
15-06-2025;14:50:00;5,1; m/s
15-06-2025;15:00:00;5,3; m/s
15-06-2025;15:10:00;4,4; m/s
15-06-2025;15:20:00;3,3; m/s
15-06-2025;15:30:00;4; m/s
15-06-2025;15:40:00;4,4; m/s
15-06-2025;15:50:00;4,1; m/s
15-06-2025;16:00:00;4,8; m/s
15-06-2025;16:10:00;6,9; m/s
15-06-2025;16:20:00;7,2; m/s
15-06-2025;16:30:00;7,5; m/s
15-06-2025;16:40:00;7,9; m/s
15-06-2025;16:50:00;7,2; m/s
15-06-2025;17:00:00;7,2; m/s
15-06-2025;17:10:00;7,2; m/s
15-06-2025;17:20:00;6,1; m/s
15-06-2025;17:30:00;6,1; m/s
15-06-2025;17:40:00;5,7; m/s
15-06-2025;17:50:00;5,3; m/s
15-06-2025;18:00:00;5,3; m/s
15-06-2025;18:10:00;5,7; m/s
15-06-2025;18:20:00;5,3; m/s
15-06-2025;18:30:00;6; m/s
15-06-2025;18:40:00;5,5; m/s
15-06-2025;18:50:00;5; m/s
15-06-2025;19:00:00;4,7; m/s
15-06-2025;19:10:00;4,7; m/s
15-06-2025;19:20:00;4,4; m/s
15-06-2025;19:30:00;3,4; m/s
15-06-2025;19:40:00;3,8; m/s
15-06-2025;19:50:00;4,1; m/s
15-06-2025;20:00:00;3,4; m/s
15-06-2025;20:10:00;2,9; m/s
15-06-2025;20:20:00;3,2; m/s
15-06-2025;20:30:00;3; m/s
15-06-2025;20:40:00;2,7; m/s
15-06-2025;20:50:00;1,9; m/s
15-06-2025;21:00:00;1,9; m/s
15-06-2025;21:10:00;2,1; m/s
15-06-2025;21:20:00;1,4; m/s
15-06-2025;21:30:00;1,3; m/s
15-06-2025;21:40:00;2,2; m/s
15-06-2025;21:50:00;3,2; m/s
15-06-2025;22:00:00;3; m/s
15-06-2025;22:10:00;1,6; m/s
15-06-2025;22:20:00;1,9; m/s
15-06-2025;22:30:00;3,1; m/s
15-06-2025;22:40:00;3,4; m/s
15-06-2025;22:50:00;3,3; m/s
15-06-2025;23:00:00;3,9; m/s
15-06-2025;23:10:00;3,8; m/s
15-06-2025;23:20:00;3,7; m/s
15-06-2025;23:30:00;3,1; m/s
15-06-2025;23:40:00;2,7; m/s
15-06-2025;23:50:00;2,5; m/s
16-06-2025;00:00:00;1,2; m/s
16-06-2025;00:10:00;2,3; m/s
16-06-2025;00:20:00;1,7; m/s
16-06-2025;00:30:00;1,6; m/s
16-06-2025;00:40:00;1; m/s
16-06-2025;00:50:00;1,7; m/s
16-06-2025;01:00:00;1,2; m/s
16-06-2025;01:10:00;1; m/s
16-06-2025;01:20:00;1,3; m/s
16-06-2025;01:30:00;1,9; m/s
16-06-2025;01:40:00;1,5; m/s
16-06-2025;01:50:00;1,1; m/s
16-06-2025;02:00:00;1; m/s
16-06-2025;02:10:00;1,5; m/s
16-06-2025;02:20:00;1; m/s
16-06-2025;02:30:00;1,1; m/s
16-06-2025;02:40:00;1,7; m/s
16-06-2025;02:50:00;1,6; m/s
16-06-2025;03:00:00;1,7; m/s
16-06-2025;03:10:00;2,3; m/s
16-06-2025;03:20:00;2,6; m/s
16-06-2025;03:30:00;2,5; m/s
16-06-2025;03:40:00;2,2; m/s
16-06-2025;03:50:00;2,2; m/s
16-06-2025;04:00:00;1,7; m/s
16-06-2025;04:10:00;1,8; m/s
16-06-2025;04:20:00;1,6; m/s
16-06-2025;04:30:00;2,6; m/s
16-06-2025;04:40:00;3; m/s
16-06-2025;04:50:00;3,1; m/s
16-06-2025;05:00:00;2,3; m/s
16-06-2025;05:10:00;1,7; m/s
16-06-2025;05:20:00;1,1; m/s
16-06-2025;05:30:00;2; m/s
16-06-2025;05:40:00;2,1; m/s
16-06-2025;05:50:00;1,3; m/s
16-06-2025;06:00:00;1,7; m/s
16-06-2025;06:10:00;1; m/s
16-06-2025;06:20:00;0,8; m/s
16-06-2025;06:30:00;0,7; m/s
16-06-2025;06:40:00;1,4; m/s
16-06-2025;06:50:00;1,6; m/s
16-06-2025;07:00:00;1,7; m/s
16-06-2025;07:10:00;1,6; m/s
16-06-2025;07:20:00;1,6; m/s
16-06-2025;07:30:00;1,6; m/s
16-06-2025;07:40:00;1,4; m/s
16-06-2025;07:50:00;1,6; m/s
16-06-2025;08:00:00;1,8; m/s
16-06-2025;08:10:00;1,8; m/s
16-06-2025;08:20:00;2; m/s
16-06-2025;08:30:00;2; m/s
16-06-2025;08:40:00;2; m/s
16-06-2025;08:50:00;1,8; m/s
16-06-2025;09:00:00;2; m/s
16-06-2025;09:10:00;1,7; m/s
16-06-2025;09:20:00;1,6; m/s
16-06-2025;09:30:00;1,9; m/s
16-06-2025;09:40:00;1,9; m/s
16-06-2025;09:50:00;1,7; m/s
16-06-2025;10:00:00;1,9; m/s
16-06-2025;10:10:00;1,9; m/s
16-06-2025;10:20:00;1,7; m/s
16-06-2025;10:30:00;2,1; m/s
16-06-2025;10:40:00;2,2; m/s
16-06-2025;10:50:00;2,1; m/s
16-06-2025;11:00:00;2,1; m/s
16-06-2025;11:10:00;1,7; m/s
16-06-2025;11:20:00;1,9; m/s
16-06-2025;11:30:00;2,1; m/s
16-06-2025;11:40:00;2,1; m/s
16-06-2025;11:50:00;2; m/s
16-06-2025;12:00:00;2,4; m/s
16-06-2025;12:10:00;2,8; m/s
16-06-2025;12:20:00;2,4; m/s
16-06-2025;12:30:00;2,2; m/s
16-06-2025;12:40:00;2,4; m/s
16-06-2025;12:50:00;2,4; m/s
16-06-2025;13:00:00;2,8; m/s
16-06-2025;13:10:00;2,7; m/s
16-06-2025;13:20:00;2,8; m/s
16-06-2025;13:30:00;2,9; m/s
16-06-2025;13:40:00;2,6; m/s
16-06-2025;13:50:00;2,4; m/s
16-06-2025;14:00:00;3; m/s
16-06-2025;14:10:00;2,9; m/s
16-06-2025;14:20:00;2,8; m/s
16-06-2025;14:30:00;3; m/s
16-06-2025;14:40:00;3,3; m/s
16-06-2025;14:50:00;3,2; m/s
16-06-2025;15:00:00;2,8; m/s
16-06-2025;15:10:00;2,6; m/s
16-06-2025;15:20:00;3; m/s
16-06-2025;15:30:00;3,1; m/s
16-06-2025;15:40:00;4,2; m/s
16-06-2025;15:50:00;3,6; m/s
16-06-2025;16:00:00;2,9; m/s
16-06-2025;16:10:00;3,9; m/s
16-06-2025;16:20:00;3,7; m/s
16-06-2025;16:30:00;3,6; m/s
16-06-2025;16:40:00;2; m/s
16-06-2025;16:50:00;2,6; m/s
16-06-2025;17:00:00;2,4; m/s
16-06-2025;17:10:00;2,5; m/s
16-06-2025;17:20:00;2,2; m/s
16-06-2025;17:30:00;2; m/s
16-06-2025;17:40:00;2,5; m/s
16-06-2025;17:50:00;2,2; m/s
16-06-2025;18:00:00;1,7; m/s
16-06-2025;18:10:00;1,3; m/s
16-06-2025;18:20:00;1,5; m/s
16-06-2025;18:30:00;1,5; m/s
16-06-2025;18:40:00;2; m/s
16-06-2025;18:50:00;1,9; m/s
16-06-2025;19:00:00;2,4; m/s
16-06-2025;19:10:00;3,1; m/s
16-06-2025;19:20:00;3,1; m/s
16-06-2025;19:30:00;3,2; m/s
16-06-2025;19:40:00;2,7; m/s
16-06-2025;19:50:00;2,2; m/s
16-06-2025;20:00:00;2,2; m/s
16-06-2025;20:10:00;1,6; m/s
16-06-2025;20:20:00;1,9; m/s
16-06-2025;20:30:00;5,8; m/s
16-06-2025;20:40:00;5,4; m/s
16-06-2025;20:50:00;6,1; m/s
16-06-2025;21:00:00;3,6; m/s
16-06-2025;21:10:00;4; m/s
16-06-2025;21:20:00;4,7; m/s
16-06-2025;21:30:00;5,2; m/s
16-06-2025;21:40:00;5; m/s
16-06-2025;21:50:00;4,7; m/s
16-06-2025;22:00:00;3,4; m/s
16-06-2025;22:10:00;3,2; m/s
16-06-2025;22:20:00;2,8; m/s
16-06-2025;22:30:00;2,6; m/s
16-06-2025;22:40:00;2,3; m/s
16-06-2025;22:50:00;2,2; m/s
16-06-2025;23:00:00;1,6; m/s
16-06-2025;23:10:00;0,5; m/s
16-06-2025;23:20:00;0,7; m/s
16-06-2025;23:30:00;1,5; m/s
16-06-2025;23:40:00;2,4; m/s
16-06-2025;23:50:00;2,6; m/s
17-06-2025;00:00:00;1,5; m/s
17-06-2025;00:10:00;1,7; m/s
17-06-2025;00:20:00;2,5; m/s
17-06-2025;00:30:00;2,2; m/s
17-06-2025;00:40:00;2,5; m/s
17-06-2025;00:50:00;2; m/s
17-06-2025;01:00:00;2,4; m/s
17-06-2025;01:10:00;2,3; m/s
17-06-2025;01:20:00;1,7; m/s
17-06-2025;01:30:00;2; m/s
17-06-2025;01:40:00;1,7; m/s
17-06-2025;01:50:00;1,5; m/s
17-06-2025;02:00:00;1,4; m/s
17-06-2025;02:10:00;1,6; m/s
17-06-2025;02:20:00;1,4; m/s
17-06-2025;02:30:00;1,5; m/s
17-06-2025;02:40:00;1,8; m/s
17-06-2025;02:50:00;1,8; m/s
17-06-2025;03:00:00;1,7; m/s
17-06-2025;03:10:00;2; m/s
17-06-2025;03:20:00;2; m/s
17-06-2025;03:30:00;1,9; m/s
17-06-2025;03:40:00;2; m/s
17-06-2025;03:50:00;1,2; m/s
17-06-2025;04:00:00;1,3; m/s
17-06-2025;04:10:00;1; m/s
17-06-2025;04:20:00;1,2; m/s
17-06-2025;04:30:00;1,5; m/s
17-06-2025;04:40:00;1,6; m/s
17-06-2025;04:50:00;1,6; m/s
17-06-2025;05:00:00;1,6; m/s
17-06-2025;05:10:00;1,3; m/s
17-06-2025;05:20:00;1,2; m/s
17-06-2025;05:30:00;1,9; m/s
17-06-2025;05:40:00;2; m/s
17-06-2025;05:50:00;1,3; m/s
17-06-2025;06:00:00;1,3; m/s
17-06-2025;06:10:00;1,2; m/s
17-06-2025;06:20:00;1; m/s
17-06-2025;06:30:00;1,8; m/s
17-06-2025;06:40:00;1,7; m/s
17-06-2025;06:50:00;1,7; m/s
17-06-2025;07:00:00;1,8; m/s
17-06-2025;07:10:00;2; m/s
17-06-2025;07:20:00;1,4; m/s
17-06-2025;07:30:00;1,4; m/s
17-06-2025;07:40:00;1,4; m/s
17-06-2025;07:50:00;2; m/s
17-06-2025;08:00:00;1,5; m/s
17-06-2025;08:10:00;1,4; m/s
17-06-2025;08:20:00;1,5; m/s
17-06-2025;08:30:00;1,9; m/s
17-06-2025;08:40:00;1,5; m/s
17-06-2025;08:50:00;1,3; m/s
17-06-2025;09:00:00;1,5; m/s
17-06-2025;09:10:00;1,8; m/s
17-06-2025;09:20:00;2; m/s
17-06-2025;09:30:00;1,8; m/s
17-06-2025;09:40:00;2; m/s
17-06-2025;09:50:00;2; m/s
17-06-2025;10:00:00;2,7; m/s
17-06-2025;10:10:00;2,3; m/s
17-06-2025;10:20:00;2,1; m/s
17-06-2025;10:30:00;1,6; m/s
17-06-2025;10:40:00;1,8; m/s
17-06-2025;10:50:00;2,1; m/s
17-06-2025;11:00:00;2,2; m/s
17-06-2025;11:10:00;2,2; m/s
17-06-2025;11:20:00;2,2; m/s
17-06-2025;11:30:00;2,1; m/s
17-06-2025;11:40:00;2,1; m/s
17-06-2025;11:50:00;2,4; m/s
17-06-2025;12:00:00;2,7; m/s
17-06-2025;12:10:00;2,6; m/s
17-06-2025;12:20:00;2,4; m/s
17-06-2025;12:30:00;2,3; m/s
17-06-2025;12:40:00;2,5; m/s
17-06-2025;12:50:00;2,4; m/s
17-06-2025;13:00:00;2,4; m/s
17-06-2025;13:10:00;2,7; m/s
17-06-2025;13:20:00;3,4; m/s
17-06-2025;13:30:00;3,3; m/s
17-06-2025;13:40:00;2,7; m/s
17-06-2025;13:50:00;3,3; m/s
17-06-2025;14:00:00;2,8; m/s
17-06-2025;14:10:00;2,9; m/s
17-06-2025;14:20:00;3,5; m/s
17-06-2025;14:30:00;3,3; m/s
17-06-2025;14:40:00;3,1; m/s
17-06-2025;14:50:00;3,3; m/s
17-06-2025;15:00:00;3,5; m/s
17-06-2025;15:10:00;3,4; m/s
17-06-2025;15:20:00;3,6; m/s
17-06-2025;15:30:00;3,7; m/s
17-06-2025;15:40:00;4,4; m/s
17-06-2025;15:50:00;5,5; m/s
17-06-2025;16:00:00;4,7; m/s
17-06-2025;16:10:00;4,7; m/s
17-06-2025;16:20:00;3,8; m/s
17-06-2025;16:30:00;4,6; m/s
17-06-2025;16:40:00;5,2; m/s
17-06-2025;16:50:00;7,7; m/s
17-06-2025;17:00:00;7,4; m/s
17-06-2025;17:10:00;7,4; m/s
17-06-2025;17:20:00;7,4; m/s
17-06-2025;17:30:00;7,3; m/s
17-06-2025;17:40:00;8,1; m/s
17-06-2025;17:50:00;7,1; m/s
17-06-2025;18:00:00;7; m/s
17-06-2025;18:10:00;4,8; m/s
17-06-2025;18:20:00;2,9; m/s
17-06-2025;18:30:00;3,8; m/s
17-06-2025;18:40:00;3,4; m/s
17-06-2025;18:50:00;3; m/s
17-06-2025;19:00:00;2,7; m/s
17-06-2025;19:10:00;2; m/s
17-06-2025;19:20:00;2,2; m/s
17-06-2025;19:30:00;3,5; m/s
17-06-2025;19:40:00;3; m/s
17-06-2025;19:50:00;4; m/s
17-06-2025;20:00:00;3,8; m/s
17-06-2025;20:10:00;4,3; m/s
17-06-2025;20:20:00;3,7; m/s
17-06-2025;20:30:00;4; m/s
17-06-2025;20:40:00;3,5; m/s
17-06-2025;20:50:00;2,6; m/s
17-06-2025;21:00:00;2,5; m/s
17-06-2025;21:10:00;2,5; m/s
17-06-2025;21:20:00;2,3; m/s
17-06-2025;21:30:00;1,9; m/s
17-06-2025;21:40:00;2,1; m/s
17-06-2025;21:50:00;2,1; m/s
17-06-2025;22:00:00;2,2; m/s
17-06-2025;22:10:00;2,9; m/s
17-06-2025;22:20:00;3,7; m/s
17-06-2025;22:30:00;3,6; m/s
17-06-2025;22:40:00;4,4; m/s
17-06-2025;22:50:00;4,7; m/s
17-06-2025;23:00:00;4,2; m/s
17-06-2025;23:10:00;4; m/s
17-06-2025;23:20:00;3,6; m/s
17-06-2025;23:30:00;3,4; m/s
17-06-2025;23:40:00;4,3; m/s
17-06-2025;23:50:00;4,7; m/s
18-06-2025;00:00:00;5,7; m/s
18-06-2025;00:10:00;5,6; m/s
18-06-2025;00:20:00;5,6; m/s
18-06-2025;00:30:00;4,6; m/s
18-06-2025;00:40:00;4,6; m/s
18-06-2025;00:50:00;4,1; m/s
18-06-2025;01:00:00;4,9; m/s
18-06-2025;01:10:00;5; m/s
18-06-2025;01:20:00;5,2; m/s
18-06-2025;01:30:00;5,2; m/s
18-06-2025;01:40:00;5,4; m/s
18-06-2025;01:50:00;5,9; m/s
18-06-2025;02:00:00;5,8; m/s
18-06-2025;02:10:00;6; m/s
18-06-2025;02:20:00;5,5; m/s
18-06-2025;02:30:00;5,4; m/s
18-06-2025;02:40:00;5,4; m/s
18-06-2025;02:50:00;5,8; m/s
18-06-2025;03:00:00;5; m/s
18-06-2025;03:10:00;5,3; m/s
18-06-2025;03:20:00;4,2; m/s
18-06-2025;03:30:00;3,8; m/s
18-06-2025;03:40:00;3,3; m/s
18-06-2025;03:50:00;3,3; m/s
18-06-2025;04:00:00;3,3; m/s
18-06-2025;04:10:00;3,2; m/s
18-06-2025;04:20:00;2,8; m/s
18-06-2025;04:30:00;3,7; m/s
18-06-2025;04:40:00;3,3; m/s
18-06-2025;04:50:00;3,4; m/s
18-06-2025;05:00:00;4,2; m/s
18-06-2025;05:10:00;3,7; m/s
18-06-2025;05:20:00;4,2; m/s
18-06-2025;05:30:00;4,6; m/s
18-06-2025;05:40:00;4,7; m/s
18-06-2025;05:50:00;5,7; m/s
18-06-2025;06:00:00;5,5; m/s
18-06-2025;06:10:00;5,4; m/s
18-06-2025;06:20:00;4,9; m/s
18-06-2025;06:30:00;5; m/s
18-06-2025;06:40:00;4,7; m/s
18-06-2025;06:50:00;5; m/s
18-06-2025;07:00:00;3,9; m/s
18-06-2025;07:10:00;4,7; m/s
18-06-2025;07:20:00;4,6; m/s
18-06-2025;07:30:00;6,3; m/s
18-06-2025;07:40:00;6,4; m/s
18-06-2025;07:50:00;6,9; m/s
18-06-2025;08:00:00;4,4; m/s
18-06-2025;08:10:00;5,2; m/s
18-06-2025;08:20:00;5,1; m/s
18-06-2025;08:30:00;4,7; m/s
18-06-2025;08:40:00;4,5; m/s
18-06-2025;08:50:00;5,4; m/s
18-06-2025;09:00:00;4,6; m/s
18-06-2025;09:10:00;3,9; m/s
18-06-2025;09:20:00;4,7; m/s
18-06-2025;09:30:00;4,9; m/s
18-06-2025;09:40:00;5,8; m/s
18-06-2025;09:50:00;6,8; m/s
18-06-2025;10:00:00;7,3; m/s
18-06-2025;10:10:00;4,7; m/s
18-06-2025;10:20:00;4,2; m/s
18-06-2025;10:30:00;4,5; m/s
18-06-2025;10:40:00;4,4; m/s
18-06-2025;10:50:00;4,3; m/s
18-06-2025;11:00:00;3,7; m/s
18-06-2025;11:10:00;4,9; m/s
18-06-2025;11:20:00;3,9; m/s
18-06-2025;11:30:00;3,6; m/s
18-06-2025;11:40:00;3,5; m/s
18-06-2025;11:50:00;3,3; m/s
18-06-2025;12:00:00;4,2; m/s
18-06-2025;12:10:00;3,7; m/s
18-06-2025;12:20:00;4,1; m/s
18-06-2025;12:30:00;3,6; m/s
18-06-2025;12:40:00;4,2; m/s
18-06-2025;12:50:00;4,1; m/s
18-06-2025;13:00:00;4; m/s
18-06-2025;13:10:00;3,1; m/s
18-06-2025;13:20:00;2,6; m/s
18-06-2025;13:30:00;2,6; m/s
18-06-2025;13:40:00;2,4; m/s
18-06-2025;13:50:00;2,9; m/s
18-06-2025;14:00:00;5,7; m/s
18-06-2025;14:10:00;3,2; m/s
18-06-2025;14:20:00;3,7; m/s
18-06-2025;14:30:00;3,1; m/s
18-06-2025;14:40:00;2,2; m/s
18-06-2025;14:50:00;3; m/s
18-06-2025;15:00:00;3; m/s
18-06-2025;15:10:00;3,8; m/s
18-06-2025;15:20:00;2,3; m/s
18-06-2025;15:30:00;3,8; m/s
18-06-2025;15:40:00;2,3; m/s
18-06-2025;15:50:00;3,7; m/s
18-06-2025;16:00:00;5,3; m/s
18-06-2025;16:10:00;6; m/s
18-06-2025;16:20:00;6,4; m/s
18-06-2025;16:30:00;4,4; m/s
18-06-2025;16:40:00;5; m/s
18-06-2025;16:50:00;5,8; m/s
18-06-2025;17:00:00;5,4; m/s
18-06-2025;17:10:00;5,4; m/s
18-06-2025;17:20:00;5,5; m/s
18-06-2025;17:30:00;5,7; m/s
18-06-2025;17:40:00;5,6; m/s
18-06-2025;17:50:00;6,2; m/s
18-06-2025;18:00:00;5,1; m/s
18-06-2025;18:10:00;3,4; m/s
18-06-2025;18:20:00;3,2; m/s
18-06-2025;18:30:00;2,4; m/s
18-06-2025;18:40:00;2,1; m/s
18-06-2025;18:50:00;2,3; m/s
18-06-2025;19:00:00;4; m/s
18-06-2025;19:10:00;4,6; m/s
18-06-2025;19:20:00;3,7; m/s
18-06-2025;19:30:00;3; m/s
18-06-2025;19:40:00;3,3; m/s
18-06-2025;19:50:00;2,7; m/s
18-06-2025;20:00:00;2,7; m/s
18-06-2025;20:10:00;1,4; m/s
18-06-2025;20:20:00;1; m/s
18-06-2025;20:30:00;2,2; m/s
18-06-2025;20:40:00;2,9; m/s
18-06-2025;20:50:00;2,3; m/s
18-06-2025;21:00:00;2,2; m/s
18-06-2025;21:10:00;2; m/s
18-06-2025;21:20:00;2,6; m/s
18-06-2025;21:30:00;2,6; m/s
18-06-2025;21:40:00;2,7; m/s
18-06-2025;21:50:00;2,4; m/s
18-06-2025;22:00:00;2,6; m/s
18-06-2025;22:10:00;2,7; m/s
18-06-2025;22:20:00;3,3; m/s
18-06-2025;22:30:00;3,9; m/s
18-06-2025;22:40:00;3,8; m/s
18-06-2025;22:50:00;4,2; m/s
18-06-2025;23:00:00;4,6; m/s
18-06-2025;23:10:00;5,4; m/s
18-06-2025;23:20:00;4,7; m/s
18-06-2025;23:30:00;3,9; m/s
18-06-2025;23:40:00;3,8; m/s
18-06-2025;23:50:00;3,5; m/s
19-06-2025;00:00:00;3,1; m/s
19-06-2025;00:10:00;3,3; m/s
19-06-2025;00:20:00;4,4; m/s
19-06-2025;00:30:00;4,4; m/s
19-06-2025;00:40:00;3,9; m/s
19-06-2025;00:50:00;3,7; m/s
19-06-2025;01:00:00;3,3; m/s
19-06-2025;01:10:00;2,5; m/s
19-06-2025;01:20:00;2,8; m/s
19-06-2025;01:30:00;4; m/s
19-06-2025;01:40:00;4; m/s
19-06-2025;01:50:00;4,1; m/s
19-06-2025;02:00:00;4,6; m/s
19-06-2025;02:10:00;4,3; m/s
19-06-2025;02:20:00;5; m/s
19-06-2025;02:30:00;5,7; m/s
19-06-2025;02:40:00;4,4; m/s
19-06-2025;02:50:00;3,3; m/s
19-06-2025;03:00:00;3,4; m/s
19-06-2025;03:10:00;3,2; m/s
19-06-2025;03:20:00;2,3; m/s
19-06-2025;03:30:00;1,5; m/s
19-06-2025;03:40:00;2,9; m/s
19-06-2025;03:50:00;3,7; m/s
19-06-2025;04:00:00;2,4; m/s
19-06-2025;04:10:00;1,2; m/s
19-06-2025;04:20:00;0,9; m/s
19-06-2025;04:30:00;2; m/s
19-06-2025;04:40:00;2,3; m/s
19-06-2025;04:50:00;2,7; m/s
19-06-2025;05:00:00;3,9; m/s
19-06-2025;05:10:00;3,2; m/s
19-06-2025;05:20:00;3,3; m/s
19-06-2025;05:30:00;3,6; m/s
19-06-2025;05:40:00;4; m/s
19-06-2025;05:50:00;4,4; m/s
19-06-2025;06:00:00;3,4; m/s
19-06-2025;06:10:00;2,6; m/s
19-06-2025;06:20:00;1,5; m/s
19-06-2025;06:30:00;1,1; m/s
19-06-2025;06:40:00;1,4; m/s
19-06-2025;06:50:00;2,5; m/s
19-06-2025;07:00:00;2,3; m/s
19-06-2025;07:10:00;1; m/s
19-06-2025;07:20:00;0,9; m/s
19-06-2025;07:30:00;1,5; m/s
19-06-2025;07:40:00;1,4; m/s
19-06-2025;07:50:00;1,2; m/s
19-06-2025;08:00:00;1; m/s
19-06-2025;08:10:00;0,9; m/s
19-06-2025;08:20:00;1,2; m/s
19-06-2025;08:30:00;1,6; m/s
19-06-2025;08:40:00;1,4; m/s
19-06-2025;08:50:00;1,2; m/s
19-06-2025;09:00:00;1,3; m/s
19-06-2025;09:10:00;1,3; m/s
19-06-2025;09:20:00;1,3; m/s
19-06-2025;09:30:00;1,4; m/s
19-06-2025;09:40:00;1,3; m/s
19-06-2025;09:50:00;1,5; m/s
19-06-2025;10:00:00;1,3; m/s
19-06-2025;10:10:00;1,4; m/s
19-06-2025;10:20:00;1,6; m/s
19-06-2025;10:30:00;1,4; m/s
19-06-2025;10:40:00;1,4; m/s
19-06-2025;10:50:00;2,1; m/s
19-06-2025;11:00:00;1,6; m/s
19-06-2025;11:10:00;1,7; m/s
19-06-2025;11:20:00;1,4; m/s
19-06-2025;11:30:00;1,5; m/s
19-06-2025;11:40:00;1,6; m/s
19-06-2025;11:50:00;1,9; m/s
19-06-2025;12:00:00;3,2; m/s
19-06-2025;12:10:00;4,1; m/s
19-06-2025;12:20:00;4,1; m/s
19-06-2025;12:30:00;4,1; m/s
19-06-2025;12:40:00;3,5; m/s
19-06-2025;12:50:00;3,1; m/s
19-06-2025;13:00:00;2,4; m/s
19-06-2025;13:10:00;2,3; m/s
19-06-2025;13:20:00;2,2; m/s
19-06-2025;13:30:00;2,1; m/s
19-06-2025;13:40:00;2,7; m/s
19-06-2025;13:50:00;3,7; m/s
19-06-2025;14:00:00;3,7; m/s
19-06-2025;14:10:00;3,6; m/s
19-06-2025;14:20:00;4,1; m/s
19-06-2025;14:30:00;4,1; m/s
19-06-2025;14:40:00;4,2; m/s
19-06-2025;14:50:00;3,8; m/s
19-06-2025;15:00:00;3,2; m/s
19-06-2025;15:10:00;3,5; m/s
19-06-2025;15:20:00;2,9; m/s
19-06-2025;15:30:00;4,1; m/s
19-06-2025;15:40:00;5,3; m/s
19-06-2025;15:50:00;5,2; m/s
19-06-2025;16:00:00;5; m/s
19-06-2025;16:10:00;4,8; m/s
19-06-2025;16:20:00;5,7; m/s
19-06-2025;16:30:00;6,1; m/s
19-06-2025;16:40:00;7,1; m/s
19-06-2025;16:50:00;7,3; m/s
19-06-2025;17:00:00;6,9; m/s
19-06-2025;17:10:00;7; m/s
19-06-2025;17:20:00;7,5; m/s
19-06-2025;17:30:00;8,3; m/s
19-06-2025;17:40:00;9; m/s
19-06-2025;17:50:00;8,5; m/s
19-06-2025;18:00:00;8,5; m/s
19-06-2025;18:10:00;5,8; m/s
19-06-2025;18:20:00;5; m/s
19-06-2025;18:30:00;3,8; m/s
19-06-2025;18:40:00;3,4; m/s
19-06-2025;18:50:00;1,6; m/s
19-06-2025;19:00:00;2,1; m/s
19-06-2025;19:10:00;2; m/s
19-06-2025;19:20:00;3,5; m/s
19-06-2025;19:30:00;4,5; m/s
19-06-2025;19:40:00;3,9; m/s
19-06-2025;19:50:00;2,8; m/s
19-06-2025;20:00:00;2,7; m/s
19-06-2025;20:10:00;2,6; m/s
19-06-2025;20:20:00;2; m/s
19-06-2025;20:30:00;2,5; m/s
19-06-2025;20:40:00;1,8; m/s
19-06-2025;20:50:00;1,2; m/s
19-06-2025;21:00:00;1,4; m/s
19-06-2025;21:10:00;1,3; m/s
19-06-2025;21:20:00;1,3; m/s
19-06-2025;21:30:00;1; m/s
19-06-2025;21:40:00;0,9; m/s
19-06-2025;21:50:00;1; m/s
19-06-2025;22:00:00;0,8; m/s
19-06-2025;22:10:00;1,3; m/s
19-06-2025;22:20:00;0,5; m/s
19-06-2025;22:30:00;1,2; m/s
19-06-2025;22:40:00;2,3; m/s
19-06-2025;22:50:00;2,6; m/s
19-06-2025;23:00:00;2,6; m/s
19-06-2025;23:10:00;2,3; m/s
19-06-2025;23:20:00;1,3; m/s
19-06-2025;23:30:00;2; m/s
19-06-2025;23:40:00;1,3; m/s
19-06-2025;23:50:00;2,1; m/s
20-06-2025;00:00:00;2,5; m/s
20-06-2025;00:10:00;2,1; m/s
20-06-2025;00:20:00;2,2; m/s
20-06-2025;00:30:00;1,7; m/s
20-06-2025;00:40:00;1,3; m/s
20-06-2025;00:50:00;2,5; m/s
20-06-2025;01:00:00;1,8; m/s
20-06-2025;01:10:00;0,9; m/s
20-06-2025;01:20:00;1,4; m/s
20-06-2025;01:30:00;2,1; m/s
20-06-2025;01:40:00;2; m/s
20-06-2025;01:50:00;1; m/s
20-06-2025;02:00:00;1,3; m/s
20-06-2025;02:10:00;1,2; m/s
20-06-2025;02:20:00;1,4; m/s
20-06-2025;02:30:00;0,9; m/s
20-06-2025;02:40:00;0,9; m/s
20-06-2025;02:50:00;1,1; m/s
20-06-2025;03:00:00;1,5; m/s
20-06-2025;03:10:00;1,3; m/s
20-06-2025;03:20:00;0,5; m/s
20-06-2025;03:30:00;0,4; m/s
20-06-2025;03:40:00;0,8; m/s
20-06-2025;03:50:00;1,8; m/s
20-06-2025;04:00:00;1,6; m/s
20-06-2025;04:10:00;1,3; m/s
20-06-2025;04:20:00;0,8; m/s
20-06-2025;04:30:00;1,1; m/s
20-06-2025;04:40:00;1,1; m/s
20-06-2025;04:50:00;0,6; m/s
20-06-2025;05:00:00;1,3; m/s
20-06-2025;05:10:00;1,7; m/s
20-06-2025;05:20:00;1,6; m/s
20-06-2025;05:30:00;1,6; m/s
20-06-2025;05:40:00;1,3; m/s
20-06-2025;05:50:00;2; m/s
20-06-2025;06:00:00;1,7; m/s
20-06-2025;06:10:00;1,7; m/s
20-06-2025;06:20:00;2,1; m/s
20-06-2025;06:30:00;1,7; m/s
20-06-2025;06:40:00;1,9; m/s
20-06-2025;06:50:00;2; m/s
20-06-2025;07:00:00;2,5; m/s
20-06-2025;07:10:00;1,8; m/s
20-06-2025;07:20:00;2,1; m/s
20-06-2025;07:30:00;2; m/s
20-06-2025;07:40:00;2,2; m/s
20-06-2025;07:50:00;2,2; m/s
20-06-2025;08:00:00;3,2; m/s
20-06-2025;08:10:00;2,2; m/s
20-06-2025;08:20:00;2,5; m/s
20-06-2025;08:30:00;2; m/s
20-06-2025;08:40:00;2; m/s
20-06-2025;08:50:00;2,1; m/s
20-06-2025;09:00:00;1,9; m/s
20-06-2025;09:10:00;1,9; m/s
20-06-2025;09:20:00;2; m/s
20-06-2025;09:30:00;2; m/s
20-06-2025;09:40:00;1,4; m/s
20-06-2025;09:50:00;1,5; m/s
20-06-2025;10:00:00;1,6; m/s
20-06-2025;10:10:00;1,7; m/s
20-06-2025;10:20:00;1,5; m/s
20-06-2025;10:30:00;1,6; m/s
20-06-2025;10:40:00;1,6; m/s
20-06-2025;10:50:00;2,2; m/s
20-06-2025;11:00:00;2,2; m/s
20-06-2025;11:10:00;2,1; m/s
20-06-2025;11:20:00;2,2; m/s
20-06-2025;11:30:00;2,3; m/s
20-06-2025;11:40:00;2,5; m/s
20-06-2025;11:50:00;2,9; m/s
20-06-2025;12:00:00;2,5; m/s
20-06-2025;12:10:00;2,5; m/s
20-06-2025;12:20:00;3,2; m/s
20-06-2025;12:30:00;3,3; m/s
20-06-2025;12:40:00;3,1; m/s
20-06-2025;12:50:00;3,7; m/s
20-06-2025;13:00:00;4,6; m/s
20-06-2025;13:10:00;4,9; m/s
20-06-2025;13:20:00;5,1; m/s
20-06-2025;13:30:00;4,8; m/s
20-06-2025;13:40:00;4,5; m/s
20-06-2025;13:50:00;4,5; m/s
20-06-2025;14:00:00;4,9; m/s
20-06-2025;14:10:00;4,4; m/s
20-06-2025;14:20:00;5; m/s
20-06-2025;14:30:00;5,1; m/s
20-06-2025;14:40:00;4,9; m/s
20-06-2025;14:50:00;4,7; m/s
20-06-2025;15:00:00;4,1; m/s
20-06-2025;15:10:00;3,4; m/s
20-06-2025;15:20:00;3,8; m/s
20-06-2025;15:30:00;3,8; m/s
20-06-2025;15:40:00;3,4; m/s
20-06-2025;15:50:00;4,2; m/s
20-06-2025;16:00:00;5,1; m/s
20-06-2025;16:10:00;5; m/s
20-06-2025;16:20:00;4,9; m/s
20-06-2025;16:30:00;4,1; m/s
20-06-2025;16:40:00;3,6; m/s
20-06-2025;16:50:00;3,2; m/s
20-06-2025;17:00:00;4,2; m/s
20-06-2025;17:10:00;4,2; m/s
20-06-2025;17:20:00;5; m/s
20-06-2025;17:30:00;5,6; m/s
20-06-2025;17:40:00;5,4; m/s
20-06-2025;17:50:00;5,2; m/s
20-06-2025;18:00:00;5; m/s
20-06-2025;18:10:00;5,8; m/s
20-06-2025;18:20:00;5,5; m/s
20-06-2025;18:30:00;4,6; m/s
20-06-2025;18:40:00;3,8; m/s
20-06-2025;18:50:00;3,2; m/s
20-06-2025;19:00:00;3,7; m/s
20-06-2025;19:10:00;4; m/s
20-06-2025;19:20:00;4,2; m/s
20-06-2025;19:30:00;4,9; m/s
20-06-2025;19:40:00;3,1; m/s
20-06-2025;19:50:00;2,8; m/s
20-06-2025;20:00:00;2; m/s
20-06-2025;20:10:00;1,9; m/s
20-06-2025;20:20:00;2,7; m/s
20-06-2025;20:30:00;1,9; m/s
20-06-2025;20:40:00;1,7; m/s
20-06-2025;20:50:00;3,2; m/s
20-06-2025;21:00:00;3,1; m/s
20-06-2025;21:10:00;2,8; m/s
20-06-2025;21:20:00;1,6; m/s
20-06-2025;21:30:00;1,8; m/s
20-06-2025;21:40:00;2,6; m/s
20-06-2025;21:50:00;2,1; m/s
20-06-2025;22:00:00;2,1; m/s
20-06-2025;22:10:00;2,6; m/s
20-06-2025;22:20:00;2,8; m/s
20-06-2025;22:30:00;2,5; m/s
20-06-2025;22:40:00;2,5; m/s
20-06-2025;22:50:00;2; m/s
20-06-2025;23:00:00;1,9; m/s
20-06-2025;23:10:00;2,4; m/s
20-06-2025;23:20:00;2,5; m/s
20-06-2025;23:30:00;1,8; m/s
20-06-2025;23:40:00;1,4; m/s
20-06-2025;23:50:00;2,2; m/s
21-06-2025;00:00:00;2,3; m/s
21-06-2025;00:10:00;2,5; m/s
21-06-2025;00:20:00;2,6; m/s
21-06-2025;00:30:00;2,4; m/s
21-06-2025;00:40:00;2,6; m/s
21-06-2025;00:50:00;1,5; m/s
21-06-2025;01:00:00;0,7; m/s
21-06-2025;01:10:00;1,9; m/s
21-06-2025;01:20:00;2,6; m/s
21-06-2025;01:30:00;2,4; m/s
21-06-2025;01:40:00;1,3; m/s
21-06-2025;01:50:00;1,5; m/s
21-06-2025;02:00:00;1,2; m/s
21-06-2025;02:10:00;0,8; m/s
21-06-2025;02:20:00;0,7; m/s
21-06-2025;02:30:00;1,2; m/s
21-06-2025;02:40:00;0,6; m/s
21-06-2025;02:50:00;0,9; m/s
21-06-2025;03:00:00;0,8; m/s
21-06-2025;03:10:00;1; m/s
21-06-2025;03:20:00;1,1; m/s
21-06-2025;03:30:00;1,1; m/s
21-06-2025;03:40:00;1,5; m/s
21-06-2025;03:50:00;2,1; m/s
21-06-2025;04:00:00;2,2; m/s
21-06-2025;04:10:00;2,1; m/s
21-06-2025;04:20:00;1,4; m/s
21-06-2025;04:30:00;0,6; m/s
21-06-2025;04:40:00;1,3; m/s
21-06-2025;04:50:00;1,7; m/s
21-06-2025;05:00:00;1,5; m/s
21-06-2025;05:10:00;1,2; m/s
21-06-2025;05:20:00;1; m/s
21-06-2025;05:30:00;1,5; m/s
21-06-2025;05:40:00;2; m/s
21-06-2025;05:50:00;1,8; m/s
21-06-2025;06:00:00;2,5; m/s
21-06-2025;06:10:00;1,5; m/s
21-06-2025;06:20:00;2,3; m/s
21-06-2025;06:30:00;1,7; m/s
21-06-2025;06:40:00;1,2; m/s
21-06-2025;06:50:00;1,2; m/s
21-06-2025;07:00:00;0,8; m/s
21-06-2025;07:10:00;1; m/s
21-06-2025;07:20:00;1,3; m/s
21-06-2025;07:30:00;1,6; m/s
21-06-2025;07:40:00;3,2; m/s
21-06-2025;07:50:00;3,2; m/s
21-06-2025;08:00:00;1,8; m/s
21-06-2025;08:10:00;1,7; m/s
21-06-2025;08:20:00;1,3; m/s
21-06-2025;08:30:00;1,8; m/s
21-06-2025;08:40:00;2,4; m/s
21-06-2025;08:50:00;1,9; m/s
21-06-2025;09:00:00;2,2; m/s
21-06-2025;09:10:00;1,7; m/s
21-06-2025;09:20:00;1,4; m/s
21-06-2025;09:30:00;2,4; m/s
21-06-2025;09:40:00;1,7; m/s
21-06-2025;09:50:00;2,2; m/s
21-06-2025;10:00:00;2,1; m/s
21-06-2025;10:10:00;1,4; m/s
21-06-2025;10:20:00;1,4; m/s
21-06-2025;10:30:00;2,1; m/s
21-06-2025;10:40:00;1,9; m/s
21-06-2025;10:50:00;1,3; m/s
21-06-2025;11:00:00;1,6; m/s
21-06-2025;11:10:00;1,6; m/s
21-06-2025;11:20:00;1,9; m/s
21-06-2025;11:30:00;2; m/s
21-06-2025;11:40:00;2,1; m/s
21-06-2025;11:50:00;2,3; m/s
21-06-2025;12:00:00;1,7; m/s
21-06-2025;12:10:00;3; m/s
21-06-2025;12:20:00;3,4; m/s
21-06-2025;12:30:00;4,1; m/s
21-06-2025;12:40:00;3,7; m/s
21-06-2025;12:50:00;3,5; m/s
21-06-2025;13:00:00;3,8; m/s
21-06-2025;13:10:00;3,5; m/s
21-06-2025;13:20:00;5,2; m/s
21-06-2025;13:30:00;5,4; m/s
21-06-2025;13:40:00;6,3; m/s
21-06-2025;13:50:00;6; m/s
21-06-2025;14:00:00;5,8; m/s
21-06-2025;14:10:00;7,6; m/s
21-06-2025;14:20:00;6,3; m/s
21-06-2025;14:30:00;7; m/s
21-06-2025;14:40:00;6,6; m/s
21-06-2025;14:50:00;6,5; m/s
21-06-2025;15:00:00;6,1; m/s
21-06-2025;15:10:00;6,7; m/s
21-06-2025;15:20:00;6,7; m/s
21-06-2025;15:30:00;6,3; m/s
21-06-2025;15:40:00;6,6; m/s
21-06-2025;15:50:00;7,4; m/s
21-06-2025;16:00:00;7,9; m/s
21-06-2025;16:10:00;7,8; m/s
21-06-2025;16:20:00;8,1; m/s
21-06-2025;16:30:00;8,4; m/s
21-06-2025;16:40:00;8,4; m/s
21-06-2025;16:50:00;8,4; m/s
21-06-2025;17:00:00;8,3; m/s
21-06-2025;17:10:00;5,3; m/s
21-06-2025;17:20:00;4,4; m/s
21-06-2025;17:30:00;4,1; m/s
21-06-2025;17:40:00;5,7; m/s
21-06-2025;17:50:00;5,2; m/s
21-06-2025;18:00:00;4; m/s
21-06-2025;18:10:00;4; m/s
21-06-2025;18:20:00;3,4; m/s
21-06-2025;18:30:00;2,8; m/s
21-06-2025;18:40:00;2,8; m/s
21-06-2025;18:50:00;2,9; m/s
21-06-2025;19:00:00;4,1; m/s
21-06-2025;19:10:00;3,1; m/s
21-06-2025;19:20:00;2,9; m/s
21-06-2025;19:30:00;3; m/s
21-06-2025;19:40:00;3,7; m/s
21-06-2025;19:50:00;3,4; m/s
21-06-2025;20:00:00;3,1; m/s
21-06-2025;20:10:00;3,1; m/s
21-06-2025;20:20:00;2,8; m/s
21-06-2025;20:30:00;3,1; m/s
21-06-2025;20:40:00;2,7; m/s
21-06-2025;20:50:00;3; m/s
21-06-2025;21:00:00;3,3; m/s
21-06-2025;21:10:00;3,1; m/s
21-06-2025;21:20:00;2,2; m/s
21-06-2025;21:30:00;1,9; m/s
21-06-2025;21:40:00;2,5; m/s
21-06-2025;21:50:00;2,5; m/s
21-06-2025;22:00:00;2,3; m/s
21-06-2025;22:10:00;2; m/s
21-06-2025;22:20:00;2,2; m/s
21-06-2025;22:30:00;1,6; m/s
21-06-2025;22:40:00;1,9; m/s
21-06-2025;22:50:00;2; m/s
21-06-2025;23:00:00;2,2; m/s
21-06-2025;23:10:00;3,2; m/s
21-06-2025;23:20:00;3,1; m/s
21-06-2025;23:30:00;3,6; m/s
21-06-2025;23:40:00;3,6; m/s
21-06-2025;23:50:00;3,5; m/s
22-06-2025;00:00:00;3,3; m/s
22-06-2025;00:10:00;3,3; m/s
22-06-2025;00:20:00;2,2; m/s
22-06-2025;00:30:00;2,5; m/s
22-06-2025;00:40:00;2,3; m/s
22-06-2025;00:50:00;2,2; m/s
22-06-2025;01:00:00;2,5; m/s
22-06-2025;01:10:00;2,5; m/s
22-06-2025;01:20:00;2; m/s
22-06-2025;01:30:00;2,7; m/s
22-06-2025;01:40:00;3,2; m/s
22-06-2025;01:50:00;2,9; m/s
22-06-2025;02:00:00;2,2; m/s
22-06-2025;02:10:00;2,8; m/s
22-06-2025;02:20:00;3; m/s
22-06-2025;02:30:00;3,1; m/s
22-06-2025;02:40:00;3,3; m/s
22-06-2025;02:50:00;2,7; m/s
22-06-2025;03:00:00;2,7; m/s
22-06-2025;03:10:00;2,4; m/s
22-06-2025;03:20:00;2,7; m/s
22-06-2025;03:30:00;3; m/s
22-06-2025;03:40:00;2,7; m/s
22-06-2025;03:50:00;2,4; m/s
22-06-2025;04:00:00;2,2; m/s
22-06-2025;04:10:00;2,2; m/s
22-06-2025;04:20:00;2,5; m/s
22-06-2025;04:30:00;2,7; m/s
22-06-2025;04:40:00;2,6; m/s
22-06-2025;04:50:00;1,8; m/s
22-06-2025;05:00:00;1,2; m/s
22-06-2025;05:10:00;1,8; m/s
22-06-2025;05:20:00;1,7; m/s
22-06-2025;05:30:00;2; m/s
22-06-2025;05:40:00;1,8; m/s
22-06-2025;05:50:00;1,5; m/s
22-06-2025;06:00:00;1,5; m/s
22-06-2025;06:10:00;1,4; m/s
22-06-2025;06:20:00;1,2; m/s
22-06-2025;06:30:00;1; m/s
22-06-2025;06:40:00;1,4; m/s
22-06-2025;06:50:00;1,4; m/s
22-06-2025;07:00:00;1,2; m/s
22-06-2025;07:10:00;0,9; m/s
22-06-2025;07:20:00;1,1; m/s
22-06-2025;07:30:00;1,3; m/s
22-06-2025;07:40:00;1,3; m/s
22-06-2025;07:50:00;1,5; m/s
22-06-2025;08:00:00;1; m/s
22-06-2025;08:10:00;1,2; m/s
22-06-2025;08:20:00;1,2; m/s
22-06-2025;08:30:00;1,3; m/s
22-06-2025;08:40:00;1; m/s
22-06-2025;08:50:00;1,8; m/s
22-06-2025;09:00:00;1,9; m/s
22-06-2025;09:10:00;2; m/s
22-06-2025;09:20:00;1,9; m/s
22-06-2025;09:30:00;2; m/s
22-06-2025;09:40:00;1,7; m/s
22-06-2025;09:50:00;1,6; m/s
22-06-2025;10:00:00;1,7; m/s
22-06-2025;10:10:00;1,4; m/s
22-06-2025;10:20:00;1,5; m/s
22-06-2025;10:30:00;1,6; m/s
22-06-2025;10:40:00;1,7; m/s
22-06-2025;10:50:00;1,6; m/s
22-06-2025;11:00:00;1,8; m/s
22-06-2025;11:10:00;1,9; m/s
22-06-2025;11:20:00;1,9; m/s
22-06-2025;11:30:00;1,6; m/s
22-06-2025;11:40:00;2; m/s
22-06-2025;11:50:00;2,2; m/s
22-06-2025;12:00:00;2,1; m/s
22-06-2025;12:10:00;2,3; m/s
22-06-2025;12:20:00;2,8; m/s
22-06-2025;12:30:00;4,1; m/s
22-06-2025;12:40:00;4,6; m/s
22-06-2025;12:50:00;5; m/s
22-06-2025;13:00:00;4,9; m/s
22-06-2025;13:10:00;4,8; m/s
22-06-2025;13:20:00;4,6; m/s
22-06-2025;13:30:00;4,8; m/s
22-06-2025;13:40:00;4,7; m/s
22-06-2025;13:50:00;4,7; m/s
22-06-2025;14:00:00;4,6; m/s
22-06-2025;14:10:00;4,6; m/s
22-06-2025;14:20:00;5,1; m/s
22-06-2025;14:30:00;4,7; m/s
22-06-2025;14:40:00;5; m/s
22-06-2025;14:50:00;4,2; m/s
22-06-2025;15:00:00;5,2; m/s
22-06-2025;15:10:00;5,5; m/s
22-06-2025;15:20:00;5,2; m/s
22-06-2025;15:30:00;5,4; m/s
22-06-2025;15:40:00;4,8; m/s
22-06-2025;15:50:00;7,2; m/s
22-06-2025;16:00:00;9,5; m/s
22-06-2025;16:10:00;8,6; m/s
22-06-2025;16:20:00;7,8; m/s
22-06-2025;16:30:00;6,8; m/s
22-06-2025;16:40:00;6,1; m/s
22-06-2025;16:50:00;6,1; m/s
22-06-2025;17:00:00;5,8; m/s
22-06-2025;17:10:00;5,5; m/s
22-06-2025;17:20:00;3,6; m/s
22-06-2025;17:30:00;2,6; m/s
22-06-2025;17:40:00;2,4; m/s
22-06-2025;17:50:00;2,6; m/s
22-06-2025;18:00:00;1,9; m/s
22-06-2025;18:10:00;2,7; m/s
22-06-2025;18:20:00;2,6; m/s
22-06-2025;18:30:00;2,7; m/s
22-06-2025;18:40:00;3,3; m/s
22-06-2025;18:50:00;3,4; m/s
22-06-2025;19:00:00;4,1; m/s
22-06-2025;19:10:00;4,9; m/s
22-06-2025;19:20:00;5; m/s
22-06-2025;19:30:00;4,8; m/s
22-06-2025;19:40:00;4; m/s
22-06-2025;19:50:00;3,9; m/s
22-06-2025;20:00:00;4,1; m/s
22-06-2025;20:10:00;5,2; m/s
22-06-2025;20:20:00;5,1; m/s
22-06-2025;20:30:00;4,5; m/s
22-06-2025;20:40:00;4,4; m/s
22-06-2025;20:50:00;3,9; m/s
22-06-2025;21:00:00;3,6; m/s
22-06-2025;21:10:00;4,3; m/s
22-06-2025;21:20:00;3,7; m/s
22-06-2025;21:30:00;3; m/s
22-06-2025;21:40:00;2,5; m/s
22-06-2025;21:50:00;2,6; m/s
22-06-2025;22:00:00;2,8; m/s
22-06-2025;22:10:00;2,6; m/s
22-06-2025;22:20:00;2,6; m/s
22-06-2025;22:30:00;1,5; m/s
22-06-2025;22:40:00;1,7; m/s
22-06-2025;22:50:00;1; m/s
22-06-2025;23:00:00;2,4; m/s
22-06-2025;23:10:00;2,2; m/s
22-06-2025;23:20:00;1; m/s
22-06-2025;23:30:00;1,1; m/s
22-06-2025;23:40:00;0,6; m/s
22-06-2025;23:50:00;0,6; m/s
23-06-2025;00:00:00;0,5; m/s
23-06-2025;00:10:00;0,4; m/s
23-06-2025;00:20:00;0,7; m/s
23-06-2025;00:30:00;0,5; m/s
23-06-2025;00:40:00;0,7; m/s
23-06-2025;00:50:00;0,4; m/s
23-06-2025;01:00:00;1,1; m/s
23-06-2025;01:10:00;1; m/s
23-06-2025;01:20:00;2; m/s
23-06-2025;01:30:00;1,8; m/s
23-06-2025;01:40:00;2,6; m/s
23-06-2025;01:50:00;2,9; m/s
23-06-2025;02:00:00;2,7; m/s
23-06-2025;02:10:00;2,6; m/s
23-06-2025;02:20:00;2,5; m/s
23-06-2025;02:30:00;2,4; m/s
23-06-2025;02:40:00;2,1; m/s
23-06-2025;02:50:00;2; m/s
23-06-2025;03:00:00;1,9; m/s
23-06-2025;03:10:00;1,9; m/s
23-06-2025;03:20:00;2; m/s
23-06-2025;03:30:00;2; m/s
23-06-2025;03:40:00;1,7; m/s
23-06-2025;03:50:00;1,8; m/s
23-06-2025;04:00:00;1,6; m/s
23-06-2025;04:10:00;1,5; m/s
23-06-2025;04:20:00;1,5; m/s
23-06-2025;04:30:00;1,9; m/s
23-06-2025;04:40:00;1,8; m/s
23-06-2025;04:50:00;1,9; m/s
23-06-2025;05:00:00;1,9; m/s
23-06-2025;05:10:00;2,1; m/s
23-06-2025;05:20:00;2,1; m/s
23-06-2025;05:30:00;2; m/s
23-06-2025;05:40:00;2,1; m/s
23-06-2025;05:50:00;2; m/s
23-06-2025;06:00:00;2; m/s
23-06-2025;06:10:00;1,8; m/s
23-06-2025;06:20:00;1,8; m/s
23-06-2025;06:30:00;1,6; m/s
23-06-2025;06:40:00;1,6; m/s
23-06-2025;06:50:00;1,4; m/s
23-06-2025;07:00:00;1,2; m/s
23-06-2025;07:10:00;1,2; m/s
23-06-2025;07:20:00;1,4; m/s
23-06-2025;07:30:00;1,1; m/s
23-06-2025;07:40:00;1,3; m/s
23-06-2025;07:50:00;1,4; m/s
23-06-2025;08:00:00;1,2; m/s
23-06-2025;08:10:00;1,1; m/s
23-06-2025;08:20:00;1,4; m/s
23-06-2025;08:30:00;1,6; m/s
23-06-2025;08:40:00;1,5; m/s
23-06-2025;08:50:00;1,3; m/s
23-06-2025;09:00:00;1,4; m/s
23-06-2025;09:10:00;1,4; m/s
23-06-2025;09:20:00;1,6; m/s
23-06-2025;09:30:00;1,8; m/s
23-06-2025;09:40:00;1,9; m/s
23-06-2025;09:50:00;2; m/s
23-06-2025;10:00:00;2,2; m/s
23-06-2025;10:10:00;2,2; m/s
23-06-2025;10:20:00;2,2; m/s
23-06-2025;10:30:00;1,9; m/s
23-06-2025;10:40:00;2,1; m/s
23-06-2025;10:50:00;2,2; m/s
23-06-2025;11:00:00;2,3; m/s
23-06-2025;11:10:00;2,2; m/s
23-06-2025;11:20:00;2,3; m/s
23-06-2025;11:30:00;3,1; m/s
23-06-2025;11:40:00;3,7; m/s
23-06-2025;11:50:00;3,7; m/s
23-06-2025;12:00:00;3,4; m/s
23-06-2025;12:10:00;3,3; m/s
23-06-2025;12:20:00;3,8; m/s
23-06-2025;12:30:00;3,3; m/s
23-06-2025;12:40:00;2,6; m/s
23-06-2025;12:50:00;2,2; m/s
23-06-2025;13:00:00;2,2; m/s
23-06-2025;13:10:00;2,7; m/s
23-06-2025;13:20:00;2,9; m/s
23-06-2025;13:30:00;3,2; m/s
23-06-2025;13:40:00;3,4; m/s
23-06-2025;13:50:00;3,7; m/s
23-06-2025;14:00:00;4; m/s
23-06-2025;14:10:00;3,9; m/s
23-06-2025;14:20:00;3,8; m/s
23-06-2025;14:30:00;3,7; m/s
23-06-2025;14:40:00;3,9; m/s
23-06-2025;14:50:00;4,2; m/s
23-06-2025;15:00:00;4,3; m/s
23-06-2025;15:10:00;4,7; m/s
23-06-2025;15:20:00;5; m/s
23-06-2025;15:30:00;4,6; m/s
23-06-2025;15:40:00;4,1; m/s
23-06-2025;15:50:00;4,7; m/s
23-06-2025;16:00:00;4,2; m/s
23-06-2025;16:10:00;4,1; m/s
23-06-2025;16:20:00;3,9; m/s
23-06-2025;16:30:00;3,6; m/s
23-06-2025;16:40:00;5; m/s
23-06-2025;16:50:00;4,7; m/s
23-06-2025;17:00:00;5,3; m/s
23-06-2025;17:10:00;5,3; m/s
23-06-2025;17:20:00;5; m/s
23-06-2025;17:30:00;4,8; m/s
23-06-2025;17:40:00;4,9; m/s
23-06-2025;17:50:00;5,2; m/s
23-06-2025;18:00:00;5,1; m/s
23-06-2025;18:10:00;5,6; m/s
23-06-2025;18:20:00;5,5; m/s
23-06-2025;18:30:00;5,9; m/s
23-06-2025;18:40:00;6,4; m/s
23-06-2025;18:50:00;6; m/s
23-06-2025;19:00:00;6,2; m/s
23-06-2025;19:10:00;6,1; m/s
23-06-2025;19:20:00;6,4; m/s
23-06-2025;19:30:00;6,4; m/s
23-06-2025;19:40:00;5,5; m/s
23-06-2025;19:50:00;5,2; m/s
23-06-2025;20:00:00;4,3; m/s
23-06-2025;20:10:00;4,7; m/s
23-06-2025;20:20:00;3,7; m/s
23-06-2025;20:30:00;1,8; m/s
23-06-2025;20:40:00;1,8; m/s
23-06-2025;20:50:00;1,6; m/s
23-06-2025;21:00:00;1,8; m/s
23-06-2025;21:10:00;2; m/s
23-06-2025;21:20:00;1,5; m/s
23-06-2025;21:30:00;0,9; m/s
23-06-2025;21:40:00;0,7; m/s
23-06-2025;21:50:00;0,5; m/s
23-06-2025;22:00:00;1; m/s
23-06-2025;22:10:00;1,1; m/s
23-06-2025;22:20:00;1,1; m/s
23-06-2025;22:30:00;1,8; m/s
23-06-2025;22:40:00;1,8; m/s
23-06-2025;22:50:00;1,3; m/s
23-06-2025;23:00:00;0,7; m/s
23-06-2025;23:10:00;0,4; m/s
23-06-2025;23:20:00;1,2; m/s
23-06-2025;23:30:00;1; m/s
23-06-2025;23:40:00;0,2; m/s
23-06-2025;23:50:00;0,6; m/s
24-06-2025;00:00:00;1,3; m/s
24-06-2025;00:10:00;1,4; m/s
24-06-2025;00:20:00;1,6; m/s
24-06-2025;00:30:00;1,7; m/s
24-06-2025;00:40:00;1,7; m/s
24-06-2025;00:50:00;1,5; m/s
24-06-2025;01:00:00;2; m/s
24-06-2025;01:10:00;1,9; m/s
24-06-2025;01:20:00;1,7; m/s
24-06-2025;01:30:00;1,2; m/s
24-06-2025;01:40:00;0,4; m/s
24-06-2025;01:50:00;0,4; m/s
24-06-2025;02:00:00;0,6; m/s
24-06-2025;02:10:00;0,9; m/s
24-06-2025;02:20:00;1,4; m/s
24-06-2025;02:30:00;2; m/s
24-06-2025;02:40:00;1,9; m/s
24-06-2025;02:50:00;2,1; m/s
24-06-2025;03:00:00;2,1; m/s
24-06-2025;03:10:00;2,4; m/s
24-06-2025;03:20:00;2,2; m/s
24-06-2025;03:30:00;1,2; m/s
24-06-2025;03:40:00;0,9; m/s
24-06-2025;03:50:00;1,3; m/s
24-06-2025;04:00:00;1,3; m/s
24-06-2025;04:10:00;0,9; m/s
24-06-2025;04:20:00;1,1; m/s
24-06-2025;04:30:00;1,1; m/s
24-06-2025;04:40:00;1,3; m/s
24-06-2025;04:50:00;1,4; m/s
24-06-2025;05:00:00;0,8; m/s
24-06-2025;05:10:00;0,7; m/s
24-06-2025;05:20:00;1; m/s
24-06-2025;05:30:00;1,2; m/s
24-06-2025;05:40:00;1,2; m/s
24-06-2025;05:50:00;0,6; m/s
24-06-2025;06:00:00;0,8; m/s
24-06-2025;06:10:00;1,4; m/s
24-06-2025;06:20:00;1,2; m/s
24-06-2025;06:30:00;1,2; m/s
24-06-2025;06:40:00;1,2; m/s
24-06-2025;06:50:00;1,1; m/s
24-06-2025;07:00:00;1,5; m/s
24-06-2025;07:10:00;1; m/s
24-06-2025;07:20:00;1,2; m/s
24-06-2025;07:30:00;1,4; m/s
24-06-2025;07:40:00;1,4; m/s
24-06-2025;07:50:00;1,1; m/s
24-06-2025;08:00:00;1,3; m/s
24-06-2025;08:10:00;1,4; m/s
24-06-2025;08:20:00;1,7; m/s
24-06-2025;08:30:00;1,6; m/s
24-06-2025;08:40:00;1,8; m/s
24-06-2025;08:50:00;1,7; m/s
24-06-2025;09:00:00;2,2; m/s
24-06-2025;09:10:00;2; m/s
24-06-2025;09:20:00;2; m/s
24-06-2025;09:30:00;1,8; m/s
24-06-2025;09:40:00;2,1; m/s
24-06-2025;09:50:00;1,8; m/s
24-06-2025;10:00:00;1,9; m/s
24-06-2025;10:10:00;2,2; m/s
24-06-2025;10:20:00;2,1; m/s
24-06-2025;10:30:00;2,1; m/s
24-06-2025;10:40:00;1,8; m/s
24-06-2025;10:50:00;2; m/s
24-06-2025;11:00:00;2,3; m/s
24-06-2025;11:10:00;2,4; m/s
24-06-2025;11:20:00;2,3; m/s
24-06-2025;11:30:00;2,1; m/s
24-06-2025;11:40:00;2,4; m/s
24-06-2025;11:50:00;2,3; m/s
24-06-2025;12:00:00;2,3; m/s
24-06-2025;12:10:00;2,7; m/s
24-06-2025;12:20:00;2,6; m/s
24-06-2025;12:30:00;2,3; m/s
24-06-2025;12:40:00;2,5; m/s
24-06-2025;12:50:00;2,7; m/s
24-06-2025;13:00:00;2,4; m/s
24-06-2025;13:10:00;2,4; m/s
24-06-2025;13:20:00;3; m/s
24-06-2025;13:30:00;3,7; m/s
24-06-2025;13:40:00;3,4; m/s
24-06-2025;13:50:00;3,6; m/s
24-06-2025;14:00:00;3,7; m/s
24-06-2025;14:10:00;4,4; m/s
24-06-2025;14:20:00;4,4; m/s
24-06-2025;14:30:00;4,6; m/s
24-06-2025;14:40:00;4,7; m/s
24-06-2025;14:50:00;3,9; m/s
24-06-2025;15:00:00;3,8; m/s
24-06-2025;15:10:00;3,7; m/s
24-06-2025;15:20:00;4,2; m/s
24-06-2025;15:30:00;4; m/s
24-06-2025;15:40:00;4,4; m/s
24-06-2025;15:50:00;4,6; m/s
24-06-2025;16:00:00;4,9; m/s
24-06-2025;16:10:00;4,2; m/s
24-06-2025;16:20:00;3,1; m/s
24-06-2025;16:30:00;3,9; m/s
24-06-2025;16:40:00;4,2; m/s
24-06-2025;16:50:00;4,2; m/s
24-06-2025;17:00:00;4,1; m/s
24-06-2025;17:10:00;3,7; m/s
24-06-2025;17:20:00;3,5; m/s
24-06-2025;17:30:00;3,5; m/s
24-06-2025;17:40:00;4,1; m/s
24-06-2025;17:50:00;4,2; m/s
24-06-2025;18:00:00;4,8; m/s
24-06-2025;18:10:00;5,4; m/s
24-06-2025;18:20:00;5,1; m/s
24-06-2025;18:30:00;5,2; m/s
24-06-2025;18:40:00;5,3; m/s
24-06-2025;18:50:00;5,5; m/s
24-06-2025;19:00:00;5,4; m/s
24-06-2025;19:10:00;5,5; m/s
24-06-2025;19:20:00;5,5; m/s
24-06-2025;19:30:00;4,7; m/s
24-06-2025;19:40:00;4,6; m/s
24-06-2025;19:50:00;4,2; m/s
24-06-2025;20:00:00;4,4; m/s
24-06-2025;20:10:00;3,9; m/s
24-06-2025;20:20:00;2,8; m/s
24-06-2025;20:30:00;2,6; m/s
24-06-2025;20:40:00;3,1; m/s
24-06-2025;20:50:00;3; m/s
24-06-2025;21:00:00;3,2; m/s
24-06-2025;21:10:00;3,4; m/s
24-06-2025;21:20:00;3,7; m/s
24-06-2025;21:30:00;3,6; m/s
24-06-2025;21:40:00;3,9; m/s
24-06-2025;21:50:00;3,5; m/s
24-06-2025;22:00:00;3,3; m/s
24-06-2025;22:10:00;3,2; m/s
24-06-2025;22:20:00;2,9; m/s
24-06-2025;22:30:00;3,2; m/s
24-06-2025;22:40:00;3,1; m/s
24-06-2025;22:50:00;3,3; m/s
24-06-2025;23:00:00;3,4; m/s
24-06-2025;23:10:00;3; m/s
24-06-2025;23:20:00;2,7; m/s
24-06-2025;23:30:00;2,4; m/s
24-06-2025;23:40:00;2,3; m/s
24-06-2025;23:50:00;1,9; m/s
25-06-2025;00:00:00;1,7; m/s
25-06-2025;00:10:00;2,1; m/s
25-06-2025;00:20:00;2,2; m/s
25-06-2025;00:30:00;2,7; m/s
25-06-2025;00:40:00;2,7; m/s
25-06-2025;00:50:00;2,2; m/s
25-06-2025;01:00:00;2,8; m/s
25-06-2025;01:10:00;2,9; m/s
25-06-2025;01:20:00;3,1; m/s
25-06-2025;01:30:00;3; m/s
25-06-2025;01:40:00;3; m/s
25-06-2025;01:50:00;2,8; m/s
25-06-2025;02:00:00;2,8; m/s
25-06-2025;02:10:00;2,8; m/s
25-06-2025;02:20:00;2,7; m/s
25-06-2025;02:30:00;2,3; m/s
25-06-2025;02:40:00;2,4; m/s
25-06-2025;02:50:00;2,3; m/s
25-06-2025;03:00:00;2,3; m/s
25-06-2025;03:10:00;2,1; m/s
25-06-2025;03:20:00;2,3; m/s
25-06-2025;03:30:00;2,2; m/s
25-06-2025;03:40:00;1,9; m/s
25-06-2025;03:50:00;1,5; m/s
25-06-2025;04:00:00;2,2; m/s
25-06-2025;04:10:00;2,4; m/s
25-06-2025;04:20:00;2,5; m/s
25-06-2025;04:30:00;2,7; m/s
25-06-2025;04:40:00;2,5; m/s
25-06-2025;04:50:00;2,3; m/s
25-06-2025;05:00:00;2,3; m/s
25-06-2025;05:10:00;2,5; m/s
25-06-2025;05:20:00;2,7; m/s
25-06-2025;05:30:00;2,5; m/s
25-06-2025;05:40:00;2,6; m/s
25-06-2025;05:50:00;2,7; m/s
25-06-2025;06:00:00;2,6; m/s
25-06-2025;06:10:00;2,1; m/s
25-06-2025;06:20:00;2,1; m/s
25-06-2025;06:30:00;2,1; m/s
25-06-2025;06:40:00;1,9; m/s
25-06-2025;06:50:00;2,1; m/s
25-06-2025;07:00:00;1,9; m/s
25-06-2025;07:10:00;1,9; m/s
25-06-2025;07:20:00;2; m/s
25-06-2025;07:30:00;1,7; m/s
25-06-2025;07:40:00;1,4; m/s
25-06-2025;07:50:00;1,3; m/s
25-06-2025;08:00:00;1,4; m/s
25-06-2025;08:10:00;1,4; m/s
25-06-2025;08:20:00;1,3; m/s
25-06-2025;08:30:00;1,3; m/s
25-06-2025;08:40:00;1,4; m/s
25-06-2025;08:50:00;1,5; m/s
25-06-2025;09:00:00;1,6; m/s
25-06-2025;09:10:00;1,7; m/s
25-06-2025;09:20:00;1,8; m/s
25-06-2025;09:30:00;1,7; m/s
25-06-2025;09:40:00;1,8; m/s
25-06-2025;09:50:00;1,9; m/s
25-06-2025;10:00:00;1,9; m/s
25-06-2025;10:10:00;1,9; m/s
25-06-2025;10:20:00;1,8; m/s
25-06-2025;10:30:00;1,9; m/s
25-06-2025;10:40:00;2; m/s
25-06-2025;10:50:00;2,7; m/s
25-06-2025;11:00:00;3,5; m/s
25-06-2025;11:10:00;3,6; m/s
25-06-2025;11:20:00;3,6; m/s
25-06-2025;11:30:00;3,4; m/s
25-06-2025;11:40:00;2,8; m/s
25-06-2025;11:50:00;3,4; m/s
25-06-2025;12:00:00;4; m/s
25-06-2025;12:10:00;4,6; m/s
25-06-2025;12:20:00;4,4; m/s
25-06-2025;12:30:00;5; m/s
25-06-2025;12:40:00;5,8; m/s
25-06-2025;12:50:00;5,3; m/s
25-06-2025;13:00:00;5,1; m/s
25-06-2025;13:10:00;4,8; m/s
25-06-2025;13:20:00;5; m/s
25-06-2025;13:30:00;4,8; m/s
25-06-2025;13:40:00;5,3; m/s
25-06-2025;13:50:00;5,2; m/s
25-06-2025;14:00:00;5; m/s
25-06-2025;14:10:00;5,1; m/s
25-06-2025;14:20:00;6,2; m/s
25-06-2025;14:30:00;6,3; m/s
25-06-2025;14:40:00;6,4; m/s
25-06-2025;14:50:00;6,7; m/s
25-06-2025;15:00:00;6,8; m/s
25-06-2025;15:10:00;7,4; m/s
25-06-2025;15:20:00;6,8; m/s
25-06-2025;15:30:00;7,2; m/s
25-06-2025;15:40:00;7,1; m/s
25-06-2025;15:50:00;7,3; m/s
25-06-2025;16:00:00;6,8; m/s
25-06-2025;16:10:00;7,1; m/s
25-06-2025;16:20:00;7,3; m/s
25-06-2025;16:30:00;7,3; m/s
25-06-2025;16:40:00;7,2; m/s
25-06-2025;16:50:00;7,4; m/s
25-06-2025;17:00:00;7,1; m/s
25-06-2025;17:10:00;6,9; m/s
25-06-2025;17:20:00;6,8; m/s
25-06-2025;17:30:00;6,6; m/s
25-06-2025;17:40:00;6,5; m/s
25-06-2025;17:50:00;6,6; m/s
25-06-2025;18:00:00;6,8; m/s
25-06-2025;18:10:00;6,8; m/s
25-06-2025;18:20:00;6,5; m/s
25-06-2025;18:30:00;7; m/s
25-06-2025;18:40:00;6,6; m/s
25-06-2025;18:50:00;5,2; m/s
25-06-2025;19:00:00;5; m/s
25-06-2025;19:10:00;4,4; m/s
25-06-2025;19:20:00;3,4; m/s
25-06-2025;19:30:00;3,2; m/s
25-06-2025;19:40:00;3,4; m/s
25-06-2025;19:50:00;3,8; m/s
25-06-2025;20:00:00;3,5; m/s
25-06-2025;20:10:00;3,8; m/s
25-06-2025;20:20:00;3,9; m/s
25-06-2025;20:30:00;3,6; m/s
25-06-2025;20:40:00;3,5; m/s
25-06-2025;20:50:00;3,6; m/s
25-06-2025;21:00:00;3,4; m/s
25-06-2025;21:10:00;3,9; m/s
25-06-2025;21:20:00;3,8; m/s
25-06-2025;21:30:00;3,6; m/s
25-06-2025;21:40:00;3,5; m/s
25-06-2025;21:50:00;3,4; m/s
25-06-2025;22:00:00;3,3; m/s
25-06-2025;22:10:00;3,3; m/s
25-06-2025;22:20:00;3,4; m/s
25-06-2025;22:30:00;3; m/s
25-06-2025;22:40:00;2,9; m/s
25-06-2025;22:50:00;2,3; m/s
25-06-2025;23:00:00;1,9; m/s
25-06-2025;23:10:00;2,3; m/s
25-06-2025;23:20:00;2,3; m/s
25-06-2025;23:30:00;2,6; m/s
25-06-2025;23:40:00;2,4; m/s
25-06-2025;23:50:00;1,5; m/s
26-06-2025;00:00:00;1,4; m/s
26-06-2025;00:10:00;1,2; m/s
26-06-2025;00:20:00;1,2; m/s
26-06-2025;00:30:00;1,4; m/s
26-06-2025;00:40:00;1,7; m/s
26-06-2025;00:50:00;1,7; m/s
26-06-2025;01:00:00;1,5; m/s
26-06-2025;01:10:00;1,5; m/s
26-06-2025;01:20:00;1,3; m/s
26-06-2025;01:30:00;1,2; m/s
26-06-2025;01:40:00;0,6; m/s
26-06-2025;01:50:00;0,4; m/s
26-06-2025;02:00:00;0,5; m/s
26-06-2025;02:10:00;0,4; m/s
26-06-2025;02:20:00;0,3; m/s
26-06-2025;02:30:00;0,2; m/s
26-06-2025;02:40:00;0,2; m/s
26-06-2025;02:50:00;0,6; m/s
26-06-2025;03:00:00;0,9; m/s
26-06-2025;03:10:00;1,2; m/s
26-06-2025;03:20:00;1,8; m/s
26-06-2025;03:30:00;2; m/s
26-06-2025;03:40:00;1,8; m/s
26-06-2025;03:50:00;1,7; m/s
26-06-2025;04:00:00;2; m/s
26-06-2025;04:10:00;2,1; m/s
26-06-2025;04:20:00;2,4; m/s
26-06-2025;04:30:00;2,5; m/s
26-06-2025;04:40:00;2,5; m/s
26-06-2025;04:50:00;2,7; m/s
26-06-2025;05:00:00;2,3; m/s
26-06-2025;05:10:00;1,4; m/s
26-06-2025;05:20:00;1,2; m/s
26-06-2025;05:30:00;1,4; m/s
26-06-2025;05:40:00;0,7; m/s
26-06-2025;05:50:00;0,7; m/s
26-06-2025;06:00:00;0,8; m/s
26-06-2025;06:10:00;0,8; m/s
26-06-2025;06:20:00;0,6; m/s
26-06-2025;06:30:00;0,6; m/s
26-06-2025;06:40:00;0,6; m/s
26-06-2025;06:50:00;1,1; m/s
26-06-2025;07:00:00;1; m/s
26-06-2025;07:10:00;1; m/s
26-06-2025;07:20:00;1; m/s
26-06-2025;07:30:00;1; m/s
26-06-2025;07:40:00;1,2; m/s
26-06-2025;07:50:00;1,6; m/s
26-06-2025;08:00:00;1,4; m/s
26-06-2025;08:10:00;1,7; m/s
26-06-2025;08:20:00;1,8; m/s
26-06-2025;08:30:00;1,7; m/s
26-06-2025;08:40:00;2,3; m/s
26-06-2025;08:50:00;2,3; m/s
26-06-2025;09:00:00;2,5; m/s
26-06-2025;09:10:00;3; m/s
26-06-2025;09:20:00;3,5; m/s
26-06-2025;09:30:00;4,1; m/s
26-06-2025;09:40:00;4,8; m/s
26-06-2025;09:50:00;4,5; m/s
26-06-2025;10:00:00;5,1; m/s
26-06-2025;10:10:00;5,2; m/s
26-06-2025;10:20:00;5; m/s
26-06-2025;10:30:00;5,2; m/s
26-06-2025;10:40:00;5,7; m/s
26-06-2025;10:50:00;6,2; m/s
26-06-2025;11:00:00;6,4; m/s
26-06-2025;11:10:00;6,7; m/s
26-06-2025;11:20:00;6,5; m/s
26-06-2025;11:30:00;6,2; m/s
26-06-2025;11:40:00;5,7; m/s
26-06-2025;11:50:00;5,7; m/s
26-06-2025;12:00:00;6,3; m/s
26-06-2025;12:10:00;6,4; m/s
26-06-2025;12:20:00;6,5; m/s
26-06-2025;12:30:00;6,4; m/s
26-06-2025;12:40:00;6,5; m/s
26-06-2025;12:50:00;6,8; m/s
26-06-2025;13:00:00;7,2; m/s
26-06-2025;13:10:00;6,9; m/s
26-06-2025;13:20:00;6,4; m/s
26-06-2025;13:30:00;6,4; m/s
26-06-2025;13:40:00;6,2; m/s
26-06-2025;13:50:00;6,1; m/s
26-06-2025;14:00:00;5,9; m/s
26-06-2025;14:10:00;5,9; m/s
26-06-2025;14:20:00;5,6; m/s
26-06-2025;14:30:00;6; m/s
26-06-2025;14:40:00;5,8; m/s
26-06-2025;14:50:00;6; m/s
26-06-2025;15:00:00;5,7; m/s
26-06-2025;15:10:00;5,6; m/s
26-06-2025;15:20:00;5,7; m/s
26-06-2025;15:30:00;5,4; m/s
26-06-2025;15:40:00;5,7; m/s
26-06-2025;15:50:00;5,9; m/s
26-06-2025;16:00:00;5,6; m/s
26-06-2025;16:10:00;5,7; m/s
26-06-2025;16:20:00;5,7; m/s
26-06-2025;16:30:00;5,7; m/s
26-06-2025;16:40:00;5,8; m/s
26-06-2025;16:50:00;6; m/s
26-06-2025;17:00:00;5,4; m/s
26-06-2025;17:10:00;4,9; m/s
26-06-2025;17:20:00;5,2; m/s
26-06-2025;17:30:00;5,6; m/s
26-06-2025;17:40:00;5,2; m/s
26-06-2025;17:50:00;5,2; m/s
26-06-2025;18:00:00;5,5; m/s
26-06-2025;18:10:00;5,7; m/s
26-06-2025;18:20:00;5,6; m/s
26-06-2025;18:30:00;5,1; m/s
26-06-2025;18:40:00;5,1; m/s
26-06-2025;18:50:00;4,6; m/s
26-06-2025;19:00:00;4,4; m/s
26-06-2025;19:10:00;4,5; m/s
26-06-2025;19:20:00;4,9; m/s
26-06-2025;19:30:00;4,4; m/s
26-06-2025;19:40:00;2,1; m/s
26-06-2025;19:50:00;2,3; m/s
26-06-2025;20:00:00;3,2; m/s
26-06-2025;20:10:00;3,9; m/s
26-06-2025;20:20:00;4,1; m/s
26-06-2025;20:30:00;4; m/s
26-06-2025;20:40:00;4,5; m/s
26-06-2025;20:50:00;4,9; m/s
26-06-2025;21:00:00;4,9; m/s
26-06-2025;21:10:00;4,8; m/s
26-06-2025;21:20:00;3,7; m/s
26-06-2025;21:30:00;3,1; m/s
26-06-2025;21:40:00;3,1; m/s
26-06-2025;21:50:00;2,8; m/s
26-06-2025;22:00:00;2,8; m/s
26-06-2025;22:10:00;2,4; m/s
26-06-2025;22:20:00;2,9; m/s
26-06-2025;22:30:00;2,6; m/s
26-06-2025;22:40:00;2,3; m/s
26-06-2025;22:50:00;2,5; m/s
26-06-2025;23:00:00;2,5; m/s
26-06-2025;23:10:00;2,1; m/s
26-06-2025;23:20:00;2,2; m/s
26-06-2025;23:30:00;2,3; m/s
26-06-2025;23:40:00;2,6; m/s
26-06-2025;23:50:00;2,4; m/s
27-06-2025;00:00:00;2,4; m/s
27-06-2025;00:10:00;2,8; m/s
27-06-2025;00:20:00;3; m/s
27-06-2025;00:30:00;2,8; m/s
27-06-2025;00:40:00;2,3; m/s
27-06-2025;00:50:00;2,5; m/s
27-06-2025;01:00:00;2,6; m/s
27-06-2025;01:10:00;2,5; m/s
27-06-2025;01:20:00;2,6; m/s
27-06-2025;01:30:00;2,3; m/s
27-06-2025;01:40:00;2,3; m/s
27-06-2025;01:50:00;2; m/s
27-06-2025;02:00:00;1,8; m/s
27-06-2025;02:10:00;2,2; m/s
27-06-2025;02:20:00;2; m/s
27-06-2025;02:30:00;1,2; m/s
27-06-2025;02:40:00;1,8; m/s
27-06-2025;02:50:00;2,3; m/s
27-06-2025;03:00:00;2,3; m/s
27-06-2025;03:10:00;2,4; m/s
27-06-2025;03:20:00;2; m/s
27-06-2025;03:30:00;1,4; m/s
27-06-2025;03:40:00;2,1; m/s
27-06-2025;03:50:00;2,4; m/s
27-06-2025;04:00:00;2,3; m/s
27-06-2025;04:10:00;2,7; m/s
27-06-2025;04:20:00;2,4; m/s
27-06-2025;04:30:00;2; m/s
27-06-2025;04:40:00;1,3; m/s
27-06-2025;04:50:00;0,8; m/s
27-06-2025;05:00:00;1; m/s
27-06-2025;05:10:00;1,6; m/s
27-06-2025;05:20:00;1,9; m/s
27-06-2025;05:30:00;1,7; m/s
27-06-2025;05:40:00;1,4; m/s
27-06-2025;05:50:00;1,2; m/s
27-06-2025;06:00:00;1,4; m/s
27-06-2025;06:10:00;1,3; m/s
27-06-2025;06:20:00;1,3; m/s
27-06-2025;06:30:00;1,6; m/s
27-06-2025;06:40:00;2,1; m/s
27-06-2025;06:50:00;2; m/s
27-06-2025;07:00:00;1,6; m/s
27-06-2025;07:10:00;1,9; m/s
27-06-2025;07:20:00;1,8; m/s
27-06-2025;07:30:00;1,7; m/s
27-06-2025;07:40:00;1,9; m/s
27-06-2025;07:50:00;1,8; m/s
27-06-2025;08:00:00;2; m/s
27-06-2025;08:10:00;1,8; m/s
27-06-2025;08:20:00;1,7; m/s
27-06-2025;08:30:00;1,8; m/s
27-06-2025;08:40:00;2; m/s
27-06-2025;08:50:00;1,8; m/s
27-06-2025;09:00:00;1,8; m/s
27-06-2025;09:10:00;1,6; m/s
27-06-2025;09:20:00;1,9; m/s
27-06-2025;09:30:00;1,9; m/s
27-06-2025;09:40:00;1,9; m/s
27-06-2025;09:50:00;1,6; m/s
27-06-2025;10:00:00;1,8; m/s
27-06-2025;10:10:00;1,7; m/s
27-06-2025;10:20:00;2; m/s
27-06-2025;10:30:00;1,9; m/s
27-06-2025;10:40:00;2,2; m/s
27-06-2025;10:50:00;2; m/s
27-06-2025;11:00:00;2,7; m/s
27-06-2025;11:10:00;3,8; m/s
27-06-2025;11:20:00;4,3; m/s
27-06-2025;11:30:00;5,2; m/s
27-06-2025;11:40:00;5,3; m/s
27-06-2025;11:50:00;5,4; m/s
27-06-2025;12:00:00;5; m/s
27-06-2025;12:10:00;5; m/s
27-06-2025;12:20:00;4,9; m/s
27-06-2025;12:30:00;4,8; m/s
27-06-2025;12:40:00;4,9; m/s
27-06-2025;12:50:00;5; m/s
27-06-2025;13:00:00;4,7; m/s
27-06-2025;13:10:00;5,4; m/s
27-06-2025;13:20:00;4,3; m/s
27-06-2025;13:30:00;3,9; m/s
27-06-2025;13:40:00;4,1; m/s
27-06-2025;13:50:00;5,4; m/s
27-06-2025;14:00:00;4,5; m/s
27-06-2025;14:10:00;4,4; m/s
27-06-2025;14:20:00;4,6; m/s
27-06-2025;14:30:00;5; m/s
27-06-2025;14:40:00;4,4; m/s
27-06-2025;14:50:00;7; m/s
27-06-2025;15:00:00;6,3; m/s
27-06-2025;15:10:00;5,4; m/s
27-06-2025;15:20:00;5,2; m/s
27-06-2025;15:30:00;6; m/s
27-06-2025;15:40:00;5,5; m/s
27-06-2025;15:50:00;7,4; m/s
27-06-2025;16:00:00;7,2; m/s
27-06-2025;16:10:00;6,9; m/s
27-06-2025;16:20:00;7,2; m/s
27-06-2025;16:30:00;6,3; m/s
27-06-2025;16:40:00;6,1; m/s
27-06-2025;16:50:00;5,8; m/s
27-06-2025;17:00:00;7; m/s
27-06-2025;17:10:00;6,1; m/s
27-06-2025;17:20:00;5,7; m/s
27-06-2025;17:30:00;7,1; m/s
27-06-2025;17:40:00;7,7; m/s
27-06-2025;17:50:00;7,1; m/s
27-06-2025;18:00:00;7,4; m/s
27-06-2025;18:10:00;5,8; m/s
27-06-2025;18:20:00;4,2; m/s
27-06-2025;18:30:00;5,7; m/s
27-06-2025;18:40:00;4,9; m/s
27-06-2025;18:50:00;3,9; m/s
27-06-2025;19:00:00;5; m/s
27-06-2025;19:10:00;5,8; m/s
27-06-2025;19:20:00;6,3; m/s
27-06-2025;19:30:00;5,6; m/s
27-06-2025;19:40:00;5,1; m/s
27-06-2025;19:50:00;3,8; m/s
27-06-2025;20:00:00;4; m/s
27-06-2025;20:10:00;4,9; m/s
27-06-2025;20:20:00;5,4; m/s
27-06-2025;20:30:00;3,1; m/s
27-06-2025;20:40:00;2,5; m/s
27-06-2025;20:50:00;3,3; m/s
27-06-2025;21:00:00;3,8; m/s
27-06-2025;21:10:00;2,8; m/s
27-06-2025;21:20:00;4,2; m/s
27-06-2025;21:30:00;2,7; m/s
27-06-2025;21:40:00;3; m/s
27-06-2025;21:50:00;3; m/s
27-06-2025;22:00:00;2,2; m/s
27-06-2025;22:10:00;2,6; m/s
27-06-2025;22:20:00;1,8; m/s
27-06-2025;22:30:00;1,8; m/s
27-06-2025;22:40:00;1,1; m/s
27-06-2025;22:50:00;1,6; m/s
27-06-2025;23:00:00;1,7; m/s
27-06-2025;23:10:00;1,5; m/s
27-06-2025;23:20:00;2,4; m/s
27-06-2025;23:30:00;2,8; m/s
27-06-2025;23:40:00;2,4; m/s
27-06-2025;23:50:00;2,8; m/s
28-06-2025;00:00:00;2,7; m/s
28-06-2025;00:10:00;2,1; m/s
28-06-2025;00:20:00;2,7; m/s
28-06-2025;00:30:00;2,6; m/s
28-06-2025;00:40:00;2,3; m/s
28-06-2025;00:50:00;1,6; m/s
28-06-2025;01:00:00;1,6; m/s
28-06-2025;01:10:00;1,6; m/s
28-06-2025;01:20:00;1; m/s
28-06-2025;01:30:00;1,1; m/s
28-06-2025;01:40:00;1; m/s
28-06-2025;01:50:00;2,3; m/s
28-06-2025;02:00:00;1,9; m/s
28-06-2025;02:10:00;2,2; m/s
28-06-2025;02:20:00;2,1; m/s
28-06-2025;02:30:00;2,1; m/s
28-06-2025;02:40:00;2,8; m/s
28-06-2025;02:50:00;2,5; m/s
28-06-2025;03:00:00;1,6; m/s
28-06-2025;03:10:00;1,1; m/s
28-06-2025;03:20:00;0,8; m/s
28-06-2025;03:30:00;1,2; m/s
28-06-2025;03:40:00;0,9; m/s
28-06-2025;03:50:00;2; m/s
28-06-2025;04:00:00;2; m/s
28-06-2025;04:10:00;1,1; m/s
28-06-2025;04:20:00;1,3; m/s
28-06-2025;04:30:00;1,7; m/s
28-06-2025;04:40:00;1,4; m/s
28-06-2025;04:50:00;1,8; m/s
28-06-2025;05:00:00;1,1; m/s
28-06-2025;05:10:00;1,9; m/s
28-06-2025;05:20:00;1,4; m/s
28-06-2025;05:30:00;1,5; m/s
28-06-2025;05:40:00;1,3; m/s
28-06-2025;05:50:00;1,1; m/s
28-06-2025;06:00:00;1,3; m/s
28-06-2025;06:10:00;2; m/s
28-06-2025;06:20:00;1,4; m/s
28-06-2025;06:30:00;1,6; m/s
28-06-2025;06:40:00;2,5; m/s
28-06-2025;06:50:00;2,6; m/s
28-06-2025;07:00:00;2,1; m/s
28-06-2025;07:10:00;1,6; m/s
28-06-2025;07:20:00;1,9; m/s
28-06-2025;07:30:00;2,2; m/s
28-06-2025;07:40:00;2,9; m/s
28-06-2025;07:50:00;2,5; m/s
28-06-2025;08:00:00;2,3; m/s
28-06-2025;08:10:00;1,9; m/s
28-06-2025;08:20:00;1,9; m/s
28-06-2025;08:30:00;2,8; m/s
28-06-2025;08:40:00;3,1; m/s
28-06-2025;08:50:00;3,6; m/s
28-06-2025;09:00:00;2,3; m/s
28-06-2025;09:10:00;2,8; m/s
28-06-2025;09:20:00;2,9; m/s
28-06-2025;09:30:00;2,5; m/s
28-06-2025;09:40:00;3,5; m/s
28-06-2025;09:50:00;4; m/s
28-06-2025;10:00:00;4,8; m/s
28-06-2025;10:10:00;5,6; m/s
28-06-2025;10:20:00;4,7; m/s
28-06-2025;10:30:00;3,2; m/s
28-06-2025;10:40:00;3,6; m/s
28-06-2025;10:50:00;5,2; m/s
28-06-2025;11:00:00;5,2; m/s
28-06-2025;11:10:00;4,2; m/s
28-06-2025;11:20:00;2,7; m/s
28-06-2025;11:30:00;3,7; m/s
28-06-2025;11:40:00;3,5; m/s
28-06-2025;11:50:00;4,8; m/s
28-06-2025;12:00:00;6,1; m/s
28-06-2025;12:10:00;4,6; m/s
28-06-2025;12:20:00;5,6; m/s
28-06-2025;12:30:00;4,8; m/s
28-06-2025;12:40:00;5,6; m/s
28-06-2025;12:50:00;5; m/s
28-06-2025;13:00:00;5,5; m/s
28-06-2025;13:10:00;5; m/s
28-06-2025;13:20:00;5,8; m/s
28-06-2025;13:30:00;5,9; m/s
28-06-2025;13:40:00;6,4; m/s
28-06-2025;13:50:00;4,5; m/s
28-06-2025;14:00:00;5,9; m/s
28-06-2025;14:10:00;6,4; m/s
28-06-2025;14:20:00;6,8; m/s
28-06-2025;14:30:00;5,4; m/s
28-06-2025;14:40:00;6,2; m/s
28-06-2025;14:50:00;7; m/s
28-06-2025;15:00:00;5,3; m/s
28-06-2025;15:10:00;6,9; m/s
28-06-2025;15:20:00;5,4; m/s
28-06-2025;15:30:00;5,3; m/s
28-06-2025;15:40:00;5,1; m/s
28-06-2025;15:50:00;6,1; m/s
28-06-2025;16:00:00;4,5; m/s
28-06-2025;16:10:00;4,5; m/s
28-06-2025;16:20:00;5; m/s
28-06-2025;16:30:00;4,1; m/s
28-06-2025;16:40:00;5,9; m/s
28-06-2025;16:50:00;5,2; m/s
28-06-2025;17:00:00;5; m/s
28-06-2025;17:10:00;6,8; m/s
28-06-2025;17:20:00;5,8; m/s
28-06-2025;17:30:00;5,8; m/s
28-06-2025;17:40:00;4,8; m/s
28-06-2025;17:50:00;6; m/s
28-06-2025;18:00:00;5,7; m/s
28-06-2025;18:10:00;6,1; m/s
28-06-2025;18:20:00;4,7; m/s
28-06-2025;18:30:00;5,1; m/s
28-06-2025;18:40:00;4; m/s
28-06-2025;18:50:00;4,9; m/s
28-06-2025;19:00:00;5,7; m/s
28-06-2025;19:10:00;5,3; m/s
28-06-2025;19:20:00;5,3; m/s
28-06-2025;19:30:00;4,5; m/s
28-06-2025;19:40:00;5,4; m/s
28-06-2025;19:50:00;4,6; m/s
28-06-2025;20:00:00;5,7; m/s
28-06-2025;20:10:00;5,7; m/s
28-06-2025;20:20:00;5,3; m/s
28-06-2025;20:30:00;4,7; m/s
28-06-2025;20:40:00;4,6; m/s
28-06-2025;20:50:00;4,6; m/s
28-06-2025;21:00:00;4,5; m/s
28-06-2025;21:10:00;4; m/s
28-06-2025;21:20:00;3; m/s
28-06-2025;21:30:00;3,5; m/s
28-06-2025;21:40:00;4,2; m/s
28-06-2025;21:50:00;4,5; m/s
28-06-2025;22:00:00;5,8; m/s
28-06-2025;22:10:00;5,6; m/s
28-06-2025;22:20:00;6; m/s
28-06-2025;22:30:00;6,7; m/s
28-06-2025;22:40:00;6,3; m/s
28-06-2025;22:50:00;5,4; m/s
28-06-2025;23:00:00;5,9; m/s
28-06-2025;23:10:00;4,5; m/s
28-06-2025;23:20:00;4,6; m/s
28-06-2025;23:30:00;3,5; m/s
28-06-2025;23:40:00;3,4; m/s
28-06-2025;23:50:00;4,2; m/s
29-06-2025;00:00:00;3,7; m/s
29-06-2025;00:10:00;3,9; m/s
29-06-2025;00:20:00;3,7; m/s
29-06-2025;00:30:00;3,7; m/s
29-06-2025;00:40:00;3,6; m/s
29-06-2025;00:50:00;2,8; m/s
29-06-2025;01:00:00;3,3; m/s
29-06-2025;01:10:00;3,1; m/s
29-06-2025;01:20:00;3,7; m/s
29-06-2025;01:30:00;3,2; m/s
29-06-2025;01:40:00;2,7; m/s
29-06-2025;01:50:00;2,6; m/s
29-06-2025;02:00:00;1,8; m/s
29-06-2025;02:10:00;3; m/s
29-06-2025;02:20:00;3,2; m/s
29-06-2025;02:30:00;3,9; m/s
29-06-2025;02:40:00;4,6; m/s
29-06-2025;02:50:00;4,2; m/s
29-06-2025;03:00:00;4; m/s
29-06-2025;03:10:00;3,6; m/s
29-06-2025;03:20:00;3,6; m/s
29-06-2025;03:30:00;3,8; m/s
29-06-2025;03:40:00;5,8; m/s
29-06-2025;03:50:00;7; m/s
29-06-2025;04:00:00;5,4; m/s
29-06-2025;04:10:00;5,3; m/s
29-06-2025;04:20:00;4,7; m/s
29-06-2025;04:30:00;4,6; m/s
29-06-2025;04:40:00;4,2; m/s
29-06-2025;04:50:00;3,5; m/s
29-06-2025;05:00:00;4,7; m/s
29-06-2025;05:10:00;5; m/s
29-06-2025;05:20:00;5,3; m/s
29-06-2025;05:30:00;5,3; m/s
29-06-2025;05:40:00;4,2; m/s
29-06-2025;05:50:00;4,5; m/s
29-06-2025;06:00:00;4,2; m/s
29-06-2025;06:10:00;3,7; m/s
29-06-2025;06:20:00;3,3; m/s
29-06-2025;06:30:00;5,1; m/s
29-06-2025;06:40:00;5,8; m/s
29-06-2025;06:50:00;4,7; m/s
29-06-2025;07:00:00;4,5; m/s
29-06-2025;07:10:00;4,9; m/s
29-06-2025;07:20:00;4,7; m/s
29-06-2025;07:30:00;4,2; m/s
29-06-2025;07:40:00;4,7; m/s
29-06-2025;07:50:00;3,2; m/s
29-06-2025;08:00:00;3,9; m/s
29-06-2025;08:10:00;4,9; m/s
29-06-2025;08:20:00;4,9; m/s
29-06-2025;08:30:00;3,7; m/s
29-06-2025;08:40:00;2,9; m/s
29-06-2025;08:50:00;3,7; m/s
29-06-2025;09:00:00;2,6; m/s
29-06-2025;09:10:00;3,8; m/s
29-06-2025;09:20:00;3,2; m/s
29-06-2025;09:30:00;3,5; m/s
29-06-2025;09:40:00;5,4; m/s
29-06-2025;09:50:00;4,1; m/s
29-06-2025;10:00:00;4,6; m/s
29-06-2025;10:10:00;6,1; m/s
29-06-2025;10:20:00;6,7; m/s
29-06-2025;10:30:00;3,6; m/s
29-06-2025;10:40:00;4; m/s
29-06-2025;10:50:00;4,2; m/s
29-06-2025;11:00:00;3,5; m/s
29-06-2025;11:10:00;5,3; m/s
29-06-2025;11:20:00;3,6; m/s
29-06-2025;11:30:00;4,4; m/s
29-06-2025;11:40:00;5; m/s
29-06-2025;11:50:00;3,9; m/s
29-06-2025;12:00:00;4,6; m/s
29-06-2025;12:10:00;4,4; m/s
29-06-2025;12:20:00;5; m/s
29-06-2025;12:30:00;5,7; m/s
29-06-2025;12:40:00;6,5; m/s
29-06-2025;12:50:00;5; m/s
29-06-2025;13:00:00;3,8; m/s
29-06-2025;13:10:00;4,9; m/s
29-06-2025;13:20:00;4,4; m/s
29-06-2025;13:30:00;4,9; m/s
29-06-2025;13:40:00;4; m/s
29-06-2025;13:50:00;3,7; m/s
29-06-2025;14:00:00;4,4; m/s
29-06-2025;14:10:00;3,9; m/s
29-06-2025;14:20:00;4,6; m/s
29-06-2025;14:30:00;4,7; m/s
29-06-2025;14:40:00;6; m/s
29-06-2025;14:50:00;4,7; m/s
29-06-2025;15:00:00;4; m/s
29-06-2025;15:10:00;3,8; m/s
29-06-2025;15:20:00;4,8; m/s
29-06-2025;15:30:00;4,3; m/s
29-06-2025;15:40:00;3,8; m/s
29-06-2025;15:50:00;4; m/s
29-06-2025;16:00:00;2,5; m/s
29-06-2025;16:10:00;5,3; m/s
29-06-2025;16:20:00;7,7; m/s
29-06-2025;16:30:00;8,3; m/s
29-06-2025;16:40:00;7,4; m/s
29-06-2025;16:50:00;8,9; m/s
29-06-2025;17:00:00;7,7; m/s
29-06-2025;17:10:00;7,3; m/s
29-06-2025;17:20:00;4,9; m/s
29-06-2025;17:30:00;4; m/s
29-06-2025;17:40:00;7,3; m/s
29-06-2025;17:50:00;7,5; m/s
29-06-2025;18:00:00;8,6; m/s
29-06-2025;18:10:00;6,7; m/s
29-06-2025;18:20:00;6,3; m/s
29-06-2025;18:30:00;3,9; m/s
29-06-2025;18:40:00;3,9; m/s
29-06-2025;18:50:00;3,3; m/s
29-06-2025;19:00:00;3,5; m/s
29-06-2025;19:10:00;1,9; m/s
29-06-2025;19:20:00;2; m/s
29-06-2025;19:30:00;3,1; m/s
29-06-2025;19:40:00;2,7; m/s
29-06-2025;19:50:00;1,5; m/s
29-06-2025;20:00:00;0,9; m/s
29-06-2025;20:10:00;3,5; m/s
29-06-2025;20:20:00;3; m/s
29-06-2025;20:30:00;3,1; m/s
29-06-2025;20:40:00;3,6; m/s
29-06-2025;20:50:00;3,4; m/s
29-06-2025;21:00:00;1,8; m/s
29-06-2025;21:10:00;2,6; m/s
29-06-2025;21:20:00;3,8; m/s
29-06-2025;21:30:00;4,8; m/s
29-06-2025;21:40:00;3,9; m/s
29-06-2025;21:50:00;2,3; m/s
29-06-2025;22:00:00;2,3; m/s
29-06-2025;22:10:00;3,3; m/s
29-06-2025;22:20:00;3,1; m/s
29-06-2025;22:30:00;2,1; m/s
29-06-2025;22:40:00;2,9; m/s
29-06-2025;22:50:00;3,1; m/s
29-06-2025;23:00:00;1,6; m/s
29-06-2025;23:10:00;2,6; m/s
29-06-2025;23:20:00;3,1; m/s
29-06-2025;23:30:00;1,5; m/s
29-06-2025;23:40:00;2,2; m/s
29-06-2025;23:50:00;3,2; m/s
30-06-2025;00:00:00;2,6; m/s
30-06-2025;00:10:00;1,9; m/s
30-06-2025;00:20:00;2; m/s
30-06-2025;00:30:00;2,2; m/s
30-06-2025;00:40:00;1,6; m/s
30-06-2025;00:50:00;1,3; m/s
30-06-2025;01:00:00;2,4; m/s
30-06-2025;01:10:00;2; m/s
30-06-2025;01:20:00;2,4; m/s
30-06-2025;01:30:00;4,1; m/s
30-06-2025;01:40:00;3,7; m/s
30-06-2025;01:50:00;3,8; m/s
30-06-2025;02:00:00;3,7; m/s
30-06-2025;02:10:00;2,8; m/s
30-06-2025;02:20:00;2,5; m/s
30-06-2025;02:30:00;2,2; m/s
30-06-2025;02:40:00;2,5; m/s
30-06-2025;02:50:00;2,3; m/s
30-06-2025;03:00:00;2,4; m/s
30-06-2025;03:10:00;2,1; m/s
30-06-2025;03:20:00;2; m/s
30-06-2025;03:30:00;2,5; m/s
30-06-2025;03:40:00;2,6; m/s
30-06-2025;03:50:00;1,6; m/s
30-06-2025;04:00:00;1,5; m/s
30-06-2025;04:10:00;1,8; m/s
30-06-2025;04:20:00;1,5; m/s
30-06-2025;04:30:00;1,6; m/s
30-06-2025;04:40:00;1,3; m/s
30-06-2025;04:50:00;2,4; m/s
30-06-2025;05:00:00;3,4; m/s
30-06-2025;05:10:00;2,8; m/s
30-06-2025;05:20:00;2; m/s
30-06-2025;05:30:00;2,3; m/s
30-06-2025;05:40:00;1,6; m/s
30-06-2025;05:50:00;1,2; m/s
30-06-2025;06:00:00;1,1; m/s
30-06-2025;06:10:00;0,7; m/s
30-06-2025;06:20:00;1,3; m/s
30-06-2025;06:30:00;1,2; m/s
30-06-2025;06:40:00;1,2; m/s
30-06-2025;06:50:00;1,3; m/s
30-06-2025;07:00:00;1,1; m/s
30-06-2025;07:10:00;1; m/s
30-06-2025;07:20:00;1,8; m/s
30-06-2025;07:30:00;1,4; m/s
30-06-2025;07:40:00;1,4; m/s
30-06-2025;07:50:00;1,1; m/s
30-06-2025;08:00:00;1; m/s
30-06-2025;08:10:00;1,2; m/s
30-06-2025;08:20:00;0,9; m/s
30-06-2025;08:30:00;0,9; m/s
30-06-2025;08:40:00;0,9; m/s
30-06-2025;08:50:00;1,1; m/s
30-06-2025;09:00:00;1,2; m/s
30-06-2025;09:10:00;1,3; m/s
30-06-2025;09:20:00;1,4; m/s
30-06-2025;09:30:00;1,4; m/s
30-06-2025;09:40:00;1,4; m/s
30-06-2025;09:50:00;1,4; m/s
30-06-2025;10:00:00;2,1; m/s
30-06-2025;10:10:00;1,9; m/s
30-06-2025;10:20:00;2,1; m/s
30-06-2025;10:30:00;2,7; m/s
30-06-2025;10:40:00;2,5; m/s
30-06-2025;10:50:00;3; m/s
30-06-2025;11:00:00;3,6; m/s
30-06-2025;11:10:00;3,4; m/s
30-06-2025;11:20:00;3,7; m/s
30-06-2025;11:30:00;3,2; m/s
30-06-2025;11:40:00;3,3; m/s
30-06-2025;11:50:00;2,6; m/s
30-06-2025;12:00:00;3,5; m/s
30-06-2025;12:10:00;3,6; m/s
30-06-2025;12:20:00;3,7; m/s
30-06-2025;12:30:00;3,8; m/s
30-06-2025;12:40:00;4,2; m/s
30-06-2025;12:50:00;5; m/s
30-06-2025;13:00:00;4,9; m/s
30-06-2025;13:10:00;5,3; m/s
30-06-2025;13:20:00;5,6; m/s
30-06-2025;13:30:00;4,5; m/s
30-06-2025;13:40:00;4,7; m/s
30-06-2025;13:50:00;5; m/s
30-06-2025;14:00:00;5,7; m/s
30-06-2025;14:10:00;5,3; m/s
30-06-2025;14:20:00;5,1; m/s
30-06-2025;14:30:00;6,4; m/s
30-06-2025;14:40:00;7,1; m/s
30-06-2025;14:50:00;7; m/s
30-06-2025;15:00:00;6,9; m/s
30-06-2025;15:10:00;7,3; m/s
30-06-2025;15:20:00;7,3; m/s
30-06-2025;15:30:00;7,7; m/s
30-06-2025;15:40:00;7,5; m/s
30-06-2025;15:50:00;8,3; m/s
30-06-2025;16:00:00;8,4; m/s
30-06-2025;16:10:00;8,8; m/s
30-06-2025;16:20:00;8,9; m/s
30-06-2025;16:30:00;8,6; m/s
30-06-2025;16:40:00;8,5; m/s
30-06-2025;16:50:00;8,7; m/s
30-06-2025;17:00:00;8,7; m/s
30-06-2025;17:10:00;8,3; m/s
30-06-2025;17:20:00;7,8; m/s
30-06-2025;17:30:00;7,8; m/s
30-06-2025;17:40:00;8; m/s
30-06-2025;17:50:00;8; m/s
30-06-2025;18:00:00;6,9; m/s
30-06-2025;18:10:00;6,3; m/s
30-06-2025;18:20:00;6,6; m/s
30-06-2025;18:30:00;6,2; m/s
30-06-2025;18:40:00;4,9; m/s
30-06-2025;18:50:00;4,7; m/s
30-06-2025;19:00:00;4,8; m/s
30-06-2025;19:10:00;4,3; m/s
30-06-2025;19:20:00;3,7; m/s
30-06-2025;19:30:00;4,8; m/s
30-06-2025;19:40:00;4,4; m/s
30-06-2025;19:50:00;3,7; m/s
30-06-2025;20:00:00;3,7; m/s
30-06-2025;20:10:00;2,9; m/s
30-06-2025;20:20:00;2,4; m/s
30-06-2025;20:30:00;1,9; m/s
30-06-2025;20:40:00;2,4; m/s
30-06-2025;20:50:00;2,9; m/s
30-06-2025;21:00:00;3,5; m/s
30-06-2025;21:10:00;3,1; m/s
30-06-2025;21:20:00;1,8; m/s
30-06-2025;21:30:00;2,2; m/s
30-06-2025;21:40:00;2,3; m/s
30-06-2025;21:50:00;2,3; m/s
30-06-2025;22:00:00;2; m/s
30-06-2025;22:10:00;2,1; m/s
30-06-2025;22:20:00;2; m/s
30-06-2025;22:30:00;2,1; m/s
30-06-2025;22:40:00;2; m/s
30-06-2025;22:50:00;1,7; m/s
30-06-2025;23:00:00;1,4; m/s
30-06-2025;23:10:00;1,8; m/s
30-06-2025;23:20:00;2,4; m/s
30-06-2025;23:30:00;2,1; m/s
30-06-2025;23:40:00;2,8; m/s
30-06-2025;23:50:00;3; m/s
01-07-2025;00:00:00;1,7; m/s
01-07-2025;00:10:00;1,9; m/s
01-07-2025;00:20:00;2,2; m/s
01-07-2025;00:30:00;1,8; m/s
01-07-2025;00:40:00;1,8; m/s
01-07-2025;00:50:00;3,1; m/s
01-07-2025;01:00:00;3,8; m/s
01-07-2025;01:10:00;3,7; m/s
01-07-2025;01:20:00;3,7; m/s
01-07-2025;01:30:00;2,8; m/s
01-07-2025;01:40:00;2,5; m/s
01-07-2025;01:50:00;1,9; m/s
01-07-2025;02:00:00;1,6; m/s
01-07-2025;02:10:00;0,8; m/s
01-07-2025;02:20:00;1,8; m/s
01-07-2025;02:30:00;1,5; m/s
01-07-2025;02:40:00;1,4; m/s
01-07-2025;02:50:00;1,6; m/s
01-07-2025;03:00:00;1,4; m/s
01-07-2025;03:10:00;2; m/s
01-07-2025;03:20:00;2,3; m/s
01-07-2025;03:30:00;2,2; m/s
01-07-2025;03:40:00;2,1; m/s
01-07-2025;03:50:00;1,9; m/s
01-07-2025;04:00:00;2,4; m/s
01-07-2025;04:10:00;2,3; m/s
01-07-2025;04:20:00;2,9; m/s
01-07-2025;04:30:00;2,9; m/s
01-07-2025;04:40:00;2,8; m/s
01-07-2025;04:50:00;2,7; m/s
01-07-2025;05:00:00;2,7; m/s
01-07-2025;05:10:00;2,3; m/s
01-07-2025;05:20:00;2; m/s
01-07-2025;05:30:00;1,9; m/s
01-07-2025;05:40:00;1,4; m/s
01-07-2025;05:50:00;0,7; m/s
01-07-2025;06:00:00;1,2; m/s
01-07-2025;06:10:00;1,3; m/s
01-07-2025;06:20:00;1,8; m/s
01-07-2025;06:30:00;2,5; m/s
01-07-2025;06:40:00;1,8; m/s
01-07-2025;06:50:00;2,3; m/s
01-07-2025;07:00:00;1,9; m/s
01-07-2025;07:10:00;1,8; m/s
01-07-2025;07:20:00;1,9; m/s
01-07-2025;07:30:00;1,5; m/s
01-07-2025;07:40:00;1,6; m/s
01-07-2025;07:50:00;1,7; m/s
01-07-2025;08:00:00;1,4; m/s
01-07-2025;08:10:00;1,3; m/s
01-07-2025;08:20:00;1,9; m/s
01-07-2025;08:30:00;2; m/s
01-07-2025;08:40:00;2,4; m/s
01-07-2025;08:50:00;2,7; m/s
01-07-2025;09:00:00;2,1; m/s
01-07-2025;09:10:00;1,5; m/s
01-07-2025;09:20:00;1,5; m/s
01-07-2025;09:30:00;1,5; m/s
01-07-2025;09:40:00;1,3; m/s
01-07-2025;09:50:00;1,8; m/s
01-07-2025;10:00:00;2; m/s
01-07-2025;10:10:00;2,3; m/s
01-07-2025;10:20:00;2,4; m/s
01-07-2025;10:30:00;3,3; m/s
01-07-2025;10:40:00;2,9; m/s
01-07-2025;10:50:00;3,4; m/s
01-07-2025;11:00:00;3,7; m/s
01-07-2025;11:10:00;4; m/s
01-07-2025;11:20:00;4,2; m/s
01-07-2025;11:30:00;3,9; m/s
01-07-2025;11:40:00;4,2; m/s
01-07-2025;11:50:00;4,1; m/s
01-07-2025;12:00:00;3,5; m/s
01-07-2025;12:10:00;4; m/s
01-07-2025;12:20:00;3,3; m/s
01-07-2025;12:30:00;3,2; m/s
01-07-2025;12:40:00;3,7; m/s
01-07-2025;12:50:00;3,5; m/s
01-07-2025;13:00:00;3,9; m/s
01-07-2025;13:10:00;3,9; m/s
01-07-2025;13:20:00;4,4; m/s
01-07-2025;13:30:00;4,2; m/s
01-07-2025;13:40:00;4,8; m/s
01-07-2025;13:50:00;4,8; m/s
01-07-2025;14:00:00;5,1; m/s
01-07-2025;14:10:00;5,5; m/s
01-07-2025;14:20:00;4,8; m/s
01-07-2025;14:30:00;6,1; m/s
01-07-2025;14:40:00;5,6; m/s
01-07-2025;14:50:00;5,1; m/s
01-07-2025;15:00:00;5,4; m/s
01-07-2025;15:10:00;4,7; m/s
01-07-2025;15:20:00;4,2; m/s
01-07-2025;15:30:00;4,5; m/s
01-07-2025;15:40:00;6,7; m/s
01-07-2025;15:50:00;7,6; m/s
01-07-2025;16:00:00;7,7; m/s
01-07-2025;16:10:00;7,6; m/s
01-07-2025;16:20:00;7; m/s
01-07-2025;16:30:00;6,8; m/s
01-07-2025;16:40:00;6,8; m/s
01-07-2025;16:50:00;5,9; m/s
01-07-2025;17:00:00;7,1; m/s
01-07-2025;17:10:00;6,8; m/s
01-07-2025;17:20:00;6,8; m/s
01-07-2025;17:30:00;7,2; m/s
01-07-2025;17:40:00;7; m/s
01-07-2025;17:50:00;7,2; m/s
01-07-2025;18:00:00;7,1; m/s
01-07-2025;18:10:00;6,6; m/s
01-07-2025;18:20:00;6,4; m/s
01-07-2025;18:30:00;6; m/s
01-07-2025;18:40:00;4,1; m/s
01-07-2025;18:50:00;4,7; m/s
01-07-2025;19:00:00;4,7; m/s
01-07-2025;19:10:00;4,6; m/s
01-07-2025;19:20:00;3,9; m/s
01-07-2025;19:30:00;3,9; m/s
01-07-2025;19:40:00;4,9; m/s
01-07-2025;19:50:00;4,9; m/s
01-07-2025;20:00:00;5,1; m/s
01-07-2025;20:10:00;4,5; m/s
01-07-2025;20:20:00;4,2; m/s
01-07-2025;20:30:00;4,2; m/s
01-07-2025;20:40:00;3,9; m/s
01-07-2025;20:50:00;3,1; m/s
01-07-2025;21:00:00;2,2; m/s
01-07-2025;21:10:00;2,3; m/s
01-07-2025;21:20:00;1,6; m/s
01-07-2025;21:30:00;1; m/s
01-07-2025;21:40:00;0,6; m/s
01-07-2025;21:50:00;1,3; m/s
01-07-2025;22:00:00;0,8; m/s
01-07-2025;22:10:00;1; m/s
01-07-2025;22:20:00;1,2; m/s
01-07-2025;22:30:00;1,4; m/s
01-07-2025;22:40:00;1,2; m/s
01-07-2025;22:50:00;1,6; m/s
01-07-2025;23:00:00;1,2; m/s
01-07-2025;23:10:00;0,7; m/s
01-07-2025;23:20:00;0,6; m/s
01-07-2025;23:30:00;1; m/s
01-07-2025;23:40:00;0,7; m/s
01-07-2025;23:50:00;0,2; m/s
02-07-2025;00:00:00;0,1; m/s
02-07-2025;00:10:00;0,9; m/s
02-07-2025;00:20:00;1,3; m/s
02-07-2025;00:30:00;2; m/s
02-07-2025;00:40:00;2,1; m/s
02-07-2025;00:50:00;0,7; m/s
02-07-2025;01:00:00;0,4; m/s
02-07-2025;01:10:00;0,7; m/s
02-07-2025;01:20:00;0,4; m/s
02-07-2025;01:30:00;0,3; m/s
02-07-2025;01:40:00;0,6; m/s
02-07-2025;01:50:00;1,2; m/s
02-07-2025;02:00:00;2; m/s
02-07-2025;02:10:00;1,5; m/s
02-07-2025;02:20:00;0,9; m/s
02-07-2025;02:30:00;1,2; m/s
02-07-2025;02:40:00;1; m/s
02-07-2025;02:50:00;1,2; m/s
02-07-2025;03:00:00;0,8; m/s
02-07-2025;03:10:00;1,7; m/s
02-07-2025;03:20:00;2; m/s
02-07-2025;03:30:00;2; m/s
02-07-2025;03:40:00;0,9; m/s
02-07-2025;03:50:00;1,7; m/s
02-07-2025;04:00:00;1,8; m/s
02-07-2025;04:10:00;2,4; m/s
02-07-2025;04:20:00;2,2; m/s
02-07-2025;04:30:00;2,1; m/s
02-07-2025;04:40:00;1,3; m/s
02-07-2025;04:50:00;1,5; m/s
02-07-2025;05:00:00;1; m/s
02-07-2025;05:10:00;0,9; m/s
02-07-2025;05:20:00;1,2; m/s
02-07-2025;05:30:00;1,5; m/s
02-07-2025;05:40:00;2; m/s
02-07-2025;05:50:00;1,8; m/s
02-07-2025;06:00:00;1,4; m/s
02-07-2025;06:10:00;0,9; m/s
02-07-2025;06:20:00;0,7; m/s
02-07-2025;06:30:00;1; m/s
02-07-2025;06:40:00;1,3; m/s
02-07-2025;06:50:00;1,3; m/s
02-07-2025;07:00:00;1,4; m/s
02-07-2025;07:10:00;1,1; m/s
02-07-2025;07:20:00;1,3; m/s
02-07-2025;07:30:00;1,2; m/s
02-07-2025;07:40:00;1; m/s
02-07-2025;07:50:00;1,1; m/s
02-07-2025;08:00:00;1,3; m/s
02-07-2025;08:10:00;1,4; m/s
02-07-2025;08:20:00;1,1; m/s
02-07-2025;08:30:00;1,4; m/s
02-07-2025;08:40:00;1,4; m/s
02-07-2025;08:50:00;1,7; m/s
02-07-2025;09:00:00;1,9; m/s
02-07-2025;09:10:00;1,9; m/s
02-07-2025;09:20:00;2,1; m/s
02-07-2025;09:30:00;2; m/s
02-07-2025;09:40:00;2,6; m/s
02-07-2025;09:50:00;2,3; m/s
02-07-2025;10:00:00;2,4; m/s
02-07-2025;10:10:00;2,5; m/s
02-07-2025;10:20:00;2,9; m/s
02-07-2025;10:30:00;3; m/s
02-07-2025;10:40:00;3,5; m/s
02-07-2025;10:50:00;2,2; m/s
02-07-2025;11:00:00;2,1; m/s
02-07-2025;11:10:00;2,5; m/s
02-07-2025;11:20:00;2; m/s
02-07-2025;11:30:00;2,2; m/s
02-07-2025;11:40:00;2,4; m/s
02-07-2025;11:50:00;2,7; m/s
02-07-2025;12:00:00;4,3; m/s
02-07-2025;12:10:00;4,2; m/s
02-07-2025;12:20:00;4,4; m/s
02-07-2025;12:30:00;4,2; m/s
02-07-2025;12:40:00;4,5; m/s
02-07-2025;12:50:00;4,3; m/s
02-07-2025;13:00:00;4,1; m/s
02-07-2025;13:10:00;4,1; m/s
02-07-2025;13:20:00;3,8; m/s
02-07-2025;13:30:00;4,2; m/s
02-07-2025;13:40:00;4,1; m/s
02-07-2025;13:50:00;4,4; m/s
02-07-2025;14:00:00;4,2; m/s
02-07-2025;14:10:00;3,8; m/s
02-07-2025;14:20:00;4,2; m/s
02-07-2025;14:30:00;4,1; m/s
02-07-2025;14:40:00;3,9; m/s
02-07-2025;14:50:00;4,3; m/s
02-07-2025;15:00:00;4,5; m/s
02-07-2025;15:10:00;4,4; m/s
02-07-2025;15:20:00;4; m/s
02-07-2025;15:30:00;4,5; m/s
02-07-2025;15:40:00;4; m/s
02-07-2025;15:50:00;4,7; m/s
02-07-2025;16:00:00;3,8; m/s
02-07-2025;16:10:00;3,6; m/s
02-07-2025;16:20:00;3; m/s
02-07-2025;16:30:00;5,2; m/s
02-07-2025;16:40:00;6,9; m/s
02-07-2025;16:50:00;7,3; m/s
02-07-2025;17:00:00;7; m/s
02-07-2025;17:10:00;5,7; m/s
02-07-2025;17:20:00;6,1; m/s
02-07-2025;17:30:00;7,1; m/s
02-07-2025;17:40:00;6,6; m/s
02-07-2025;17:50:00;6,2; m/s
02-07-2025;18:00:00;5,9; m/s
02-07-2025;18:10:00;5,7; m/s
02-07-2025;18:20:00;3,6; m/s
02-07-2025;18:30:00;3,3; m/s
02-07-2025;18:40:00;3; m/s
02-07-2025;18:50:00;3,9; m/s
02-07-2025;19:00:00;3,4; m/s
02-07-2025;19:10:00;3,4; m/s
02-07-2025;19:20:00;3,3; m/s
02-07-2025;19:30:00;3,5; m/s
02-07-2025;19:40:00;3,5; m/s
02-07-2025;19:50:00;3,2; m/s
02-07-2025;20:00:00;3,1; m/s
02-07-2025;20:10:00;3; m/s
02-07-2025;20:20:00;3,5; m/s
02-07-2025;20:30:00;2,7; m/s
02-07-2025;20:40:00;2; m/s
02-07-2025;20:50:00;2,1; m/s
02-07-2025;21:00:00;2,7; m/s
02-07-2025;21:10:00;2,7; m/s
02-07-2025;21:20:00;2,4; m/s
02-07-2025;21:30:00;2,8; m/s
02-07-2025;21:40:00;1,5; m/s
02-07-2025;21:50:00;1,5; m/s
02-07-2025;22:00:00;1,6; m/s
02-07-2025;22:10:00;1,9; m/s
02-07-2025;22:20:00;2,9; m/s
02-07-2025;22:30:00;2,7; m/s
02-07-2025;22:40:00;3; m/s
02-07-2025;22:50:00;1,7; m/s
02-07-2025;23:00:00;2,6; m/s
02-07-2025;23:10:00;2,4; m/s
02-07-2025;23:20:00;2,4; m/s
02-07-2025;23:30:00;2,4; m/s
02-07-2025;23:40:00;2,8; m/s
02-07-2025;23:50:00;2; m/s
03-07-2025;00:00:00;1,3; m/s
03-07-2025;00:10:00;1,2; m/s
03-07-2025;00:20:00;1,9; m/s
03-07-2025;00:30:00;4,1; m/s
03-07-2025;00:40:00;3,3; m/s
03-07-2025;00:50:00;4,4; m/s
03-07-2025;01:00:00;4,5; m/s
03-07-2025;01:10:00;4,1; m/s
03-07-2025;01:20:00;3,7; m/s
03-07-2025;01:30:00;2,8; m/s
03-07-2025;01:40:00;2,7; m/s
03-07-2025;01:50:00;2,9; m/s
03-07-2025;02:00:00;2,7; m/s
03-07-2025;02:10:00;2; m/s
03-07-2025;02:20:00;1,8; m/s
03-07-2025;02:30:00;2; m/s
03-07-2025;02:40:00;2,3; m/s
03-07-2025;02:50:00;2,7; m/s
03-07-2025;03:00:00;2,5; m/s
03-07-2025;03:10:00;1,6; m/s
03-07-2025;03:20:00;1,7; m/s
03-07-2025;03:30:00;1,9; m/s
03-07-2025;03:40:00;1,3; m/s
03-07-2025;03:50:00;0,9; m/s
03-07-2025;04:00:00;1,8; m/s
03-07-2025;04:10:00;1,6; m/s
03-07-2025;04:20:00;0,7; m/s
03-07-2025;04:30:00;1,5; m/s
03-07-2025;04:40:00;1,6; m/s
03-07-2025;04:50:00;1,2; m/s
03-07-2025;05:00:00;1; m/s
03-07-2025;05:10:00;1,2; m/s
03-07-2025;05:20:00;0,5; m/s
03-07-2025;05:30:00;0,4; m/s
03-07-2025;05:40:00;0,5; m/s
03-07-2025;05:50:00;1,3; m/s
03-07-2025;06:00:00;1,8; m/s
03-07-2025;06:10:00;2,1; m/s
03-07-2025;06:20:00;1,8; m/s
03-07-2025;06:30:00;1,6; m/s
03-07-2025;06:40:00;1,2; m/s
03-07-2025;06:50:00;1; m/s
03-07-2025;07:00:00;1; m/s
03-07-2025;07:10:00;1,8; m/s
03-07-2025;07:20:00;1,2; m/s
03-07-2025;07:30:00;1,5; m/s
03-07-2025;07:40:00;1,7; m/s
03-07-2025;07:50:00;1,4; m/s
03-07-2025;08:00:00;1,3; m/s
03-07-2025;08:10:00;1,4; m/s
03-07-2025;08:20:00;1,2; m/s
03-07-2025;08:30:00;1,4; m/s
03-07-2025;08:40:00;1,5; m/s
03-07-2025;08:50:00;1,6; m/s
03-07-2025;09:00:00;1,7; m/s
03-07-2025;09:10:00;1,6; m/s
03-07-2025;09:20:00;1,5; m/s
03-07-2025;09:30:00;1,8; m/s
03-07-2025;09:40:00;2,6; m/s
03-07-2025;09:50:00;3,2; m/s
03-07-2025;10:00:00;2,9; m/s
03-07-2025;10:10:00;2,4; m/s
03-07-2025;10:20:00;2,7; m/s
03-07-2025;10:30:00;3,2; m/s
03-07-2025;10:40:00;3,3; m/s
03-07-2025;10:50:00;3,7; m/s
03-07-2025;11:00:00;3,8; m/s
03-07-2025;11:10:00;4,1; m/s
03-07-2025;11:20:00;3,6; m/s
03-07-2025;11:30:00;3; m/s
03-07-2025;11:40:00;3,2; m/s
03-07-2025;11:50:00;3,8; m/s
03-07-2025;12:00:00;4,1; m/s
03-07-2025;12:10:00;4,9; m/s
03-07-2025;12:20:00;4,1; m/s
03-07-2025;12:30:00;4,3; m/s
03-07-2025;12:40:00;4,6; m/s
03-07-2025;12:50:00;4,7; m/s
03-07-2025;13:00:00;3,8; m/s
03-07-2025;13:10:00;3,9; m/s
03-07-2025;13:20:00;4,4; m/s
03-07-2025;13:30:00;4; m/s
03-07-2025;13:40:00;5; m/s
03-07-2025;13:50:00;4,6; m/s
03-07-2025;14:00:00;4,2; m/s
03-07-2025;14:10:00;4,9; m/s
03-07-2025;14:20:00;5,1; m/s
03-07-2025;14:30:00;4,5; m/s
03-07-2025;14:40:00;3,9; m/s
03-07-2025;14:50:00;4,3; m/s
03-07-2025;15:00:00;3,8; m/s
03-07-2025;15:10:00;4,7; m/s
03-07-2025;15:20:00;4,4; m/s
03-07-2025;15:30:00;4,3; m/s
03-07-2025;15:40:00;4,9; m/s
03-07-2025;15:50:00;4,1; m/s
03-07-2025;16:00:00;4,1; m/s
03-07-2025;16:10:00;5,6; m/s
03-07-2025;16:20:00;5,8; m/s
03-07-2025;16:30:00;4,8; m/s
03-07-2025;16:40:00;5; m/s
03-07-2025;16:50:00;3,4; m/s
03-07-2025;17:00:00;5,8; m/s
03-07-2025;17:10:00;5,5; m/s
03-07-2025;17:20:00;6; m/s
03-07-2025;17:30:00;6,4; m/s
03-07-2025;17:40:00;6,3; m/s
03-07-2025;17:50:00;5,2; m/s
03-07-2025;18:00:00;5,7; m/s
03-07-2025;18:10:00;5,1; m/s
03-07-2025;18:20:00;5,1; m/s
03-07-2025;18:30:00;3,7; m/s
03-07-2025;18:40:00;5,9; m/s
03-07-2025;18:50:00;4,3; m/s
03-07-2025;19:00:00;2,9; m/s
03-07-2025;19:10:00;3,4; m/s
03-07-2025;19:20:00;4,4; m/s
03-07-2025;19:30:00;4,9; m/s
03-07-2025;19:40:00;6,6; m/s
03-07-2025;19:50:00;6,2; m/s
03-07-2025;20:00:00;4,5; m/s
03-07-2025;20:10:00;3,5; m/s
03-07-2025;20:20:00;4; m/s
03-07-2025;20:30:00;4,6; m/s
03-07-2025;20:40:00;4,3; m/s
03-07-2025;20:50:00;4,4; m/s
03-07-2025;21:00:00;3,7; m/s
03-07-2025;21:10:00;3; m/s
03-07-2025;21:20:00;2,4; m/s
03-07-2025;21:30:00;2,6; m/s
03-07-2025;21:40:00;3,2; m/s
03-07-2025;21:50:00;3,8; m/s
03-07-2025;22:00:00;3,2; m/s
03-07-2025;22:10:00;3,1; m/s
03-07-2025;22:20:00;3; m/s
03-07-2025;22:30:00;3,2; m/s
03-07-2025;22:40:00;2,7; m/s
03-07-2025;22:50:00;2; m/s
03-07-2025;23:00:00;1,1; m/s
03-07-2025;23:10:00;0,9; m/s
03-07-2025;23:20:00;1,3; m/s
03-07-2025;23:30:00;2,6; m/s
03-07-2025;23:40:00;2,7; m/s
03-07-2025;23:50:00;2,4; m/s
04-07-2025;00:00:00;2,6; m/s
04-07-2025;00:10:00;2,3; m/s
04-07-2025;00:20:00;1,4; m/s
04-07-2025;00:30:00;1,4; m/s
04-07-2025;00:40:00;2; m/s
04-07-2025;00:50:00;2,7; m/s
04-07-2025;01:00:00;2,4; m/s
04-07-2025;01:10:00;1,3; m/s
04-07-2025;01:20:00;0,6; m/s
04-07-2025;01:30:00;0,2; m/s
04-07-2025;01:40:00;0; m/s
04-07-2025;01:50:00;0,8; m/s
04-07-2025;02:00:00;2; m/s
04-07-2025;02:10:00;2,6; m/s
04-07-2025;02:20:00;3,2; m/s
04-07-2025;02:30:00;2,7; m/s
04-07-2025;02:40:00;1,9; m/s
04-07-2025;02:50:00;1,6; m/s
04-07-2025;03:00:00;1; m/s
04-07-2025;03:10:00;2,4; m/s
04-07-2025;03:20:00;2,9; m/s
04-07-2025;03:30:00;3,3; m/s
04-07-2025;03:40:00;3,9; m/s
04-07-2025;03:50:00;3,7; m/s
04-07-2025;04:00:00;3,5; m/s
04-07-2025;04:10:00;3,7; m/s
04-07-2025;04:20:00;4,1; m/s
04-07-2025;04:30:00;3,5; m/s
04-07-2025;04:40:00;2,7; m/s
04-07-2025;04:50:00;3,1; m/s
04-07-2025;05:00:00;2,5; m/s
04-07-2025;05:10:00;2,4; m/s
04-07-2025;05:20:00;2,1; m/s
04-07-2025;05:30:00;2,2; m/s
04-07-2025;05:40:00;2,3; m/s
04-07-2025;05:50:00;2,7; m/s
04-07-2025;06:00:00;1,9; m/s
04-07-2025;06:10:00;1,3; m/s
04-07-2025;06:20:00;0,8; m/s
04-07-2025;06:30:00;0,2; m/s
04-07-2025;06:40:00;0,9; m/s
04-07-2025;06:50:00;1,3; m/s
04-07-2025;07:00:00;0,9; m/s
04-07-2025;07:10:00;0,8; m/s
04-07-2025;07:20:00;0,9; m/s
04-07-2025;07:30:00;0,6; m/s
04-07-2025;07:40:00;0,8; m/s
04-07-2025;07:50:00;1,7; m/s
04-07-2025;08:00:00;1,7; m/s
04-07-2025;08:10:00;1,9; m/s
04-07-2025;08:20:00;2,1; m/s
04-07-2025;08:30:00;1,8; m/s
04-07-2025;08:40:00;1,8; m/s
04-07-2025;08:50:00;1,8; m/s
04-07-2025;09:00:00;1,4; m/s
04-07-2025;09:10:00;1,4; m/s
04-07-2025;09:20:00;2; m/s
04-07-2025;09:30:00;2,7; m/s
04-07-2025;09:40:00;2,4; m/s
04-07-2025;09:50:00;1,8; m/s
04-07-2025;10:00:00;1,6; m/s
04-07-2025;10:10:00;1,9; m/s
04-07-2025;10:20:00;2,6; m/s
04-07-2025;10:30:00;2,6; m/s
04-07-2025;10:40:00;2,7; m/s
04-07-2025;10:50:00;2,8; m/s
04-07-2025;11:00:00;3,4; m/s
04-07-2025;11:10:00;3,1; m/s
04-07-2025;11:20:00;3,6; m/s
04-07-2025;11:30:00;3,3; m/s
04-07-2025;11:40:00;3,5; m/s
04-07-2025;11:50:00;4,2; m/s
04-07-2025;12:00:00;4,7; m/s
04-07-2025;12:10:00;5; m/s
04-07-2025;12:20:00;5,7; m/s
04-07-2025;12:30:00;5,9; m/s
04-07-2025;12:40:00;5,2; m/s
04-07-2025;12:50:00;4,6; m/s
04-07-2025;13:00:00;4,3; m/s
04-07-2025;13:10:00;5,2; m/s
04-07-2025;13:20:00;5,1; m/s
04-07-2025;13:30:00;4,7; m/s
04-07-2025;13:40:00;4,5; m/s
04-07-2025;13:50:00;5,5; m/s
04-07-2025;14:00:00;6,2; m/s
04-07-2025;14:10:00;6; m/s
04-07-2025;14:20:00;5,7; m/s
04-07-2025;14:30:00;6; m/s
04-07-2025;14:40:00;6,4; m/s
04-07-2025;14:50:00;6,3; m/s
04-07-2025;15:00:00;5,8; m/s
04-07-2025;15:10:00;6,3; m/s
04-07-2025;15:20:00;6,8; m/s
04-07-2025;15:30:00;7,4; m/s
04-07-2025;15:40:00;7,8; m/s
04-07-2025;15:50:00;8,7; m/s
04-07-2025;16:00:00;8,4; m/s
04-07-2025;16:10:00;7,9; m/s
04-07-2025;16:20:00;8,2; m/s
04-07-2025;16:30:00;8,8; m/s
04-07-2025;16:40:00;8,5; m/s
04-07-2025;16:50:00;8,6; m/s
04-07-2025;17:00:00;8,3; m/s
04-07-2025;17:10:00;8,4; m/s
04-07-2025;17:20:00;8,6; m/s
04-07-2025;17:30:00;8; m/s
04-07-2025;17:40:00;7,3; m/s
04-07-2025;17:50:00;8,1; m/s
04-07-2025;18:00:00;8,4; m/s
04-07-2025;18:10:00;8,2; m/s
04-07-2025;18:20:00;7,1; m/s
04-07-2025;18:30:00;6,8; m/s
04-07-2025;18:40:00;7,3; m/s
04-07-2025;18:50:00;7; m/s
04-07-2025;19:00:00;6,9; m/s
04-07-2025;19:10:00;7,7; m/s
04-07-2025;19:20:00;6,6; m/s
04-07-2025;19:30:00;5,8; m/s
04-07-2025;19:40:00;5,5; m/s
04-07-2025;19:50:00;5,4; m/s
04-07-2025;20:00:00;4,5; m/s
04-07-2025;20:10:00;4,3; m/s
04-07-2025;20:20:00;3,6; m/s
04-07-2025;20:30:00;2,2; m/s
04-07-2025;20:40:00;3; m/s
04-07-2025;20:50:00;3,4; m/s
04-07-2025;21:00:00;1,8; m/s
04-07-2025;21:10:00;1,4; m/s
04-07-2025;21:20:00;2; m/s
04-07-2025;21:30:00;1,6; m/s
04-07-2025;21:40:00;1,4; m/s
04-07-2025;21:50:00;1; m/s
04-07-2025;22:00:00;0,8; m/s
04-07-2025;22:10:00;1; m/s
04-07-2025;22:20:00;0,7; m/s
04-07-2025;22:30:00;0,9; m/s
04-07-2025;22:40:00;1; m/s
04-07-2025;22:50:00;0,9; m/s
04-07-2025;23:00:00;1; m/s
04-07-2025;23:10:00;1,1; m/s
04-07-2025;23:20:00;1,9; m/s
04-07-2025;23:30:00;2,3; m/s
04-07-2025;23:40:00;2,5; m/s
04-07-2025;23:50:00;2,2; m/s
05-07-2025;00:00:00;2,5; m/s
05-07-2025;00:10:00;2,8; m/s
05-07-2025;00:20:00;2,9; m/s
05-07-2025;00:30:00;3; m/s
05-07-2025;00:40:00;2; m/s
05-07-2025;00:50:00;1,7; m/s
05-07-2025;01:00:00;1,6; m/s
05-07-2025;01:10:00;2,4; m/s
05-07-2025;01:20:00;2,9; m/s
05-07-2025;01:30:00;3,1; m/s
05-07-2025;01:40:00;2,9; m/s
05-07-2025;01:50:00;2,3; m/s
05-07-2025;02:00:00;2,3; m/s
05-07-2025;02:10:00;2,2; m/s
05-07-2025;02:20:00;2,5; m/s
05-07-2025;02:30:00;2,7; m/s
05-07-2025;02:40:00;2,6; m/s
05-07-2025;02:50:00;2,2; m/s
05-07-2025;03:00:00;2,4; m/s
05-07-2025;03:10:00;2,3; m/s
05-07-2025;03:20:00;1,7; m/s
05-07-2025;03:30:00;1,3; m/s
05-07-2025;03:40:00;1,2; m/s
05-07-2025;03:50:00;1,6; m/s
05-07-2025;04:00:00;1,4; m/s
05-07-2025;04:10:00;1,1; m/s
05-07-2025;04:20:00;0,6; m/s
05-07-2025;04:30:00;0,9; m/s
05-07-2025;04:40:00;0,9; m/s
05-07-2025;04:50:00;0,1; m/s
05-07-2025;05:00:00;0,7; m/s
05-07-2025;05:10:00;1,1; m/s
05-07-2025;05:20:00;0,8; m/s
05-07-2025;05:30:00;0,8; m/s
05-07-2025;05:40:00;2; m/s
05-07-2025;05:50:00;2,6; m/s
05-07-2025;06:00:00;2,1; m/s
05-07-2025;06:10:00;1,5; m/s
05-07-2025;06:20:00;1; m/s
05-07-2025;06:30:00;1; m/s
05-07-2025;06:40:00;1,1; m/s
05-07-2025;06:50:00;0,7; m/s
05-07-2025;07:00:00;0,6; m/s
05-07-2025;07:10:00;0,8; m/s
05-07-2025;07:20:00;0,9; m/s
05-07-2025;07:30:00;0,6; m/s
05-07-2025;07:40:00;0,8; m/s
05-07-2025;07:50:00;1,5; m/s
05-07-2025;08:00:00;1,3; m/s
05-07-2025;08:10:00;1,4; m/s
05-07-2025;08:20:00;1,5; m/s
05-07-2025;08:30:00;1,6; m/s
05-07-2025;08:40:00;1,4; m/s
05-07-2025;08:50:00;1,3; m/s
05-07-2025;09:00:00;1,5; m/s
05-07-2025;09:10:00;1,5; m/s
05-07-2025;09:20:00;1,7; m/s
05-07-2025;09:30:00;1,6; m/s
05-07-2025;09:40:00;1,6; m/s
05-07-2025;09:50:00;1,7; m/s
05-07-2025;10:00:00;1,9; m/s
05-07-2025;10:10:00;2; m/s
05-07-2025;10:20:00;2,8; m/s
05-07-2025;10:30:00;2,8; m/s
05-07-2025;10:40:00;3,7; m/s
05-07-2025;10:50:00;4,3; m/s
05-07-2025;11:00:00;4,5; m/s
05-07-2025;11:10:00;4,6; m/s
05-07-2025;11:20:00;4,5; m/s
05-07-2025;11:30:00;4,7; m/s
05-07-2025;11:40:00;4,7; m/s
05-07-2025;11:50:00;5,1; m/s
05-07-2025;12:00:00;5,2; m/s
05-07-2025;12:10:00;5; m/s
05-07-2025;12:20:00;4,7; m/s
05-07-2025;12:30:00;5,7; m/s
05-07-2025;12:40:00;5,6; m/s
05-07-2025;12:50:00;4,9; m/s
05-07-2025;13:00:00;5,2; m/s
05-07-2025;13:10:00;5,3; m/s
05-07-2025;13:20:00;5,2; m/s
05-07-2025;13:30:00;5,7; m/s
05-07-2025;13:40:00;5,8; m/s
05-07-2025;13:50:00;6,5; m/s
05-07-2025;14:00:00;6,3; m/s
05-07-2025;14:10:00;6,4; m/s
05-07-2025;14:20:00;6,6; m/s
05-07-2025;14:30:00;6,8; m/s
05-07-2025;14:40:00;7,8; m/s
05-07-2025;14:50:00;7,9; m/s
05-07-2025;15:00:00;8; m/s
05-07-2025;15:10:00;7,6; m/s
05-07-2025;15:20:00;7,3; m/s
05-07-2025;15:30:00;6,5; m/s
05-07-2025;15:40:00;6,3; m/s
05-07-2025;15:50:00;6,5; m/s
05-07-2025;16:00:00;6,4; m/s
05-07-2025;16:10:00;6,4; m/s
05-07-2025;16:20:00;6,4; m/s
05-07-2025;16:30:00;6,3; m/s
05-07-2025;16:40:00;6,3; m/s
05-07-2025;16:50:00;6,4; m/s
05-07-2025;17:00:00;6,9; m/s
05-07-2025;17:10:00;7; m/s
05-07-2025;17:20:00;6,9; m/s
05-07-2025;17:30:00;6,5; m/s
05-07-2025;17:40:00;6,8; m/s
05-07-2025;17:50:00;6,7; m/s
05-07-2025;18:00:00;5,4; m/s
05-07-2025;18:10:00;6,9; m/s
05-07-2025;18:20:00;6,8; m/s
05-07-2025;18:30:00;7,1; m/s
05-07-2025;18:40:00;7,2; m/s
05-07-2025;18:50:00;6,9; m/s
05-07-2025;19:00:00;7,1; m/s
05-07-2025;19:10:00;6,8; m/s
05-07-2025;19:20:00;6,1; m/s
05-07-2025;19:30:00;5,9; m/s
05-07-2025;19:40:00;4,8; m/s
05-07-2025;19:50:00;5; m/s
05-07-2025;20:00:00;4,8; m/s
05-07-2025;20:10:00;2,5; m/s
05-07-2025;20:20:00;2,5; m/s
05-07-2025;20:30:00;3,2; m/s
05-07-2025;20:40:00;3; m/s
05-07-2025;20:50:00;2,6; m/s
05-07-2025;21:00:00;1,8; m/s
05-07-2025;21:10:00;1,9; m/s
05-07-2025;21:20:00;1,1; m/s
05-07-2025;21:30:00;1,3; m/s
05-07-2025;21:40:00;1,6; m/s
05-07-2025;21:50:00;1,8; m/s
05-07-2025;22:00:00;2,2; m/s
05-07-2025;22:10:00;2; m/s
05-07-2025;22:20:00;1,5; m/s
05-07-2025;22:30:00;1,7; m/s
05-07-2025;22:40:00;2,3; m/s
05-07-2025;22:50:00;2,7; m/s
05-07-2025;23:00:00;2,4; m/s
05-07-2025;23:10:00;2,9; m/s
05-07-2025;23:20:00;2,8; m/s
05-07-2025;23:30:00;2,9; m/s
05-07-2025;23:40:00;2,6; m/s
05-07-2025;23:50:00;2,5; m/s
06-07-2025;00:00:00;3,1; m/s
06-07-2025;00:10:00;3,2; m/s
06-07-2025;00:20:00;2,8; m/s
06-07-2025;00:30:00;3,4; m/s
06-07-2025;00:40:00;3,4; m/s
06-07-2025;00:50:00;3,6; m/s
06-07-2025;01:00:00;3,8; m/s
06-07-2025;01:10:00;3,9; m/s
06-07-2025;01:20:00;3,9; m/s
06-07-2025;01:30:00;3,5; m/s
06-07-2025;01:40:00;3,9; m/s
06-07-2025;01:50:00;3,8; m/s
06-07-2025;02:00:00;4,2; m/s
06-07-2025;02:10:00;4,3; m/s
06-07-2025;02:20:00;3,4; m/s
06-07-2025;02:30:00;4,1; m/s
06-07-2025;02:40:00;3,5; m/s
06-07-2025;02:50:00;2,8; m/s
06-07-2025;03:00:00;3,2; m/s
06-07-2025;03:10:00;3,3; m/s
06-07-2025;03:20:00;3,4; m/s
06-07-2025;03:30:00;3,5; m/s
06-07-2025;03:40:00;3,4; m/s
06-07-2025;03:50:00;3,1; m/s
06-07-2025;04:00:00;2,9; m/s
06-07-2025;04:10:00;2,3; m/s
06-07-2025;04:20:00;2,2; m/s
06-07-2025;04:30:00;2,5; m/s
06-07-2025;04:40:00;2,5; m/s
06-07-2025;04:50:00;2,4; m/s
06-07-2025;05:00:00;2,3; m/s
06-07-2025;05:10:00;1,6; m/s
06-07-2025;05:20:00;1,1; m/s
06-07-2025;05:30:00;1; m/s
06-07-2025;05:40:00;1,8; m/s
06-07-2025;05:50:00;2; m/s
06-07-2025;06:00:00;2,2; m/s
06-07-2025;06:10:00;1,6; m/s
06-07-2025;06:20:00;1,2; m/s
06-07-2025;06:30:00;1,4; m/s
06-07-2025;06:40:00;1,5; m/s
06-07-2025;06:50:00;1,5; m/s
06-07-2025;07:00:00;1,7; m/s
06-07-2025;07:10:00;1,6; m/s
06-07-2025;07:20:00;1,8; m/s
06-07-2025;07:30:00;2,1; m/s
06-07-2025;07:40:00;2; m/s
06-07-2025;07:50:00;1,9; m/s
06-07-2025;08:00:00;2; m/s
06-07-2025;08:10:00;1,8; m/s
06-07-2025;08:20:00;1,8; m/s
06-07-2025;08:30:00;1,7; m/s
06-07-2025;08:40:00;1,6; m/s
06-07-2025;08:50:00;1,7; m/s
06-07-2025;09:00:00;1,9; m/s
06-07-2025;09:10:00;1,6; m/s
06-07-2025;09:20:00;1,7; m/s
06-07-2025;09:30:00;1,7; m/s
06-07-2025;09:40:00;2; m/s
06-07-2025;09:50:00;1,9; m/s
06-07-2025;10:00:00;2,1; m/s
06-07-2025;10:10:00;2,5; m/s
06-07-2025;10:20:00;3,3; m/s
06-07-2025;10:30:00;4; m/s
06-07-2025;10:40:00;3,3; m/s
06-07-2025;10:50:00;3,7; m/s
06-07-2025;11:00:00;3,5; m/s
06-07-2025;11:10:00;3,3; m/s
06-07-2025;11:20:00;3,4; m/s
06-07-2025;11:30:00;3,9; m/s
06-07-2025;11:40:00;4,4; m/s
06-07-2025;11:50:00;4,2; m/s
06-07-2025;12:00:00;3,7; m/s
06-07-2025;12:10:00;2,9; m/s
06-07-2025;12:20:00;3,4; m/s
06-07-2025;12:30:00;3; m/s
06-07-2025;12:40:00;2,7; m/s
06-07-2025;12:50:00;3,3; m/s
06-07-2025;13:00:00;3,2; m/s
06-07-2025;13:10:00;3,2; m/s
06-07-2025;13:20:00;2,9; m/s
06-07-2025;13:30:00;4,1; m/s
06-07-2025;13:40:00;3,9; m/s
06-07-2025;13:50:00;3,6; m/s
06-07-2025;14:00:00;3; m/s
06-07-2025;14:10:00;3,1; m/s
06-07-2025;14:20:00;4; m/s
06-07-2025;14:30:00;3,8; m/s
06-07-2025;14:40:00;3,9; m/s
06-07-2025;14:50:00;4,5; m/s
06-07-2025;15:00:00;4,1; m/s
06-07-2025;15:10:00;3,8; m/s
06-07-2025;15:20:00;4,2; m/s
06-07-2025;15:30:00;4,3; m/s
06-07-2025;15:40:00;3,8; m/s
06-07-2025;15:50:00;3,9; m/s
06-07-2025;16:00:00;3,8; m/s
06-07-2025;16:10:00;4,6; m/s
06-07-2025;16:20:00;4,6; m/s
06-07-2025;16:30:00;4,3; m/s
06-07-2025;16:40:00;3,7; m/s
06-07-2025;16:50:00;3,5; m/s
06-07-2025;17:00:00;4; m/s
06-07-2025;17:10:00;5,3; m/s
06-07-2025;17:20:00;5,4; m/s
06-07-2025;17:30:00;4,7; m/s
06-07-2025;17:40:00;3,6; m/s
06-07-2025;17:50:00;3,2; m/s
06-07-2025;18:00:00;3,2; m/s
06-07-2025;18:10:00;3; m/s
06-07-2025;18:20:00;4,4; m/s
06-07-2025;18:30:00;4,3; m/s
06-07-2025;18:40:00;4,8; m/s
06-07-2025;18:50:00;4,7; m/s
06-07-2025;19:00:00;4,3; m/s
06-07-2025;19:10:00;4,2; m/s
06-07-2025;19:20:00;4,2; m/s
06-07-2025;19:30:00;3,9; m/s
06-07-2025;19:40:00;3,7; m/s
06-07-2025;19:50:00;3,3; m/s
06-07-2025;20:00:00;3; m/s
06-07-2025;20:10:00;2,7; m/s
06-07-2025;20:20:00;2,4; m/s
06-07-2025;20:30:00;2,4; m/s
06-07-2025;20:40:00;2,5; m/s
06-07-2025;20:50:00;2,4; m/s
06-07-2025;21:00:00;2,9; m/s
06-07-2025;21:10:00;2,6; m/s
06-07-2025;21:20:00;2,1; m/s
06-07-2025;21:30:00;2,8; m/s
06-07-2025;21:40:00;2,5; m/s
06-07-2025;21:50:00;2,9; m/s
06-07-2025;22:00:00;3,4; m/s
06-07-2025;22:10:00;2,8; m/s
06-07-2025;22:20:00;2,9; m/s
06-07-2025;22:30:00;2,6; m/s
06-07-2025;22:40:00;2,3; m/s
06-07-2025;22:50:00;2,4; m/s
06-07-2025;23:00:00;2,7; m/s
06-07-2025;23:10:00;2,6; m/s
06-07-2025;23:20:00;2,4; m/s
06-07-2025;23:30:00;2,5; m/s
06-07-2025;23:40:00;2,3; m/s
06-07-2025;23:50:00;2,5; m/s
07-07-2025;00:00:00;2,2; m/s
07-07-2025;00:10:00;1,9; m/s
07-07-2025;00:20:00;2; m/s
07-07-2025;00:30:00;1,9; m/s
07-07-2025;00:40:00;1,6; m/s
07-07-2025;00:50:00;1,8; m/s
07-07-2025;01:00:00;1,8; m/s
07-07-2025;01:10:00;1,5; m/s
07-07-2025;01:20:00;1,3; m/s
07-07-2025;01:30:00;2; m/s
07-07-2025;01:40:00;2,3; m/s
07-07-2025;01:50:00;1,9; m/s
07-07-2025;02:00:00;1,4; m/s
07-07-2025;02:10:00;1,5; m/s
07-07-2025;02:20:00;1,6; m/s
07-07-2025;02:30:00;1,8; m/s
07-07-2025;02:40:00;2; m/s
07-07-2025;02:50:00;2; m/s
07-07-2025;03:00:00;1,9; m/s
07-07-2025;03:10:00;2,2; m/s
07-07-2025;03:20:00;2,4; m/s
07-07-2025;03:30:00;2,1; m/s
07-07-2025;03:40:00;2,4; m/s
07-07-2025;03:50:00;2,6; m/s
07-07-2025;04:00:00;2,5; m/s
07-07-2025;04:10:00;3; m/s
07-07-2025;04:20:00;2,4; m/s
07-07-2025;04:30:00;2,7; m/s
07-07-2025;04:40:00;2,6; m/s
07-07-2025;04:50:00;2,4; m/s
07-07-2025;05:00:00;2,5; m/s
07-07-2025;05:10:00;2,1; m/s
07-07-2025;05:20:00;1,7; m/s
07-07-2025;05:30:00;2,2; m/s
07-07-2025;05:40:00;4,8; m/s
07-07-2025;05:50:00;5,2; m/s
07-07-2025;06:00:00;6; m/s
07-07-2025;06:10:00;3,2; m/s
07-07-2025;06:20:00;1,9; m/s
07-07-2025;06:30:00;2,2; m/s
07-07-2025;06:40:00;2,3; m/s
07-07-2025;06:50:00;2,5; m/s
07-07-2025;07:00:00;3; m/s
07-07-2025;07:10:00;5,2; m/s
07-07-2025;07:20:00;5,4; m/s
07-07-2025;07:30:00;5; m/s
07-07-2025;07:40:00;3,4; m/s
07-07-2025;07:50:00;2,2; m/s
07-07-2025;08:00:00;3; m/s
07-07-2025;08:10:00;3,5; m/s
07-07-2025;08:20:00;2,3; m/s
07-07-2025;08:30:00;3,5; m/s
07-07-2025;08:40:00;5,3; m/s
07-07-2025;08:50:00;11; m/s
07-07-2025;09:00:00;6,3; m/s
07-07-2025;09:10:00;3; m/s
07-07-2025;09:20:00;5,5; m/s
07-07-2025;09:30:00;3,3; m/s
07-07-2025;09:40:00;3; m/s
07-07-2025;09:50:00;4; m/s
07-07-2025;10:00:00;2,8; m/s
07-07-2025;10:10:00;2,5; m/s
07-07-2025;10:20:00;4,6; m/s
07-07-2025;10:30:00;4; m/s
07-07-2025;10:40:00;3,9; m/s
07-07-2025;10:50:00;4,8; m/s
07-07-2025;11:00:00;4; m/s
07-07-2025;11:10:00;3,5; m/s
07-07-2025;11:20:00;0,3; m/s
07-07-2025;11:30:00;0; m/s
07-07-2025;11:40:00;0,2; m/s
07-07-2025;11:50:00;2,7; m/s
07-07-2025;12:00:00;1,5; m/s
07-07-2025;12:10:00;1,9; m/s
07-07-2025;12:20:00;1,3; m/s
07-07-2025;12:30:00;2,6; m/s
07-07-2025;12:40:00;1; m/s
07-07-2025;12:50:00;2,7; m/s
07-07-2025;13:00:00;2,6; m/s
07-07-2025;13:10:00;2,6; m/s
07-07-2025;13:20:00;2,8; m/s
07-07-2025;13:30:00;2,2; m/s
07-07-2025;13:40:00;2,7; m/s
07-07-2025;13:50:00;1,7; m/s
07-07-2025;14:00:00;3,2; m/s
07-07-2025;14:10:00;2,9; m/s
07-07-2025;14:20:00;3,4; m/s
07-07-2025;14:30:00;2,8; m/s
07-07-2025;14:40:00;2,6; m/s
07-07-2025;14:50:00;2,5; m/s
07-07-2025;15:00:00;2,1; m/s
07-07-2025;15:10:00;1; m/s
07-07-2025;15:20:00;0,3; m/s
07-07-2025;15:30:00;1,6; m/s
07-07-2025;15:40:00;2,9; m/s
07-07-2025;15:50:00;2,6; m/s
07-07-2025;16:00:00;2,6; m/s
07-07-2025;16:10:00;3,3; m/s
07-07-2025;16:20:00;2; m/s
07-07-2025;16:30:00;0,1; m/s
07-07-2025;16:40:00;0,3; m/s
07-07-2025;16:50:00;2,1; m/s
07-07-2025;17:00:00;2,6; m/s
07-07-2025;17:10:00;2,7; m/s
07-07-2025;17:20:00;2,8; m/s
07-07-2025;17:30:00;2,9; m/s
07-07-2025;17:40:00;2,8; m/s
07-07-2025;17:50:00;3,1; m/s
07-07-2025;18:00:00;3,1; m/s
07-07-2025;18:10:00;2,4; m/s
07-07-2025;18:20:00;2,4; m/s
07-07-2025;18:30:00;2; m/s
07-07-2025;18:40:00;1,7; m/s
07-07-2025;18:50:00;1,8; m/s
07-07-2025;19:00:00;1,3; m/s
07-07-2025;19:10:00;1,4; m/s
07-07-2025;19:20:00;1,3; m/s
07-07-2025;19:30:00;0,5; m/s
07-07-2025;19:40:00;0,8; m/s
07-07-2025;19:50:00;0,8; m/s
07-07-2025;20:00:00;1,5; m/s
07-07-2025;20:10:00;1,1; m/s
07-07-2025;20:20:00;1,4; m/s
07-07-2025;20:30:00;1,5; m/s
07-07-2025;20:40:00;1,8; m/s
07-07-2025;20:50:00;1,6; m/s
07-07-2025;21:00:00;2; m/s
07-07-2025;21:10:00;1,7; m/s
07-07-2025;21:20:00;1,8; m/s
07-07-2025;21:30:00;2,3; m/s
07-07-2025;21:40:00;2,8; m/s
07-07-2025;21:50:00;2,9; m/s
07-07-2025;22:00:00;3; m/s
07-07-2025;22:10:00;3,2; m/s
07-07-2025;22:20:00;3,2; m/s
07-07-2025;22:30:00;2,6; m/s
07-07-2025;22:40:00;2,5; m/s
07-07-2025;22:50:00;2,5; m/s
07-07-2025;23:00:00;2,2; m/s
07-07-2025;23:10:00;2,3; m/s
07-07-2025;23:20:00;2,6; m/s
07-07-2025;23:30:00;2; m/s
07-07-2025;23:40:00;2,4; m/s
07-07-2025;23:50:00;3,1; m/s
08-07-2025;00:00:00;2,8; m/s
08-07-2025;00:10:00;2,9; m/s
08-07-2025;00:20:00;3,3; m/s
08-07-2025;00:30:00;3,3; m/s
08-07-2025;00:40:00;2,7; m/s
08-07-2025;00:50:00;2,7; m/s
08-07-2025;01:00:00;2,7; m/s
08-07-2025;01:10:00;2,4; m/s
08-07-2025;01:20:00;2,4; m/s
08-07-2025;01:30:00;2,3; m/s
08-07-2025;01:40:00;1,8; m/s
08-07-2025;01:50:00;2; m/s
08-07-2025;02:00:00;1,8; m/s
08-07-2025;02:10:00;1,8; m/s
08-07-2025;02:20:00;1,7; m/s
08-07-2025;02:30:00;2,1; m/s
08-07-2025;02:40:00;2,3; m/s
08-07-2025;02:50:00;2,3; m/s
08-07-2025;03:00:00;2,5; m/s
08-07-2025;03:10:00;3,7; m/s
08-07-2025;03:20:00;5,5; m/s
08-07-2025;03:30:00;12,6; m/s
08-07-2025;03:40:00;11,6; m/s
08-07-2025;03:50:00;10,4; m/s
08-07-2025;04:00:00;9,6; m/s
08-07-2025;04:10:00;8,2; m/s
08-07-2025;04:20:00;6,6; m/s
08-07-2025;04:30:00;4,8; m/s
08-07-2025;04:40:00;3; m/s
08-07-2025;04:50:00;3,9; m/s
08-07-2025;05:00:00;4,1; m/s
08-07-2025;05:10:00;3,3; m/s
08-07-2025;05:20:00;4,1; m/s
08-07-2025;05:30:00;4,8; m/s
08-07-2025;05:40:00;4,9; m/s
08-07-2025;05:50:00;6,4; m/s
08-07-2025;06:00:00;8,5; m/s
08-07-2025;06:10:00;6,5; m/s
08-07-2025;06:20:00;3,6; m/s
08-07-2025;06:30:00;4,9; m/s
08-07-2025;06:40:00;3,8; m/s
08-07-2025;06:50:00;3,4; m/s
08-07-2025;07:00:00;3,2; m/s
08-07-2025;07:10:00;2,6; m/s
08-07-2025;07:20:00;1,9; m/s
08-07-2025;07:30:00;4,8; m/s
08-07-2025;07:40:00;8,6; m/s
08-07-2025;07:50:00;9,5; m/s
08-07-2025;08:00:00;9,2; m/s
08-07-2025;08:10:00;9,6; m/s
08-07-2025;08:20:00;10,1; m/s
08-07-2025;08:30:00;9,9; m/s
08-07-2025;08:40:00;8,2; m/s
08-07-2025;08:50:00;8,9; m/s
08-07-2025;09:00:00;8,8; m/s
08-07-2025;09:10:00;9,2; m/s
08-07-2025;09:20:00;9,1; m/s
08-07-2025;09:30:00;9,7; m/s
08-07-2025;09:40:00;9,7; m/s
08-07-2025;09:50:00;10,4; m/s
08-07-2025;10:00:00;11,7; m/s
08-07-2025;10:10:00;9,6; m/s
08-07-2025;10:20:00;11,5; m/s
08-07-2025;10:30:00;9,3; m/s
08-07-2025;10:40:00;10,1; m/s
08-07-2025;10:50:00;10,3; m/s
08-07-2025;11:00:00;9,7; m/s
08-07-2025;11:10:00;8,9; m/s
08-07-2025;11:20:00;8,9; m/s
08-07-2025;11:30:00;11,2; m/s
08-07-2025;11:40:00;9,1; m/s
08-07-2025;11:50:00;9,9; m/s
08-07-2025;12:00:00;10,2; m/s
08-07-2025;12:10:00;9,9; m/s
08-07-2025;12:20:00;9,7; m/s
08-07-2025;12:30:00;10,2; m/s
08-07-2025;12:40:00;10,5; m/s
08-07-2025;12:50:00;9,6; m/s
08-07-2025;13:00:00;10,1; m/s
08-07-2025;13:10:00;9,1; m/s
08-07-2025;13:20:00;9,5; m/s
08-07-2025;13:30:00;8,8; m/s
08-07-2025;13:40:00;9,3; m/s
08-07-2025;13:50:00;10; m/s
08-07-2025;14:00:00;10,1; m/s
08-07-2025;14:10:00;10; m/s
08-07-2025;14:20:00;10,9; m/s
08-07-2025;14:30:00;10,6; m/s
08-07-2025;14:40:00;9,8; m/s
08-07-2025;14:50:00;10,3; m/s
08-07-2025;15:00:00;9,4; m/s
08-07-2025;15:10:00;9,7; m/s
08-07-2025;15:20:00;9,8; m/s
08-07-2025;15:30:00;9,6; m/s
08-07-2025;15:40:00;9,7; m/s
08-07-2025;15:50:00;9,7; m/s
08-07-2025;16:00:00;8,9; m/s
08-07-2025;16:10:00;8,9; m/s
08-07-2025;16:20:00;7,8; m/s
08-07-2025;16:30:00;8,7; m/s
08-07-2025;16:40:00;8,6; m/s
08-07-2025;16:50:00;7,7; m/s
08-07-2025;17:00:00;7,9; m/s
08-07-2025;17:10:00;9; m/s
08-07-2025;17:20:00;10,2; m/s
08-07-2025;17:30:00;8,1; m/s
08-07-2025;17:40:00;9,6; m/s
08-07-2025;17:50:00;7; m/s
08-07-2025;18:00:00;7,1; m/s
08-07-2025;18:10:00;6,9; m/s
08-07-2025;18:20:00;6,9; m/s
08-07-2025;18:30:00;7,2; m/s
08-07-2025;18:40:00;7,5; m/s
08-07-2025;18:50:00;6,9; m/s
08-07-2025;19:00:00;7,6; m/s
08-07-2025;19:10:00;8; m/s
08-07-2025;19:20:00;7,4; m/s
08-07-2025;19:30:00;6,5; m/s
08-07-2025;19:40:00;5,6; m/s
08-07-2025;19:50:00;6; m/s
08-07-2025;20:00:00;7; m/s
08-07-2025;20:10:00;6,4; m/s
08-07-2025;20:20:00;6,7; m/s
08-07-2025;20:30:00;6,1; m/s
08-07-2025;20:40:00;5,1; m/s
08-07-2025;20:50:00;5,3; m/s
08-07-2025;21:00:00;4,9; m/s
08-07-2025;21:10:00;5,4; m/s
08-07-2025;21:20:00;6; m/s
08-07-2025;21:30:00;5,6; m/s
08-07-2025;21:40:00;5,8; m/s
08-07-2025;21:50:00;5,5; m/s
08-07-2025;22:00:00;5,6; m/s
08-07-2025;22:10:00;4,7; m/s
08-07-2025;22:20:00;5,7; m/s
08-07-2025;22:30:00;4; m/s
08-07-2025;22:40:00;3,8; m/s
08-07-2025;22:50:00;4,2; m/s
08-07-2025;23:00:00;3,5; m/s
08-07-2025;23:10:00;2,9; m/s
08-07-2025;23:20:00;3,5; m/s
08-07-2025;23:30:00;2,7; m/s
08-07-2025;23:40:00;3,2; m/s
08-07-2025;23:50:00;2,7; m/s
09-07-2025;00:00:00;1,6; m/s
09-07-2025;00:10:00;2,5; m/s
09-07-2025;00:20:00;2,5; m/s
09-07-2025;00:30:00;2,8; m/s
09-07-2025;00:40:00;3,5; m/s
09-07-2025;00:50:00;3,7; m/s
09-07-2025;01:00:00;4,5; m/s
09-07-2025;01:10:00;6,7; m/s
09-07-2025;01:20:00;8,3; m/s
09-07-2025;01:30:00;8,5; m/s
09-07-2025;01:40:00;9; m/s
09-07-2025;01:50:00;8,7; m/s
09-07-2025;02:00:00;8,1; m/s
09-07-2025;02:10:00;8,1; m/s
09-07-2025;02:20:00;7,1; m/s
09-07-2025;02:30:00;6; m/s
09-07-2025;02:40:00;4,5; m/s
09-07-2025;02:50:00;4,7; m/s
09-07-2025;03:00:00;5,5; m/s
09-07-2025;03:10:00;5; m/s
09-07-2025;03:20:00;5; m/s
09-07-2025;03:30:00;4,5; m/s
09-07-2025;03:40:00;4,7; m/s
09-07-2025;03:50:00;3,9; m/s
09-07-2025;04:00:00;4,2; m/s
09-07-2025;04:10:00;3,4; m/s
09-07-2025;04:20:00;3,6; m/s
09-07-2025;04:30:00;3,3; m/s
09-07-2025;04:40:00;2,6; m/s
09-07-2025;04:50:00;1,8; m/s
09-07-2025;05:00:00;1,3; m/s
09-07-2025;05:10:00;1,4; m/s
09-07-2025;05:20:00;3,1; m/s
09-07-2025;05:30:00;3,7; m/s
09-07-2025;05:40:00;3,8; m/s
09-07-2025;05:50:00;3,2; m/s
09-07-2025;06:00:00;3,1; m/s
09-07-2025;06:10:00;3; m/s
09-07-2025;06:20:00;2,9; m/s
09-07-2025;06:30:00;2,5; m/s
09-07-2025;06:40:00;2,5; m/s
09-07-2025;06:50:00;2,2; m/s
09-07-2025;07:00:00;1,4; m/s
09-07-2025;07:10:00;2,3; m/s
09-07-2025;07:20:00;2; m/s
09-07-2025;07:30:00;1,9; m/s
09-07-2025;07:40:00;1,9; m/s
09-07-2025;07:50:00;1,9; m/s
09-07-2025;08:00:00;2; m/s
09-07-2025;08:10:00;1,2; m/s
09-07-2025;08:20:00;2,3; m/s
09-07-2025;08:30:00;2,3; m/s
09-07-2025;08:40:00;3,1; m/s
09-07-2025;08:50:00;3,1; m/s
09-07-2025;09:00:00;4,1; m/s
09-07-2025;09:10:00;3,2; m/s
09-07-2025;09:20:00;3,6; m/s
09-07-2025;09:30:00;4,4; m/s
09-07-2025;09:40:00;5,1; m/s
09-07-2025;09:50:00;5,8; m/s
09-07-2025;10:00:00;6,2; m/s
09-07-2025;10:10:00;7,2; m/s
09-07-2025;10:20:00;8,2; m/s
09-07-2025;10:30:00;8,7; m/s
09-07-2025;10:40:00;8,4; m/s
09-07-2025;10:50:00;9; m/s
09-07-2025;11:00:00;8,4; m/s
09-07-2025;11:10:00;8; m/s
09-07-2025;11:20:00;7,7; m/s
09-07-2025;11:30:00;7,2; m/s
09-07-2025;11:40:00;7; m/s
09-07-2025;11:50:00;6,7; m/s
09-07-2025;12:00:00;6,2; m/s
09-07-2025;12:10:00;6,5; m/s
09-07-2025;12:20:00;6,6; m/s
09-07-2025;12:30:00;6,4; m/s
09-07-2025;12:40:00;7,1; m/s
09-07-2025;12:50:00;7,4; m/s
09-07-2025;13:00:00;6,9; m/s
09-07-2025;13:10:00;6,5; m/s
09-07-2025;13:20:00;6,3; m/s
09-07-2025;13:30:00;6,6; m/s
09-07-2025;13:40:00;6,7; m/s
09-07-2025;13:50:00;6,3; m/s
09-07-2025;14:00:00;7,3; m/s
09-07-2025;14:10:00;8,2; m/s
09-07-2025;14:20:00;9,1; m/s
09-07-2025;14:30:00;8,9; m/s
09-07-2025;14:40:00;9,5; m/s
09-07-2025;14:50:00;9,8; m/s
09-07-2025;15:00:00;9,3; m/s
09-07-2025;15:10:00;9,8; m/s
09-07-2025;15:20:00;10,3; m/s
09-07-2025;15:30:00;9,8; m/s
09-07-2025;15:40:00;10,5; m/s
09-07-2025;15:50:00;10,9; m/s
09-07-2025;16:00:00;10,5; m/s
09-07-2025;16:10:00;10,4; m/s
09-07-2025;16:20:00;11,3; m/s
09-07-2025;16:30:00;10,8; m/s
09-07-2025;16:40:00;10,4; m/s
09-07-2025;16:50:00;10,6; m/s
09-07-2025;17:00:00;9,4; m/s
09-07-2025;17:10:00;10,4; m/s
09-07-2025;17:20:00;10,7; m/s
09-07-2025;17:30:00;9,9; m/s
09-07-2025;17:40:00;9,1; m/s
09-07-2025;17:50:00;9,3; m/s
09-07-2025;18:00:00;8,5; m/s
09-07-2025;18:10:00;7,6; m/s
09-07-2025;18:20:00;4,2; m/s
09-07-2025;18:30:00;3,7; m/s
09-07-2025;18:40:00;4,2; m/s
09-07-2025;18:50:00;5,6; m/s
09-07-2025;19:00:00;2,8; m/s
09-07-2025;19:10:00;2,3; m/s
09-07-2025;19:20:00;1,9; m/s
09-07-2025;19:30:00;4; m/s
09-07-2025;19:40:00;5,6; m/s
09-07-2025;19:50:00;5,9; m/s
09-07-2025;20:00:00;6; m/s
09-07-2025;20:10:00;5,2; m/s
09-07-2025;20:20:00;5,5; m/s
09-07-2025;20:30:00;6,4; m/s
09-07-2025;20:40:00;6,6; m/s
09-07-2025;20:50:00;6,5; m/s
09-07-2025;21:00:00;6,9; m/s
09-07-2025;21:10:00;6,7; m/s
09-07-2025;21:20:00;5,5; m/s
09-07-2025;21:30:00;5,9; m/s
09-07-2025;21:40:00;6,5; m/s
09-07-2025;21:50:00;6,9; m/s
09-07-2025;22:00:00;6,7; m/s
09-07-2025;22:10:00;7,4; m/s
09-07-2025;22:20:00;7,1; m/s
09-07-2025;22:30:00;7,1; m/s
09-07-2025;22:40:00;7,5; m/s
09-07-2025;22:50:00;7,1; m/s
09-07-2025;23:00:00;6,7; m/s
09-07-2025;23:10:00;6,9; m/s
09-07-2025;23:20:00;7,3; m/s
09-07-2025;23:30:00;7,5; m/s
09-07-2025;23:40:00;7,1; m/s
09-07-2025;23:50:00;6,9; m/s
10-07-2025;00:00:00;7,4; m/s
10-07-2025;00:10:00;7,1; m/s
10-07-2025;00:20:00;6,6; m/s
10-07-2025;00:30:00;6,2; m/s
10-07-2025;00:40:00;6,4; m/s
10-07-2025;00:50:00;6,8; m/s
10-07-2025;01:00:00;6,1; m/s
10-07-2025;01:10:00;6,4; m/s
10-07-2025;01:20:00;6,2; m/s
10-07-2025;01:30:00;7,5; m/s
10-07-2025;01:40:00;6,5; m/s
10-07-2025;01:50:00;6,3; m/s
10-07-2025;02:00:00;5,8; m/s
10-07-2025;02:10:00;5,8; m/s
10-07-2025;02:20:00;6,1; m/s
10-07-2025;02:30:00;5,1; m/s
10-07-2025;02:40:00;5,4; m/s
10-07-2025;02:50:00;4,9; m/s
10-07-2025;03:00:00;5,2; m/s
10-07-2025;03:10:00;5,4; m/s
10-07-2025;03:20:00;5,2; m/s
10-07-2025;03:30:00;5,4; m/s
10-07-2025;03:40:00;4,7; m/s
10-07-2025;03:50:00;4,1; m/s
10-07-2025;04:00:00;4,6; m/s
10-07-2025;04:10:00;5,4; m/s
10-07-2025;04:20:00;5,1; m/s
10-07-2025;04:30:00;3,9; m/s
10-07-2025;04:40:00;4,1; m/s
10-07-2025;04:50:00;4,6; m/s
10-07-2025;05:00:00;4,8; m/s
10-07-2025;05:10:00;5,2; m/s
10-07-2025;05:20:00;5,1; m/s
10-07-2025;05:30:00;4,7; m/s
10-07-2025;05:40:00;3,2; m/s
10-07-2025;05:50:00;3,5; m/s
10-07-2025;06:00:00;3,7; m/s
10-07-2025;06:10:00;3,6; m/s
10-07-2025;06:20:00;3,2; m/s
10-07-2025;06:30:00;2,5; m/s
10-07-2025;06:40:00;2,3; m/s
10-07-2025;06:50:00;3,8; m/s
10-07-2025;07:00:00;3,2; m/s
10-07-2025;07:10:00;3,3; m/s
10-07-2025;07:20:00;3,8; m/s
10-07-2025;07:30:00;3,9; m/s
10-07-2025;07:40:00;2,5; m/s
10-07-2025;07:50:00;3,5; m/s
10-07-2025;08:00:00;2,1; m/s
10-07-2025;08:10:00;2,7; m/s
10-07-2025;08:20:00;2,6; m/s
10-07-2025;08:30:00;3,5; m/s
10-07-2025;08:40:00;2,6; m/s
10-07-2025;08:50:00;2,8; m/s
10-07-2025;09:00:00;2,6; m/s
10-07-2025;09:10:00;2,4; m/s
10-07-2025;09:20:00;3,2; m/s
10-07-2025;09:30:00;3; m/s
10-07-2025;09:40:00;2,9; m/s
10-07-2025;09:50:00;1,9; m/s
10-07-2025;10:00:00;2,8; m/s
10-07-2025;10:10:00;2,5; m/s
10-07-2025;10:20:00;2,6; m/s
10-07-2025;10:30:00;2,3; m/s
10-07-2025;10:40:00;2,3; m/s
10-07-2025;10:50:00;2,2; m/s
10-07-2025;11:00:00;2,3; m/s
10-07-2025;11:10:00;2; m/s
10-07-2025;11:20:00;2,2; m/s
10-07-2025;11:30:00;2; m/s
10-07-2025;11:40:00;1,9; m/s
10-07-2025;11:50:00;1,8; m/s
10-07-2025;12:00:00;2,2; m/s
10-07-2025;12:10:00;2,5; m/s
10-07-2025;12:20:00;2,2; m/s
10-07-2025;12:30:00;3,7; m/s
10-07-2025;12:40:00;3,2; m/s
10-07-2025;12:50:00;2,9; m/s
10-07-2025;13:00:00;4,7; m/s
10-07-2025;13:10:00;5,4; m/s
10-07-2025;13:20:00;5,1; m/s
10-07-2025;13:30:00;5,6; m/s
10-07-2025;13:40:00;5,5; m/s
10-07-2025;13:50:00;5,5; m/s
10-07-2025;14:00:00;5,9; m/s
10-07-2025;14:10:00;5,1; m/s
10-07-2025;14:20:00;5,2; m/s
10-07-2025;14:30:00;5,8; m/s
10-07-2025;14:40:00;6,2; m/s
10-07-2025;14:50:00;5,3; m/s
10-07-2025;15:00:00;4,7; m/s
10-07-2025;15:10:00;5; m/s
10-07-2025;15:20:00;6,4; m/s
10-07-2025;15:30:00;6,6; m/s
10-07-2025;15:40:00;7; m/s
10-07-2025;15:50:00;7,3; m/s
10-07-2025;16:00:00;7,9; m/s
10-07-2025;16:10:00;8,1; m/s
10-07-2025;16:20:00;7,8; m/s
10-07-2025;16:30:00;8; m/s
10-07-2025;16:40:00;8,3; m/s
10-07-2025;16:50:00;8,7; m/s
10-07-2025;17:00:00;8,2; m/s
10-07-2025;17:10:00;8,4; m/s
10-07-2025;17:20:00;8,9; m/s
10-07-2025;17:30:00;8,8; m/s
10-07-2025;17:40:00;8,4; m/s
10-07-2025;17:50:00;8,5; m/s
10-07-2025;18:00:00;8,2; m/s
10-07-2025;18:10:00;8,1; m/s
10-07-2025;18:20:00;8; m/s
10-07-2025;18:30:00;8,5; m/s
10-07-2025;18:40:00;8; m/s
10-07-2025;18:50:00;7,3; m/s
10-07-2025;19:00:00;5,8; m/s
10-07-2025;19:10:00;5,2; m/s
10-07-2025;19:20:00;4,7; m/s
10-07-2025;19:30:00;4,5; m/s
10-07-2025;19:40:00;3,3; m/s
10-07-2025;19:50:00;2,6; m/s
10-07-2025;20:00:00;2,3; m/s
10-07-2025;20:10:00;2,4; m/s
10-07-2025;20:20:00;3,3; m/s
10-07-2025;20:30:00;3,8; m/s
10-07-2025;20:40:00;3,3; m/s
10-07-2025;20:50:00;3,2; m/s
10-07-2025;21:00:00;2,8; m/s
10-07-2025;21:10:00;2,3; m/s
10-07-2025;21:20:00;2,5; m/s
10-07-2025;21:30:00;2,5; m/s
10-07-2025;21:40:00;2,6; m/s
10-07-2025;21:50:00;2,4; m/s
10-07-2025;22:00:00;2,5; m/s
10-07-2025;22:10:00;2,5; m/s
10-07-2025;22:20:00;3,1; m/s
10-07-2025;22:30:00;2; m/s
10-07-2025;22:40:00;2,1; m/s
10-07-2025;22:50:00;1,7; m/s
10-07-2025;23:00:00;2,1; m/s
10-07-2025;23:10:00;1,6; m/s
10-07-2025;23:20:00;1,8; m/s
10-07-2025;23:30:00;2; m/s
10-07-2025;23:40:00;2,2; m/s
10-07-2025;23:50:00;2,3; m/s
11-07-2025;00:00:00;2,1; m/s
11-07-2025;00:10:00;2; m/s
11-07-2025;00:20:00;1,9; m/s
11-07-2025;00:30:00;2,1; m/s
11-07-2025;00:40:00;3,2; m/s
11-07-2025;00:50:00;2,8; m/s
11-07-2025;01:00:00;2,8; m/s
11-07-2025;01:10:00;3,1; m/s
11-07-2025;01:20:00;2,8; m/s
11-07-2025;01:30:00;2,8; m/s
11-07-2025;01:40:00;3,5; m/s
11-07-2025;01:50:00;3,4; m/s
11-07-2025;02:00:00;3,5; m/s
11-07-2025;02:10:00;4; m/s
11-07-2025;02:20:00;4,7; m/s
11-07-2025;02:30:00;4,9; m/s
11-07-2025;02:40:00;3,6; m/s
11-07-2025;02:50:00;4,5; m/s
11-07-2025;03:00:00;5; m/s
11-07-2025;03:10:00;3,9; m/s
11-07-2025;03:20:00;3,8; m/s
11-07-2025;03:30:00;3; m/s
11-07-2025;03:40:00;2,6; m/s
11-07-2025;03:50:00;2,3; m/s
11-07-2025;04:00:00;2; m/s
11-07-2025;04:10:00;2; m/s
11-07-2025;04:20:00;1,7; m/s
11-07-2025;04:30:00;2,3; m/s
11-07-2025;04:40:00;1,7; m/s
11-07-2025;04:50:00;1,5; m/s
11-07-2025;05:00:00;1,5; m/s
11-07-2025;05:10:00;1,5; m/s
11-07-2025;05:20:00;1,4; m/s
11-07-2025;05:30:00;2,2; m/s
11-07-2025;05:40:00;1,5; m/s
11-07-2025;05:50:00;1,5; m/s
11-07-2025;06:00:00;2; m/s
11-07-2025;06:10:00;1,5; m/s
11-07-2025;06:20:00;1,5; m/s
11-07-2025;06:30:00;2,2; m/s
11-07-2025;06:40:00;2,1; m/s
11-07-2025;06:50:00;2,5; m/s
11-07-2025;07:00:00;1,9; m/s
11-07-2025;07:10:00;2,1; m/s
11-07-2025;07:20:00;2,8; m/s
11-07-2025;07:30:00;2,2; m/s
11-07-2025;07:40:00;2,8; m/s
11-07-2025;07:50:00;3; m/s
11-07-2025;08:00:00;3,3; m/s
11-07-2025;08:10:00;2,8; m/s
11-07-2025;08:20:00;1,9; m/s
11-07-2025;08:30:00;1,4; m/s
11-07-2025;08:40:00;2,3; m/s
11-07-2025;08:50:00;2,2; m/s
11-07-2025;09:00:00;2,1; m/s
11-07-2025;09:10:00;2,6; m/s
11-07-2025;09:20:00;2,7; m/s
11-07-2025;09:30:00;2,2; m/s
11-07-2025;09:40:00;1,7; m/s
11-07-2025;09:50:00;2; m/s
11-07-2025;10:00:00;2,2; m/s
11-07-2025;10:10:00;2; m/s
11-07-2025;10:20:00;1,8; m/s
11-07-2025;10:30:00;3,1; m/s
11-07-2025;10:40:00;2,6; m/s
11-07-2025;10:50:00;3,1; m/s
11-07-2025;11:00:00;3,2; m/s
11-07-2025;11:10:00;3,4; m/s
11-07-2025;11:20:00;3,8; m/s
11-07-2025;11:30:00;4,2; m/s
11-07-2025;11:40:00;4,2; m/s
11-07-2025;11:50:00;4,6; m/s
11-07-2025;12:00:00;4,8; m/s
11-07-2025;12:10:00;4,7; m/s
11-07-2025;12:20:00;5,7; m/s
11-07-2025;12:30:00;5,7; m/s
11-07-2025;12:40:00;5,6; m/s
11-07-2025;12:50:00;6,3; m/s
11-07-2025;13:00:00;5,8; m/s
11-07-2025;13:10:00;6,4; m/s
11-07-2025;13:20:00;6,5; m/s
11-07-2025;13:30:00;6; m/s
11-07-2025;13:40:00;6,6; m/s
11-07-2025;13:50:00;7,2; m/s
11-07-2025;14:00:00;7,5; m/s
11-07-2025;14:10:00;7,4; m/s
11-07-2025;14:20:00;6,6; m/s
11-07-2025;14:30:00;6,6; m/s
11-07-2025;14:40:00;6,5; m/s
11-07-2025;14:50:00;7,1; m/s
11-07-2025;15:00:00;7,6; m/s
11-07-2025;15:10:00;7,6; m/s
11-07-2025;15:20:00;7,7; m/s
11-07-2025;15:30:00;7,5; m/s
11-07-2025;15:40:00;8,1; m/s
11-07-2025;15:50:00;7,7; m/s
11-07-2025;16:00:00;7,4; m/s
11-07-2025;16:10:00;8; m/s
11-07-2025;16:20:00;7,7; m/s
11-07-2025;16:30:00;7,9; m/s
11-07-2025;16:40:00;8; m/s
11-07-2025;16:50:00;7,3; m/s
11-07-2025;17:00:00;6,6; m/s
11-07-2025;17:10:00;6,8; m/s
11-07-2025;17:20:00;6,4; m/s
11-07-2025;17:30:00;6,8; m/s
11-07-2025;17:40:00;6,7; m/s
11-07-2025;17:50:00;5,9; m/s
11-07-2025;18:00:00;6,1; m/s
11-07-2025;18:10:00;6,3; m/s
11-07-2025;18:20:00;6,4; m/s
11-07-2025;18:30:00;6,5; m/s
11-07-2025;18:40:00;6,2; m/s
11-07-2025;18:50:00;6,2; m/s
11-07-2025;19:00:00;6,1; m/s
11-07-2025;19:10:00;6,1; m/s
11-07-2025;19:20:00;5,7; m/s
11-07-2025;19:30:00;4,8; m/s
11-07-2025;19:40:00;4,7; m/s
11-07-2025;19:50:00;3,9; m/s
11-07-2025;20:00:00;2,9; m/s
11-07-2025;20:10:00;3,4; m/s
11-07-2025;20:20:00;3,7; m/s
11-07-2025;20:30:00;3,2; m/s
11-07-2025;20:40:00;3,5; m/s
11-07-2025;20:50:00;3,4; m/s
11-07-2025;21:00:00;3,1; m/s
11-07-2025;21:10:00;3,5; m/s
11-07-2025;21:20:00;3,5; m/s
11-07-2025;21:30:00;3,4; m/s
11-07-2025;21:40:00;3,4; m/s
11-07-2025;21:50:00;3,8; m/s
11-07-2025;22:00:00;3; m/s
11-07-2025;22:10:00;3,1; m/s
11-07-2025;22:20:00;2,8; m/s
11-07-2025;22:30:00;2,9; m/s
11-07-2025;22:40:00;3,1; m/s
11-07-2025;22:50:00;2,7; m/s
11-07-2025;23:00:00;2,2; m/s
11-07-2025;23:10:00;2; m/s
11-07-2025;23:20:00;2,1; m/s
11-07-2025;23:30:00;1,5; m/s
11-07-2025;23:40:00;1,5; m/s
11-07-2025;23:50:00;2; m/s
12-07-2025;00:00:00;2,5; m/s
12-07-2025;00:10:00;2,2; m/s
12-07-2025;00:20:00;1,4; m/s
12-07-2025;00:30:00;2; m/s
12-07-2025;00:40:00;2,7; m/s
12-07-2025;00:50:00;2,7; m/s
12-07-2025;01:00:00;2,5; m/s
12-07-2025;01:10:00;2,2; m/s
12-07-2025;01:20:00;1,9; m/s
12-07-2025;01:30:00;1,4; m/s
12-07-2025;01:40:00;2,3; m/s
12-07-2025;01:50:00;2,6; m/s
12-07-2025;02:00:00;2,5; m/s
12-07-2025;02:10:00;2,5; m/s
12-07-2025;02:20:00;1,8; m/s
12-07-2025;02:30:00;1,3; m/s
12-07-2025;02:40:00;1,4; m/s
12-07-2025;02:50:00;1,6; m/s
12-07-2025;03:00:00;1,5; m/s
12-07-2025;03:10:00;1,5; m/s
12-07-2025;03:20:00;1,6; m/s
12-07-2025;03:30:00;1,8; m/s
12-07-2025;03:40:00;1; m/s
12-07-2025;03:50:00;0,4; m/s
12-07-2025;04:00:00;0,1; m/s
12-07-2025;04:10:00;0,8; m/s
12-07-2025;04:20:00;1,4; m/s
12-07-2025;04:30:00;1,8; m/s
12-07-2025;04:40:00;2,9; m/s
12-07-2025;04:50:00;2,6; m/s
12-07-2025;05:00:00;2,4; m/s
12-07-2025;05:10:00;2,4; m/s
12-07-2025;05:20:00;2,4; m/s
12-07-2025;05:30:00;2,1; m/s
12-07-2025;05:40:00;2,1; m/s
12-07-2025;05:50:00;2,5; m/s
12-07-2025;06:00:00;2,4; m/s
12-07-2025;06:10:00;2,3; m/s
12-07-2025;06:20:00;2,3; m/s
12-07-2025;06:30:00;2,5; m/s
12-07-2025;06:40:00;2,5; m/s
12-07-2025;06:50:00;1,9; m/s
12-07-2025;07:00:00;2; m/s
12-07-2025;07:10:00;1,6; m/s
12-07-2025;07:20:00;1,4; m/s
12-07-2025;07:30:00;1,5; m/s
12-07-2025;07:40:00;1,5; m/s
12-07-2025;07:50:00;1,7; m/s
12-07-2025;08:00:00;1,6; m/s
12-07-2025;08:10:00;1,4; m/s
12-07-2025;08:20:00;1,4; m/s
12-07-2025;08:30:00;1,5; m/s
12-07-2025;08:40:00;1,4; m/s
12-07-2025;08:50:00;1,5; m/s
12-07-2025;09:00:00;1,9; m/s
12-07-2025;09:10:00;2; m/s
12-07-2025;09:20:00;2,3; m/s
12-07-2025;09:30:00;2,1; m/s
12-07-2025;09:40:00;2,2; m/s
12-07-2025;09:50:00;1,9; m/s
12-07-2025;10:00:00;2; m/s
12-07-2025;10:10:00;2,1; m/s
12-07-2025;10:20:00;1,7; m/s
12-07-2025;10:30:00;1,8; m/s
12-07-2025;10:40:00;1,9; m/s
12-07-2025;10:50:00;2,1; m/s
12-07-2025;11:00:00;2,1; m/s
12-07-2025;11:10:00;1,9; m/s
12-07-2025;11:20:00;2; m/s
12-07-2025;11:30:00;2,3; m/s
12-07-2025;11:40:00;2,2; m/s
12-07-2025;11:50:00;2,5; m/s
12-07-2025;12:00:00;2,6; m/s
12-07-2025;12:10:00;3,1; m/s
12-07-2025;12:20:00;3; m/s
12-07-2025;12:30:00;3,3; m/s
12-07-2025;12:40:00;3,5; m/s
12-07-2025;12:50:00;3,5; m/s
12-07-2025;13:00:00;3,5; m/s
12-07-2025;13:10:00;3,7; m/s
12-07-2025;13:20:00;3,5; m/s
12-07-2025;13:30:00;3,7; m/s
12-07-2025;13:40:00;4,2; m/s
12-07-2025;13:50:00;4,4; m/s
12-07-2025;14:00:00;4,4; m/s
12-07-2025;14:10:00;4,2; m/s
12-07-2025;14:20:00;4,7; m/s
12-07-2025;14:30:00;5,2; m/s
12-07-2025;14:40:00;5,3; m/s
12-07-2025;14:50:00;5,1; m/s
12-07-2025;15:00:00;4,7; m/s
12-07-2025;15:10:00;4,3; m/s
12-07-2025;15:20:00;4,5; m/s
12-07-2025;15:30:00;4,3; m/s
12-07-2025;15:40:00;4,7; m/s
12-07-2025;15:50:00;4,1; m/s
12-07-2025;16:00:00;3,6; m/s
12-07-2025;16:10:00;4,1; m/s
12-07-2025;16:20:00;3,9; m/s
12-07-2025;16:30:00;4,1; m/s
12-07-2025;16:40:00;5,4; m/s
12-07-2025;16:50:00;5,2; m/s
12-07-2025;17:00:00;5,1; m/s
12-07-2025;17:10:00;6,1; m/s
12-07-2025;17:20:00;5,6; m/s
12-07-2025;17:30:00;5,3; m/s
12-07-2025;17:40:00;3,7; m/s
12-07-2025;17:50:00;4,2; m/s
12-07-2025;18:00:00;3,7; m/s
12-07-2025;18:10:00;3,9; m/s
12-07-2025;18:20:00;3,2; m/s
12-07-2025;18:30:00;3,7; m/s
12-07-2025;18:40:00;5,8; m/s
12-07-2025;18:50:00;5,5; m/s
12-07-2025;19:00:00;4,8; m/s
12-07-2025;19:10:00;4; m/s
12-07-2025;19:20:00;4; m/s
12-07-2025;19:30:00;3,5; m/s
12-07-2025;19:40:00;2,3; m/s
12-07-2025;19:50:00;2,5; m/s
12-07-2025;20:00:00;2,2; m/s
12-07-2025;20:10:00;2,8; m/s
12-07-2025;20:20:00;2,9; m/s
12-07-2025;20:30:00;2,8; m/s
12-07-2025;20:40:00;2,7; m/s
12-07-2025;20:50:00;2,8; m/s
12-07-2025;21:00:00;2,7; m/s
12-07-2025;21:10:00;2,9; m/s
12-07-2025;21:20:00;2,7; m/s
12-07-2025;21:30:00;2,6; m/s
12-07-2025;21:40:00;2,6; m/s
12-07-2025;21:50:00;2,4; m/s
12-07-2025;22:00:00;2,5; m/s
12-07-2025;22:10:00;2,5; m/s
12-07-2025;22:20:00;2,6; m/s
12-07-2025;22:30:00;2,6; m/s
12-07-2025;22:40:00;2,3; m/s
12-07-2025;22:50:00;1,9; m/s
12-07-2025;23:00:00;1,8; m/s
12-07-2025;23:10:00;1,5; m/s
12-07-2025;23:20:00;1,4; m/s
12-07-2025;23:30:00;1,1; m/s
12-07-2025;23:40:00;1,3; m/s
12-07-2025;23:50:00;1,3; m/s
13-07-2025;00:00:00;1,4; m/s
13-07-2025;00:10:00;1,5; m/s
13-07-2025;00:20:00;1,8; m/s
13-07-2025;00:30:00;1,8; m/s
13-07-2025;00:40:00;1,9; m/s
13-07-2025;00:50:00;2,1; m/s
13-07-2025;01:00:00;2,2; m/s
13-07-2025;01:10:00;2,6; m/s
13-07-2025;01:20:00;3; m/s
13-07-2025;01:30:00;3,1; m/s
13-07-2025;01:40:00;3; m/s
13-07-2025;01:50:00;3,3; m/s
13-07-2025;02:00:00;3,2; m/s
13-07-2025;02:10:00;3,4; m/s
13-07-2025;02:20:00;3,3; m/s
13-07-2025;02:30:00;3,2; m/s
13-07-2025;02:40:00;3,2; m/s
13-07-2025;02:50:00;2,7; m/s
13-07-2025;03:00:00;2,5; m/s
13-07-2025;03:10:00;2,5; m/s
13-07-2025;03:20:00;2,5; m/s
13-07-2025;03:30:00;2,4; m/s
13-07-2025;03:40:00;2,3; m/s
13-07-2025;03:50:00;2,9; m/s
13-07-2025;04:00:00;2,8; m/s
13-07-2025;04:10:00;2,6; m/s
13-07-2025;04:20:00;2,6; m/s
13-07-2025;04:30:00;3; m/s
13-07-2025;04:40:00;3,1; m/s
13-07-2025;04:50:00;3,3; m/s
13-07-2025;05:00:00;3,2; m/s
13-07-2025;05:10:00;3,2; m/s
13-07-2025;05:20:00;3; m/s
13-07-2025;05:30:00;3,2; m/s
13-07-2025;05:40:00;3,2; m/s
13-07-2025;05:50:00;2,7; m/s
13-07-2025;06:00:00;2,7; m/s
13-07-2025;06:10:00;2,9; m/s
13-07-2025;06:20:00;2,3; m/s
13-07-2025;06:30:00;2,2; m/s
13-07-2025;06:40:00;2,3; m/s
13-07-2025;06:50:00;2,2; m/s
13-07-2025;07:00:00;2,4; m/s
13-07-2025;07:10:00;2,5; m/s
13-07-2025;07:20:00;2,4; m/s
13-07-2025;07:30:00;2,1; m/s
13-07-2025;07:40:00;2,2; m/s
13-07-2025;07:50:00;1,7; m/s
13-07-2025;08:00:00;1,4; m/s
13-07-2025;08:10:00;1,5; m/s
13-07-2025;08:20:00;1,3; m/s
13-07-2025;08:30:00;1,6; m/s
13-07-2025;08:40:00;1,6; m/s
13-07-2025;08:50:00;2,7; m/s
13-07-2025;09:00:00;2; m/s
13-07-2025;09:10:00;2,1; m/s
13-07-2025;09:20:00;2,3; m/s
13-07-2025;09:30:00;2,2; m/s
13-07-2025;09:40:00;2; m/s
13-07-2025;09:50:00;2,3; m/s
13-07-2025;10:00:00;2; m/s
13-07-2025;10:10:00;1,9; m/s
13-07-2025;10:20:00;1,8; m/s
13-07-2025;10:30:00;1,6; m/s
13-07-2025;10:40:00;1,4; m/s
13-07-2025;10:50:00;1,8; m/s
13-07-2025;11:00:00;1,9; m/s
13-07-2025;11:10:00;1,7; m/s
13-07-2025;11:20:00;1,6; m/s
13-07-2025;11:30:00;2,4; m/s
13-07-2025;11:40:00;3,4; m/s
13-07-2025;11:50:00;2,2; m/s
13-07-2025;12:00:00;2; m/s
13-07-2025;12:10:00;2,4; m/s
13-07-2025;12:20:00;2,7; m/s
13-07-2025;12:30:00;2,5; m/s
13-07-2025;12:40:00;2,8; m/s
13-07-2025;12:50:00;2,4; m/s
13-07-2025;13:00:00;2,2; m/s
13-07-2025;13:10:00;2,5; m/s
13-07-2025;13:20:00;2,4; m/s
13-07-2025;13:30:00;1,9; m/s
13-07-2025;13:40:00;2,1; m/s
13-07-2025;13:50:00;2,5; m/s
13-07-2025;14:00:00;2,3; m/s
13-07-2025;14:10:00;2,2; m/s
13-07-2025;14:20:00;2,3; m/s
13-07-2025;14:30:00;2,1; m/s
13-07-2025;14:40:00;1,8; m/s
13-07-2025;14:50:00;1,6; m/s
13-07-2025;15:00:00;1,2; m/s
13-07-2025;15:10:00;1,7; m/s
13-07-2025;15:20:00;1,7; m/s
13-07-2025;15:30:00;1,6; m/s
13-07-2025;15:40:00;2,1; m/s
13-07-2025;15:50:00;2,3; m/s
13-07-2025;16:00:00;2,9; m/s
13-07-2025;16:10:00;2,6; m/s
13-07-2025;16:20:00;3,3; m/s
13-07-2025;16:30:00;2,8; m/s
13-07-2025;16:40:00;3,4; m/s
13-07-2025;16:50:00;3,1; m/s
13-07-2025;17:00:00;2,8; m/s
13-07-2025;17:10:00;1,7; m/s
13-07-2025;17:20:00;1,6; m/s
13-07-2025;17:30:00;1; m/s
13-07-2025;17:40:00;1; m/s
13-07-2025;17:50:00;1,1; m/s
13-07-2025;18:00:00;1,7; m/s
13-07-2025;18:10:00;1,1; m/s
13-07-2025;18:20:00;1,3; m/s
13-07-2025;18:30:00;1,4; m/s
13-07-2025;18:40:00;1,7; m/s
13-07-2025;18:50:00;1,2; m/s
13-07-2025;19:00:00;1,2; m/s
13-07-2025;19:10:00;1,6; m/s
13-07-2025;19:20:00;1,6; m/s
13-07-2025;19:30:00;2,1; m/s
13-07-2025;19:40:00;2,3; m/s
13-07-2025;19:50:00;2,2; m/s
13-07-2025;20:00:00;2,2; m/s
13-07-2025;20:10:00;2,4; m/s
13-07-2025;20:20:00;1,5; m/s
13-07-2025;20:30:00;1,5; m/s
13-07-2025;20:40:00;1,7; m/s
13-07-2025;20:50:00;0,9; m/s
13-07-2025;21:00:00;0,2; m/s
13-07-2025;21:10:00;1,5; m/s
13-07-2025;21:20:00;1,5; m/s
13-07-2025;21:30:00;1,5; m/s
13-07-2025;21:40:00;1,4; m/s
13-07-2025;21:50:00;2,9; m/s
13-07-2025;22:00:00;2,9; m/s
13-07-2025;22:10:00;2,2; m/s
13-07-2025;22:20:00;3,2; m/s
13-07-2025;22:30:00;2,9; m/s
13-07-2025;22:40:00;2; m/s
13-07-2025;22:50:00;2; m/s
13-07-2025;23:00:00;0,9; m/s
13-07-2025;23:10:00;0,8; m/s
13-07-2025;23:20:00;1,5; m/s
13-07-2025;23:30:00;1,4; m/s
13-07-2025;23:40:00;0,9; m/s
13-07-2025;23:50:00;0,3; m/s
14-07-2025;00:00:00;1,3; m/s
14-07-2025;00:10:00;2; m/s
14-07-2025;00:20:00;2,4; m/s
14-07-2025;00:30:00;2,1; m/s
14-07-2025;00:40:00;2,1; m/s
14-07-2025;00:50:00;2,1; m/s
14-07-2025;01:00:00;2,3; m/s
14-07-2025;01:10:00;2,3; m/s
14-07-2025;01:20:00;2,9; m/s
14-07-2025;01:30:00;3; m/s
14-07-2025;01:40:00;3,1; m/s
14-07-2025;01:50:00;2,7; m/s
14-07-2025;02:00:00;2,8; m/s
14-07-2025;02:10:00;2,6; m/s
14-07-2025;02:20:00;2,7; m/s
14-07-2025;02:30:00;2,6; m/s
14-07-2025;02:40:00;2,5; m/s
14-07-2025;02:50:00;2,2; m/s
14-07-2025;03:00:00;2,2; m/s
14-07-2025;03:10:00;2,6; m/s
14-07-2025;03:20:00;2,9; m/s
14-07-2025;03:30:00;3,1; m/s
14-07-2025;03:40:00;2,7; m/s
14-07-2025;03:50:00;2,6; m/s
14-07-2025;04:00:00;2,2; m/s
14-07-2025;04:10:00;2,2; m/s
14-07-2025;04:20:00;2,7; m/s
14-07-2025;04:30:00;2,5; m/s
14-07-2025;04:40:00;1,7; m/s
14-07-2025;04:50:00;2,2; m/s
14-07-2025;05:00:00;2,6; m/s
14-07-2025;05:10:00;2,4; m/s
14-07-2025;05:20:00;2,4; m/s
14-07-2025;05:30:00;2,5; m/s
14-07-2025;05:40:00;2,4; m/s
14-07-2025;05:50:00;2,4; m/s
14-07-2025;06:00:00;2,3; m/s
14-07-2025;06:10:00;2,6; m/s
14-07-2025;06:20:00;2,8; m/s
14-07-2025;06:30:00;2,7; m/s
14-07-2025;06:40:00;2,9; m/s
14-07-2025;06:50:00;2,9; m/s
14-07-2025;07:00:00;3,2; m/s
14-07-2025;07:10:00;3; m/s
14-07-2025;07:20:00;3,1; m/s
14-07-2025;07:30:00;2,8; m/s
14-07-2025;07:40:00;2,8; m/s
14-07-2025;07:50:00;2,2; m/s
14-07-2025;08:00:00;1,9; m/s
14-07-2025;08:10:00;2,2; m/s
14-07-2025;08:20:00;2,1; m/s
14-07-2025;08:30:00;2,1; m/s
14-07-2025;08:40:00;1,9; m/s
14-07-2025;08:50:00;1,8; m/s
14-07-2025;09:00:00;2,1; m/s
14-07-2025;09:10:00;2; m/s
14-07-2025;09:20:00;2; m/s
14-07-2025;09:30:00;1,9; m/s
14-07-2025;09:40:00;1,8; m/s
14-07-2025;09:50:00;1,9; m/s
14-07-2025;10:00:00;1,5; m/s
14-07-2025;10:10:00;1,5; m/s
14-07-2025;10:20:00;1,6; m/s
14-07-2025;10:30:00;1,9; m/s
14-07-2025;10:40:00;2; m/s
14-07-2025;10:50:00;2; m/s
14-07-2025;11:00:00;1,7; m/s
14-07-2025;11:10:00;1,7; m/s
14-07-2025;11:20:00;2,2; m/s
14-07-2025;11:30:00;2,1; m/s
14-07-2025;11:40:00;2,3; m/s
14-07-2025;11:50:00;2,2; m/s
14-07-2025;12:00:00;2,1; m/s
14-07-2025;12:10:00;2,4; m/s
14-07-2025;12:20:00;2,4; m/s
14-07-2025;12:30:00;2,3; m/s
14-07-2025;12:40:00;2,2; m/s
14-07-2025;12:50:00;2,3; m/s
14-07-2025;13:00:00;2,3; m/s
14-07-2025;13:10:00;2,4; m/s
14-07-2025;13:20:00;2,1; m/s
14-07-2025;13:30:00;2,1; m/s
14-07-2025;13:40:00;2,1; m/s
14-07-2025;13:50:00;3; m/s
14-07-2025;14:00:00;2,6; m/s
14-07-2025;14:10:00;2,5; m/s
14-07-2025;14:20:00;2,5; m/s
14-07-2025;14:30:00;2,5; m/s
14-07-2025;14:40:00;2,2; m/s
14-07-2025;14:50:00;3; m/s
14-07-2025;15:00:00;5,4; m/s
14-07-2025;15:10:00;6,3; m/s
14-07-2025;15:20:00;6,8; m/s
14-07-2025;15:30:00;5,8; m/s
14-07-2025;15:40:00;5,6; m/s
14-07-2025;15:50:00;6,2; m/s
14-07-2025;16:00:00;5,7; m/s
14-07-2025;16:10:00;6,7; m/s
14-07-2025;16:20:00;7,7; m/s
14-07-2025;16:30:00;8,1; m/s
14-07-2025;16:40:00;7,3; m/s
14-07-2025;16:50:00;6,9; m/s
14-07-2025;17:00:00;7,3; m/s
14-07-2025;17:10:00;7,5; m/s
14-07-2025;17:20:00;7,8; m/s
14-07-2025;17:30:00;8,2; m/s
14-07-2025;17:40:00;8,7; m/s
14-07-2025;17:50:00;8,1; m/s
14-07-2025;18:00:00;7,9; m/s
14-07-2025;18:10:00;7,5; m/s
14-07-2025;18:20:00;7,1; m/s
14-07-2025;18:30:00;6,7; m/s
14-07-2025;18:40:00;6,2; m/s
14-07-2025;18:50:00;6,2; m/s
14-07-2025;19:00:00;5,9; m/s
14-07-2025;19:10:00;5,4; m/s
14-07-2025;19:20:00;4,3; m/s
14-07-2025;19:30:00;4,2; m/s
14-07-2025;19:40:00;4,6; m/s
14-07-2025;19:50:00;4,1; m/s
14-07-2025;20:00:00;4; m/s
14-07-2025;20:10:00;3,5; m/s
14-07-2025;20:20:00;2,9; m/s
14-07-2025;20:30:00;4,5; m/s
14-07-2025;20:40:00;5,1; m/s
14-07-2025;20:50:00;4,7; m/s
14-07-2025;21:00:00;4,8; m/s
14-07-2025;21:10:00;6,2; m/s
14-07-2025;21:20:00;5,9; m/s
14-07-2025;21:30:00;4,4; m/s
14-07-2025;21:40:00;4,3; m/s
14-07-2025;21:50:00;4,3; m/s
14-07-2025;22:00:00;3,4; m/s
14-07-2025;22:10:00;3,2; m/s
14-07-2025;22:20:00;2,1; m/s
14-07-2025;22:30:00;1,1; m/s
14-07-2025;22:40:00;1,5; m/s
14-07-2025;22:50:00;1,9; m/s
14-07-2025;23:00:00;2; m/s
14-07-2025;23:10:00;2,5; m/s
14-07-2025;23:20:00;2,5; m/s
14-07-2025;23:30:00;2; m/s
14-07-2025;23:40:00;2,1; m/s
14-07-2025;23:50:00;2,2; m/s
15-07-2025;00:00:00;2,2; m/s
15-07-2025;00:10:00;2,1; m/s
15-07-2025;00:20:00;1,8; m/s
15-07-2025;00:30:00;1; m/s
15-07-2025;00:40:00;2,1; m/s
15-07-2025;00:50:00;2,3; m/s
15-07-2025;01:00:00;2,1; m/s
15-07-2025;01:10:00;1,4; m/s
15-07-2025;01:20:00;1,8; m/s
15-07-2025;01:30:00;1,5; m/s
15-07-2025;01:40:00;2,5; m/s
15-07-2025;01:50:00;1,4; m/s
15-07-2025;02:00:00;2,5; m/s
15-07-2025;02:10:00;1,9; m/s
15-07-2025;02:20:00;2,3; m/s
15-07-2025;02:30:00;2,2; m/s
15-07-2025;02:40:00;2,5; m/s
15-07-2025;02:50:00;2,4; m/s
15-07-2025;03:00:00;2; m/s
15-07-2025;03:10:00;1,5; m/s
15-07-2025;03:20:00;0,9; m/s
15-07-2025;03:30:00;1,1; m/s
15-07-2025;03:40:00;1,4; m/s
15-07-2025;03:50:00;1,3; m/s
15-07-2025;04:00:00;1,3; m/s
15-07-2025;04:10:00;1,3; m/s
15-07-2025;04:20:00;2,2; m/s
15-07-2025;04:30:00;2,3; m/s
15-07-2025;04:40:00;2,2; m/s
15-07-2025;04:50:00;1,9; m/s
15-07-2025;05:00:00;2,8; m/s
15-07-2025;05:10:00;2,4; m/s
15-07-2025;05:20:00;2,5; m/s
15-07-2025;05:30:00;1,6; m/s
15-07-2025;05:40:00;1,1; m/s
15-07-2025;05:50:00;0,9; m/s
15-07-2025;06:00:00;0,4; m/s
15-07-2025;06:10:00;0,2; m/s
15-07-2025;06:20:00;0,4; m/s
15-07-2025;06:30:00;0,8; m/s
15-07-2025;06:40:00;0,7; m/s
15-07-2025;06:50:00;1; m/s
15-07-2025;07:00:00;1,3; m/s
15-07-2025;07:10:00;0,5; m/s
15-07-2025;07:20:00;1,5; m/s
15-07-2025;07:30:00;1,4; m/s
15-07-2025;07:40:00;1,3; m/s
15-07-2025;07:50:00;1,4; m/s
15-07-2025;08:00:00;1,4; m/s
15-07-2025;08:10:00;1,3; m/s
15-07-2025;08:20:00;1,4; m/s
15-07-2025;08:30:00;1,3; m/s
15-07-2025;08:40:00;1,5; m/s
15-07-2025;08:50:00;1,8; m/s
15-07-2025;09:00:00;1,7; m/s
15-07-2025;09:10:00;1,4; m/s
15-07-2025;09:20:00;2,5; m/s
15-07-2025;09:30:00;2,9; m/s
15-07-2025;09:40:00;3,1; m/s
15-07-2025;09:50:00;3,1; m/s
15-07-2025;10:00:00;3,2; m/s
15-07-2025;10:10:00;3,2; m/s
15-07-2025;10:20:00;2,7; m/s
15-07-2025;10:30:00;3; m/s
15-07-2025;10:40:00;3,1; m/s
15-07-2025;10:50:00;3,1; m/s
15-07-2025;11:00:00;3,5; m/s
15-07-2025;11:10:00;4,3; m/s
15-07-2025;11:20:00;4,4; m/s
15-07-2025;11:30:00;4,8; m/s
15-07-2025;11:40:00;5; m/s
15-07-2025;11:50:00;5,4; m/s
15-07-2025;12:00:00;6,1; m/s
15-07-2025;12:10:00;6; m/s
15-07-2025;12:20:00;5,7; m/s
15-07-2025;12:30:00;5,5; m/s
15-07-2025;12:40:00;5,6; m/s
15-07-2025;12:50:00;5,8; m/s
15-07-2025;13:00:00;5,6; m/s
15-07-2025;13:10:00;5,9; m/s
15-07-2025;13:20:00;6,2; m/s
15-07-2025;13:30:00;6,8; m/s
15-07-2025;13:40:00;7,1; m/s
15-07-2025;13:50:00;7,4; m/s
15-07-2025;14:00:00;7,3; m/s
15-07-2025;14:10:00;6,8; m/s
15-07-2025;14:20:00;7; m/s
15-07-2025;14:30:00;6,8; m/s
15-07-2025;14:40:00;6,5; m/s
15-07-2025;14:50:00;6,9; m/s
15-07-2025;15:00:00;7,4; m/s
15-07-2025;15:10:00;7,7; m/s
15-07-2025;15:20:00;8,2; m/s
15-07-2025;15:30:00;7; m/s
15-07-2025;15:40:00;7,2; m/s
15-07-2025;15:50:00;7,2; m/s
15-07-2025;16:00:00;7,4; m/s
15-07-2025;16:10:00;7,7; m/s
15-07-2025;16:20:00;7,4; m/s
15-07-2025;16:30:00;7,4; m/s
15-07-2025;16:40:00;7; m/s
15-07-2025;16:50:00;6,9; m/s
15-07-2025;17:00:00;6,8; m/s
15-07-2025;17:10:00;7,1; m/s
15-07-2025;17:20:00;7,2; m/s
15-07-2025;17:30:00;7,1; m/s
15-07-2025;17:40:00;6,9; m/s
15-07-2025;17:50:00;7,3; m/s
15-07-2025;18:00:00;7,5; m/s
15-07-2025;18:10:00;7,8; m/s
15-07-2025;18:20:00;7,8; m/s
15-07-2025;18:30:00;7,1; m/s
15-07-2025;18:40:00;5,6; m/s
15-07-2025;18:50:00;6; m/s
15-07-2025;19:00:00;6,6; m/s
15-07-2025;19:10:00;7; m/s
15-07-2025;19:20:00;6,9; m/s
15-07-2025;19:30:00;6; m/s
15-07-2025;19:40:00;4,2; m/s
15-07-2025;19:50:00;5,1; m/s
15-07-2025;20:00:00;2,9; m/s
15-07-2025;20:10:00;3,5; m/s
15-07-2025;20:20:00;3,6; m/s
15-07-2025;20:30:00;2,6; m/s
15-07-2025;20:40:00;3,5; m/s
15-07-2025;20:50:00;2; m/s
15-07-2025;21:00:00;1,9; m/s
15-07-2025;21:10:00;2; m/s
15-07-2025;21:20:00;2,3; m/s
15-07-2025;21:30:00;3,9; m/s
15-07-2025;21:40:00;3,8; m/s
15-07-2025;21:50:00;3; m/s
15-07-2025;22:00:00;2,8; m/s
15-07-2025;22:10:00;2,4; m/s
15-07-2025;22:20:00;2,3; m/s
15-07-2025;22:30:00;2,7; m/s
15-07-2025;22:40:00;2,8; m/s
15-07-2025;22:50:00;2,9; m/s
15-07-2025;23:00:00;2,9; m/s
15-07-2025;23:10:00;3,2; m/s
15-07-2025;23:20:00;3; m/s
15-07-2025;23:30:00;3,3; m/s
15-07-2025;23:40:00;3,4; m/s
15-07-2025;23:50:00;2,7; m/s
16-07-2025;00:00:00;2,8; m/s
16-07-2025;00:10:00;2,4; m/s
16-07-2025;00:20:00;2; m/s
16-07-2025;00:30:00;2,4; m/s
16-07-2025;00:40:00;1,3; m/s
16-07-2025;00:50:00;1; m/s
16-07-2025;01:00:00;0,9; m/s
16-07-2025;01:10:00;0,9; m/s
16-07-2025;01:20:00;0,9; m/s
16-07-2025;01:30:00;1,4; m/s
16-07-2025;01:40:00;1,8; m/s
16-07-2025;01:50:00;1,8; m/s
16-07-2025;02:00:00;1,1; m/s
16-07-2025;02:10:00;0,8; m/s
16-07-2025;02:20:00;0,7; m/s
16-07-2025;02:30:00;0,3; m/s
16-07-2025;02:40:00;0,9; m/s
16-07-2025;02:50:00;0,6; m/s
16-07-2025;03:00:00;0,7; m/s
16-07-2025;03:10:00;1,2; m/s
16-07-2025;03:20:00;1,3; m/s
16-07-2025;03:30:00;1,6; m/s
16-07-2025;03:40:00;2; m/s
16-07-2025;03:50:00;1,9; m/s
16-07-2025;04:00:00;2,7; m/s
16-07-2025;04:10:00;2,4; m/s
16-07-2025;04:20:00;2; m/s
16-07-2025;04:30:00;2,7; m/s
16-07-2025;04:40:00;2,8; m/s
16-07-2025;04:50:00;2; m/s
16-07-2025;05:00:00;2,2; m/s
16-07-2025;05:10:00;2,4; m/s
16-07-2025;05:20:00;2,5; m/s
16-07-2025;05:30:00;2,3; m/s
16-07-2025;05:40:00;2; m/s
16-07-2025;05:50:00;3; m/s
16-07-2025;06:00:00;2,3; m/s
16-07-2025;06:10:00;2; m/s
16-07-2025;06:20:00;1,7; m/s
16-07-2025;06:30:00;1,9; m/s
16-07-2025;06:40:00;2; m/s
16-07-2025;06:50:00;2,1; m/s
16-07-2025;07:00:00;2,7; m/s
16-07-2025;07:10:00;2,2; m/s
16-07-2025;07:20:00;1,5; m/s
16-07-2025;07:30:00;1,1; m/s
16-07-2025;07:40:00;1,3; m/s
16-07-2025;07:50:00;1,4; m/s
16-07-2025;08:00:00;1,8; m/s
16-07-2025;08:10:00;2; m/s
16-07-2025;08:20:00;2; m/s
16-07-2025;08:30:00;1,5; m/s
16-07-2025;08:40:00;1,4; m/s
16-07-2025;08:50:00;1,1; m/s
16-07-2025;09:00:00;1,3; m/s
16-07-2025;09:10:00;1,3; m/s
16-07-2025;09:20:00;1,5; m/s
16-07-2025;09:30:00;2,2; m/s
16-07-2025;09:40:00;2,4; m/s
16-07-2025;09:50:00;2,3; m/s
16-07-2025;10:00:00;2; m/s
16-07-2025;10:10:00;2; m/s
16-07-2025;10:20:00;1,6; m/s
16-07-2025;10:30:00;2; m/s
16-07-2025;10:40:00;1,8; m/s
16-07-2025;10:50:00;1,8; m/s
16-07-2025;11:00:00;2; m/s
16-07-2025;11:10:00;2,3; m/s
16-07-2025;11:20:00;2,4; m/s
16-07-2025;11:30:00;2,4; m/s
16-07-2025;11:40:00;2,4; m/s
16-07-2025;11:50:00;3,7; m/s
16-07-2025;12:00:00;3,4; m/s
16-07-2025;12:10:00;2,7; m/s
16-07-2025;12:20:00;2,8; m/s
16-07-2025;12:30:00;2,9; m/s
16-07-2025;12:40:00;2,7; m/s
16-07-2025;12:50:00;2,8; m/s
16-07-2025;13:00:00;2,6; m/s
16-07-2025;13:10:00;2,8; m/s
16-07-2025;13:20:00;2,6; m/s
16-07-2025;13:30:00;2,8; m/s
16-07-2025;13:40:00;2,5; m/s
16-07-2025;13:50:00;2,4; m/s
16-07-2025;14:00:00;3; m/s
16-07-2025;14:10:00;3,5; m/s
16-07-2025;14:20:00;3,2; m/s
16-07-2025;14:30:00;2,4; m/s
16-07-2025;14:40:00;2,3; m/s
16-07-2025;14:50:00;2,4; m/s
16-07-2025;15:00:00;2,4; m/s
16-07-2025;15:10:00;2,4; m/s
16-07-2025;15:20:00;2,6; m/s
16-07-2025;15:30:00;3,5; m/s
16-07-2025;15:40:00;3,5; m/s
16-07-2025;15:50:00;3,6; m/s
16-07-2025;16:00:00;4; m/s
16-07-2025;16:10:00;4,5; m/s
16-07-2025;16:20:00;5,6; m/s
16-07-2025;16:30:00;5,5; m/s
16-07-2025;16:40:00;5,7; m/s
16-07-2025;16:50:00;6,4; m/s
16-07-2025;17:00:00;6,6; m/s
16-07-2025;17:10:00;6,6; m/s
16-07-2025;17:20:00;6,6; m/s
16-07-2025;17:30:00;7; m/s
16-07-2025;17:40:00;6,7; m/s
16-07-2025;17:50:00;6,2; m/s
16-07-2025;18:00:00;6,2; m/s
16-07-2025;18:10:00;6,4; m/s
16-07-2025;18:20:00;6,3; m/s
16-07-2025;18:30:00;6,4; m/s
16-07-2025;18:40:00;5,8; m/s
16-07-2025;18:50:00;5,7; m/s
16-07-2025;19:00:00;5,3; m/s
16-07-2025;19:10:00;4,6; m/s
16-07-2025;19:20:00;2,4; m/s
16-07-2025;19:30:00;3,1; m/s
16-07-2025;19:40:00;4; m/s
16-07-2025;19:50:00;3,2; m/s
16-07-2025;20:00:00;3,1; m/s
16-07-2025;20:10:00;3,3; m/s
16-07-2025;20:20:00;3; m/s
16-07-2025;20:30:00;2,3; m/s
16-07-2025;20:40:00;1,7; m/s
16-07-2025;20:50:00;2,9; m/s
16-07-2025;21:00:00;3,1; m/s
16-07-2025;21:10:00;2,4; m/s
16-07-2025;21:20:00;2,8; m/s
16-07-2025;21:30:00;2,3; m/s
16-07-2025;21:40:00;3,4; m/s
16-07-2025;21:50:00;4,7; m/s
16-07-2025;22:00:00;3,9; m/s
16-07-2025;22:10:00;5,1; m/s
16-07-2025;22:20:00;5,4; m/s
16-07-2025;22:30:00;5,2; m/s
16-07-2025;22:40:00;4,1; m/s
16-07-2025;22:50:00;4,3; m/s
16-07-2025;23:00:00;4,9; m/s
16-07-2025;23:10:00;4,3; m/s
16-07-2025;23:20:00;4,6; m/s
16-07-2025;23:30:00;4,8; m/s
16-07-2025;23:40:00;4,8; m/s
16-07-2025;23:50:00;4,6; m/s
17-07-2025;00:00:00;4,3; m/s
17-07-2025;00:10:00;4; m/s
17-07-2025;00:20:00;3,5; m/s
17-07-2025;00:30:00;3,4; m/s
17-07-2025;00:40:00;2,9; m/s
17-07-2025;00:50:00;2,6; m/s
17-07-2025;01:00:00;2,7; m/s
17-07-2025;01:10:00;2,6; m/s
17-07-2025;01:20:00;3; m/s
17-07-2025;01:30:00;2,5; m/s
17-07-2025;01:40:00;2,1; m/s
17-07-2025;01:50:00;2,3; m/s
17-07-2025;02:00:00;2,4; m/s
17-07-2025;02:10:00;2,2; m/s
17-07-2025;02:20:00;1,9; m/s
17-07-2025;02:30:00;1,8; m/s
17-07-2025;02:40:00;1,7; m/s
17-07-2025;02:50:00;1,8; m/s
17-07-2025;03:00:00;1,7; m/s
17-07-2025;03:10:00;1,7; m/s
17-07-2025;03:20:00;1,6; m/s
17-07-2025;03:30:00;1,6; m/s
17-07-2025;03:40:00;1,5; m/s
17-07-2025;03:50:00;2,2; m/s
17-07-2025;04:00:00;2,5; m/s
17-07-2025;04:10:00;2,6; m/s
17-07-2025;04:20:00;1,4; m/s
17-07-2025;04:30:00;1,8; m/s
17-07-2025;04:40:00;2,3; m/s
17-07-2025;04:50:00;2,1; m/s
17-07-2025;05:00:00;2,9; m/s
17-07-2025;05:10:00;3,3; m/s
17-07-2025;05:20:00;3; m/s
17-07-2025;05:30:00;2,6; m/s
17-07-2025;05:40:00;2,6; m/s
17-07-2025;05:50:00;2,6; m/s
17-07-2025;06:00:00;1,7; m/s
17-07-2025;06:10:00;1,6; m/s
17-07-2025;06:20:00;2,1; m/s
17-07-2025;06:30:00;1,8; m/s
17-07-2025;06:40:00;1,6; m/s
17-07-2025;06:50:00;1,3; m/s
17-07-2025;07:00:00;1; m/s
17-07-2025;07:10:00;1,2; m/s
17-07-2025;07:20:00;1,3; m/s
17-07-2025;07:30:00;1,2; m/s
17-07-2025;07:40:00;1,1; m/s
17-07-2025;07:50:00;1,2; m/s
17-07-2025;08:00:00;1,6; m/s
17-07-2025;08:10:00;1,7; m/s
17-07-2025;08:20:00;1,8; m/s
17-07-2025;08:30:00;2; m/s
17-07-2025;08:40:00;1,6; m/s
17-07-2025;08:50:00;1,9; m/s
17-07-2025;09:00:00;1,7; m/s
17-07-2025;09:10:00;1,7; m/s
17-07-2025;09:20:00;1,8; m/s
17-07-2025;09:30:00;1,7; m/s
17-07-2025;09:40:00;1,8; m/s
17-07-2025;09:50:00;2; m/s
17-07-2025;10:00:00;2; m/s
17-07-2025;10:10:00;2; m/s
17-07-2025;10:20:00;2,3; m/s
17-07-2025;10:30:00;2,3; m/s
17-07-2025;10:40:00;2,5; m/s
17-07-2025;10:50:00;3; m/s
17-07-2025;11:00:00;2,2; m/s
17-07-2025;11:10:00;2,4; m/s
17-07-2025;11:20:00;2,6; m/s
17-07-2025;11:30:00;2,3; m/s
17-07-2025;11:40:00;2,7; m/s
17-07-2025;11:50:00;3,2; m/s
17-07-2025;12:00:00;2,8; m/s
17-07-2025;12:10:00;2,6; m/s
17-07-2025;12:20:00;2,8; m/s
17-07-2025;12:30:00;3,1; m/s
17-07-2025;12:40:00;3,1; m/s
17-07-2025;12:50:00;3,4; m/s
17-07-2025;13:00:00;3,6; m/s
17-07-2025;13:10:00;3,8; m/s
17-07-2025;13:20:00;4; m/s
17-07-2025;13:30:00;4,8; m/s
17-07-2025;13:40:00;5,3; m/s
17-07-2025;13:50:00;4,3; m/s
17-07-2025;14:00:00;3,9; m/s
17-07-2025;14:10:00;4,1; m/s
17-07-2025;14:20:00;3,9; m/s
17-07-2025;14:30:00;4,4; m/s
17-07-2025;14:40:00;4,4; m/s
17-07-2025;14:50:00;4,2; m/s
17-07-2025;15:00:00;4,2; m/s
17-07-2025;15:10:00;4,2; m/s
17-07-2025;15:20:00;4,1; m/s
17-07-2025;15:30:00;4,7; m/s
17-07-2025;15:40:00;4,7; m/s
17-07-2025;15:50:00;4,8; m/s
17-07-2025;16:00:00;5; m/s
17-07-2025;16:10:00;5; m/s
17-07-2025;16:20:00;4,6; m/s
17-07-2025;16:30:00;5,6; m/s
17-07-2025;16:40:00;5,7; m/s
17-07-2025;16:50:00;5,5; m/s
17-07-2025;17:00:00;6,2; m/s
17-07-2025;17:10:00;6,4; m/s
17-07-2025;17:20:00;7; m/s
17-07-2025;17:30:00;6,2; m/s
17-07-2025;17:40:00;6,3; m/s
17-07-2025;17:50:00;5,3; m/s
17-07-2025;18:00:00;4,4; m/s
17-07-2025;18:10:00;5,1; m/s
17-07-2025;18:20:00;5; m/s
17-07-2025;18:30:00;3,8; m/s
17-07-2025;18:40:00;4; m/s
17-07-2025;18:50:00;3,3; m/s
17-07-2025;19:00:00;3; m/s
17-07-2025;19:10:00;4,1; m/s
17-07-2025;19:20:00;3,9; m/s
17-07-2025;19:30:00;3,6; m/s
17-07-2025;19:40:00;3,4; m/s
17-07-2025;19:50:00;2,8; m/s
17-07-2025;20:00:00;2,6; m/s
17-07-2025;20:10:00;2,3; m/s
17-07-2025;20:20:00;2,4; m/s
17-07-2025;20:30:00;3,4; m/s
17-07-2025;20:40:00;2,6; m/s
17-07-2025;20:50:00;2,1; m/s
17-07-2025;21:00:00;3,3; m/s
17-07-2025;21:10:00;4,1; m/s
17-07-2025;21:20:00;3,5; m/s
17-07-2025;21:30:00;3,3; m/s
17-07-2025;21:40:00;2,7; m/s
17-07-2025;21:50:00;2,4; m/s
17-07-2025;22:00:00;2,6; m/s
17-07-2025;22:10:00;2,4; m/s
17-07-2025;22:20:00;2,6; m/s
17-07-2025;22:30:00;3,2; m/s
17-07-2025;22:40:00;2,4; m/s
17-07-2025;22:50:00;2,9; m/s
17-07-2025;23:00:00;3,3; m/s
17-07-2025;23:10:00;2,8; m/s
17-07-2025;23:20:00;2,9; m/s
17-07-2025;23:30:00;2,3; m/s
17-07-2025;23:40:00;1,8; m/s
17-07-2025;23:50:00;2; m/s
18-07-2025;00:00:00;2,9; m/s
18-07-2025;00:10:00;2,5; m/s
18-07-2025;00:20:00;2,6; m/s
18-07-2025;00:30:00;2,8; m/s
18-07-2025;00:40:00;2,5; m/s
18-07-2025;00:50:00;2,8; m/s
18-07-2025;01:00:00;3,1; m/s
18-07-2025;01:10:00;3,3; m/s
18-07-2025;01:20:00;3,4; m/s
18-07-2025;01:30:00;4,1; m/s
18-07-2025;01:40:00;4,2; m/s
18-07-2025;01:50:00;3,6; m/s
18-07-2025;02:00:00;3,2; m/s
18-07-2025;02:10:00;3,1; m/s
18-07-2025;02:20:00;2,2; m/s
18-07-2025;02:30:00;3,3; m/s
18-07-2025;02:40:00;2,9; m/s
18-07-2025;02:50:00;3,9; m/s
18-07-2025;03:00:00;3,8; m/s
18-07-2025;03:10:00;4,6; m/s
18-07-2025;03:20:00;4,1; m/s
18-07-2025;03:30:00;4,3; m/s
18-07-2025;03:40:00;4,7; m/s
18-07-2025;03:50:00;4,3; m/s
18-07-2025;04:00:00;4,1; m/s
18-07-2025;04:10:00;4,1; m/s
18-07-2025;04:20:00;4,7; m/s
18-07-2025;04:30:00;4,5; m/s
18-07-2025;04:40:00;4,1; m/s
18-07-2025;04:50:00;3,7; m/s
18-07-2025;05:00:00;4; m/s
18-07-2025;05:10:00;2,9; m/s
18-07-2025;05:20:00;4,2; m/s
18-07-2025;05:30:00;4; m/s
18-07-2025;05:40:00;4,1; m/s
18-07-2025;05:50:00;3,7; m/s
18-07-2025;06:00:00;4; m/s
18-07-2025;06:10:00;2,9; m/s
18-07-2025;06:20:00;3,5; m/s
18-07-2025;06:30:00;4,3; m/s
18-07-2025;06:40:00;4,3; m/s
18-07-2025;06:50:00;4,2; m/s
18-07-2025;07:00:00;4; m/s
18-07-2025;07:10:00;3; m/s
18-07-2025;07:20:00;2,6; m/s
18-07-2025;07:30:00;3,1; m/s
18-07-2025;07:40:00;2,7; m/s
18-07-2025;07:50:00;4,2; m/s
18-07-2025;08:00:00;2,2; m/s
18-07-2025;08:10:00;1,7; m/s
18-07-2025;08:20:00;2; m/s
18-07-2025;08:30:00;2,3; m/s
18-07-2025;08:40:00;2,5; m/s
18-07-2025;08:50:00;1,9; m/s
18-07-2025;09:00:00;2,9; m/s
18-07-2025;09:10:00;2,5; m/s
18-07-2025;09:20:00;2,5; m/s
18-07-2025;09:30:00;2; m/s
18-07-2025;09:40:00;2,3; m/s
18-07-2025;09:50:00;2; m/s
18-07-2025;10:00:00;1,9; m/s
18-07-2025;10:10:00;1,8; m/s
18-07-2025;10:20:00;1,6; m/s
18-07-2025;10:30:00;1,5; m/s
18-07-2025;10:40:00;1,6; m/s
18-07-2025;10:50:00;1,8; m/s
18-07-2025;11:00:00;1,5; m/s
18-07-2025;11:10:00;1,8; m/s
18-07-2025;11:20:00;1,5; m/s
18-07-2025;11:30:00;1,5; m/s
18-07-2025;11:40:00;1,8; m/s
18-07-2025;11:50:00;2; m/s
18-07-2025;12:00:00;2,2; m/s
18-07-2025;12:10:00;3,8; m/s
18-07-2025;12:20:00;3,7; m/s
18-07-2025;12:30:00;3,6; m/s
18-07-2025;12:40:00;3,6; m/s
18-07-2025;12:50:00;3,9; m/s
18-07-2025;13:00:00;4,1; m/s
18-07-2025;13:10:00;4,4; m/s
18-07-2025;13:20:00;4,8; m/s
18-07-2025;13:30:00;3,9; m/s
18-07-2025;13:40:00;4,4; m/s
18-07-2025;13:50:00;4,4; m/s
18-07-2025;14:00:00;4,5; m/s
18-07-2025;14:10:00;4,4; m/s
18-07-2025;14:20:00;4,6; m/s
18-07-2025;14:30:00;5,7; m/s
18-07-2025;14:40:00;4,8; m/s
18-07-2025;14:50:00;4,7; m/s
18-07-2025;15:00:00;4,8; m/s
18-07-2025;15:10:00;5,4; m/s
18-07-2025;15:20:00;5,4; m/s
18-07-2025;15:30:00;5,3; m/s
18-07-2025;15:40:00;5,1; m/s
18-07-2025;15:50:00;5; m/s
18-07-2025;16:00:00;5,2; m/s
18-07-2025;16:10:00;5,9; m/s
18-07-2025;16:20:00;5,8; m/s
18-07-2025;16:30:00;8,3; m/s
18-07-2025;16:40:00;8; m/s
18-07-2025;16:50:00;9; m/s
18-07-2025;17:00:00;8,8; m/s
18-07-2025;17:10:00;8,1; m/s
18-07-2025;17:20:00;8,1; m/s
18-07-2025;17:30:00;8,2; m/s
18-07-2025;17:40:00;7,8; m/s
18-07-2025;17:50:00;7,9; m/s
18-07-2025;18:00:00;8; m/s
18-07-2025;18:10:00;7,7; m/s
18-07-2025;18:20:00;7,3; m/s
18-07-2025;18:30:00;6,9; m/s
18-07-2025;18:40:00;7; m/s
18-07-2025;18:50:00;6,1; m/s
18-07-2025;19:00:00;5,2; m/s
18-07-2025;19:10:00;4,3; m/s
18-07-2025;19:20:00;3,8; m/s
18-07-2025;19:30:00;4,4; m/s
18-07-2025;19:40:00;4,5; m/s
18-07-2025;19:50:00;4,5; m/s
18-07-2025;20:00:00;4,5; m/s
18-07-2025;20:10:00;4; m/s
18-07-2025;20:20:00;3,8; m/s
18-07-2025;20:30:00;3,8; m/s
18-07-2025;20:40:00;3,6; m/s
18-07-2025;20:50:00;3,7; m/s
18-07-2025;21:00:00;4,1; m/s
18-07-2025;21:10:00;4,1; m/s
18-07-2025;21:20:00;3,7; m/s
18-07-2025;21:30:00;4,1; m/s
18-07-2025;21:40:00;4,2; m/s
18-07-2025;21:50:00;4; m/s
18-07-2025;22:00:00;3,6; m/s
18-07-2025;22:10:00;3,6; m/s
18-07-2025;22:20:00;2,8; m/s
18-07-2025;22:30:00;2,1; m/s
18-07-2025;22:40:00;1,6; m/s
18-07-2025;22:50:00;1; m/s
18-07-2025;23:00:00;1; m/s
18-07-2025;23:10:00;0,6; m/s
18-07-2025;23:20:00;0,8; m/s
18-07-2025;23:30:00;0,5; m/s
18-07-2025;23:40:00;1,2; m/s
18-07-2025;23:50:00;1,5; m/s
19-07-2025;00:00:00;1,9; m/s
19-07-2025;00:10:00;1,9; m/s
19-07-2025;00:20:00;2,2; m/s
19-07-2025;00:30:00;2; m/s
19-07-2025;00:40:00;1,8; m/s
19-07-2025;00:50:00;1,6; m/s
19-07-2025;01:00:00;1,7; m/s
19-07-2025;01:10:00;1; m/s
19-07-2025;01:20:00;0,9; m/s
19-07-2025;01:30:00;1,4; m/s
19-07-2025;01:40:00;1,5; m/s
19-07-2025;01:50:00;1,8; m/s
19-07-2025;02:00:00;1,6; m/s
19-07-2025;02:10:00;1,6; m/s
19-07-2025;02:20:00;1,7; m/s
19-07-2025;02:30:00;1,6; m/s
19-07-2025;02:40:00;1,4; m/s
19-07-2025;02:50:00;1,2; m/s
19-07-2025;03:00:00;1,1; m/s
19-07-2025;03:10:00;1,6; m/s
19-07-2025;03:20:00;1,3; m/s
19-07-2025;03:30:00;1,2; m/s
19-07-2025;03:40:00;1,2; m/s
19-07-2025;03:50:00;1,2; m/s
19-07-2025;04:00:00;1,2; m/s
19-07-2025;04:10:00;1,2; m/s
19-07-2025;04:20:00;1,3; m/s
19-07-2025;04:30:00;1,4; m/s
19-07-2025;04:40:00;1,7; m/s
19-07-2025;04:50:00;1,9; m/s
19-07-2025;05:00:00;1,6; m/s
19-07-2025;05:10:00;1,2; m/s
19-07-2025;05:20:00;1,4; m/s
19-07-2025;05:30:00;2; m/s
19-07-2025;05:40:00;2,2; m/s
19-07-2025;05:50:00;2,1; m/s
19-07-2025;06:00:00;2,7; m/s
19-07-2025;06:10:00;2,3; m/s
19-07-2025;06:20:00;1,9; m/s
19-07-2025;06:30:00;2; m/s
19-07-2025;06:40:00;1,8; m/s
19-07-2025;06:50:00;1,6; m/s
19-07-2025;07:00:00;1,3; m/s
19-07-2025;07:10:00;1,3; m/s
19-07-2025;07:20:00;1,2; m/s
19-07-2025;07:30:00;1,4; m/s
19-07-2025;07:40:00;1,5; m/s
19-07-2025;07:50:00;1,8; m/s
19-07-2025;08:00:00;1,8; m/s
19-07-2025;08:10:00;1,8; m/s
19-07-2025;08:20:00;1,9; m/s
19-07-2025;08:30:00;2; m/s
19-07-2025;08:40:00;2,2; m/s
19-07-2025;08:50:00;2,2; m/s
19-07-2025;09:00:00;2,5; m/s
19-07-2025;09:10:00;1,9; m/s
19-07-2025;09:20:00;1,7; m/s
19-07-2025;09:30:00;1,9; m/s
19-07-2025;09:40:00;2; m/s
19-07-2025;09:50:00;1,8; m/s
19-07-2025;10:00:00;1,7; m/s
19-07-2025;10:10:00;1,8; m/s
19-07-2025;10:20:00;2; m/s
19-07-2025;10:30:00;1,9; m/s
19-07-2025;10:40:00;1,9; m/s
19-07-2025;10:50:00;2,3; m/s
19-07-2025;11:00:00;2,1; m/s
19-07-2025;11:10:00;2,6; m/s
19-07-2025;11:20:00;2,7; m/s
19-07-2025;11:30:00;3; m/s
19-07-2025;11:40:00;3,4; m/s
19-07-2025;11:50:00;3,2; m/s
19-07-2025;12:00:00;2,3; m/s
19-07-2025;12:10:00;3,5; m/s
19-07-2025;12:20:00;3,8; m/s
19-07-2025;12:30:00;2,9; m/s
19-07-2025;12:40:00;2,8; m/s
19-07-2025;12:50:00;3,1; m/s
19-07-2025;13:00:00;2,6; m/s
19-07-2025;13:10:00;3,7; m/s
19-07-2025;13:20:00;3,2; m/s
19-07-2025;13:30:00;3; m/s
19-07-2025;13:40:00;3,9; m/s
19-07-2025;13:50:00;4,3; m/s
19-07-2025;14:00:00;3,6; m/s
19-07-2025;14:10:00;3,4; m/s
19-07-2025;14:20:00;3,5; m/s
19-07-2025;14:30:00;3,7; m/s
19-07-2025;14:40:00;3,5; m/s
19-07-2025;14:50:00;3,1; m/s
19-07-2025;15:00:00;2,5; m/s
19-07-2025;15:10:00;2,6; m/s
19-07-2025;15:20:00;3,3; m/s
19-07-2025;15:30:00;3; m/s
19-07-2025;15:40:00;2,3; m/s
19-07-2025;15:50:00;2,5; m/s
19-07-2025;16:00:00;2,2; m/s
19-07-2025;16:10:00;2,5; m/s
19-07-2025;16:20:00;2,8; m/s
19-07-2025;16:30:00;2,5; m/s
19-07-2025;16:40:00;2,4; m/s
19-07-2025;16:50:00;3,1; m/s
19-07-2025;17:00:00;4,3; m/s
19-07-2025;17:10:00;3,4; m/s
19-07-2025;17:20:00;2,9; m/s
19-07-2025;17:30:00;2,8; m/s
19-07-2025;17:40:00;2,6; m/s
19-07-2025;17:50:00;2,8; m/s
19-07-2025;18:00:00;1,7; m/s
19-07-2025;18:10:00;2,9; m/s
19-07-2025;18:20:00;3,2; m/s
19-07-2025;18:30:00;3,1; m/s
19-07-2025;18:40:00;3,4; m/s
19-07-2025;18:50:00;2,9; m/s
19-07-2025;19:00:00;2,5; m/s
19-07-2025;19:10:00;2,5; m/s
19-07-2025;19:20:00;3,2; m/s
19-07-2025;19:30:00;3,2; m/s
19-07-2025;19:40:00;2,9; m/s
19-07-2025;19:50:00;1,8; m/s
19-07-2025;20:00:00;1,9; m/s
19-07-2025;20:10:00;2,1; m/s
19-07-2025;20:20:00;2,2; m/s
19-07-2025;20:30:00;2,5; m/s
19-07-2025;20:40:00;2,6; m/s
19-07-2025;20:50:00;2,6; m/s
19-07-2025;21:00:00;3,2; m/s
19-07-2025;21:10:00;2,9; m/s
19-07-2025;21:20:00;2,4; m/s
19-07-2025;21:30:00;1,9; m/s
19-07-2025;21:40:00;2,4; m/s
19-07-2025;21:50:00;2,8; m/s
19-07-2025;22:00:00;2,3; m/s
19-07-2025;22:10:00;2; m/s
19-07-2025;22:20:00;2; m/s
19-07-2025;22:30:00;1,6; m/s
19-07-2025;22:40:00;1,2; m/s
19-07-2025;22:50:00;1,2; m/s
19-07-2025;23:00:00;1,3; m/s
19-07-2025;23:10:00;1,8; m/s
19-07-2025;23:20:00;2; m/s
19-07-2025;23:30:00;1,8; m/s
19-07-2025;23:40:00;2,2; m/s
19-07-2025;23:50:00;1,9; m/s
20-07-2025;00:00:00;2,1; m/s
20-07-2025;00:10:00;2,3; m/s
20-07-2025;00:20:00;2,3; m/s
20-07-2025;00:30:00;2,5; m/s
20-07-2025;00:40:00;2,1; m/s
20-07-2025;00:50:00;2,2; m/s
20-07-2025;01:00:00;2,1; m/s
20-07-2025;01:10:00;2,2; m/s
20-07-2025;01:20:00;1,5; m/s
20-07-2025;01:30:00;1,7; m/s
20-07-2025;01:40:00;1,8; m/s
20-07-2025;01:50:00;1,9; m/s
20-07-2025;02:00:00;2,1; m/s
20-07-2025;02:10:00;2,1; m/s
20-07-2025;02:20:00;2,1; m/s
20-07-2025;02:30:00;2; m/s
20-07-2025;02:40:00;2; m/s
20-07-2025;02:50:00;1,7; m/s
20-07-2025;03:00:00;2,3; m/s
20-07-2025;03:10:00;2,4; m/s
20-07-2025;03:20:00;2,1; m/s
20-07-2025;03:30:00;2,1; m/s
20-07-2025;03:40:00;2; m/s
20-07-2025;03:50:00;1,3; m/s
20-07-2025;04:00:00;1; m/s
20-07-2025;04:10:00;1,9; m/s
20-07-2025;04:20:00;2; m/s
20-07-2025;04:30:00;1,9; m/s
20-07-2025;04:40:00;1,6; m/s
20-07-2025;04:50:00;1,7; m/s
20-07-2025;05:00:00;1,7; m/s
20-07-2025;05:10:00;1,4; m/s
20-07-2025;05:20:00;1,6; m/s
20-07-2025;05:30:00;1,7; m/s
20-07-2025;05:40:00;1,5; m/s
20-07-2025;05:50:00;0,9; m/s
20-07-2025;06:00:00;1,3; m/s
20-07-2025;06:10:00;1,5; m/s
20-07-2025;06:20:00;1,6; m/s
20-07-2025;06:30:00;1,5; m/s
20-07-2025;06:40:00;1,6; m/s
20-07-2025;06:50:00;1,3; m/s
20-07-2025;07:00:00;1,5; m/s
20-07-2025;07:10:00;1,7; m/s
20-07-2025;07:20:00;2,3; m/s
20-07-2025;07:30:00;2,8; m/s
20-07-2025;07:40:00;2,7; m/s
20-07-2025;07:50:00;2,6; m/s
20-07-2025;08:00:00;2,2; m/s
20-07-2025;08:10:00;2,6; m/s
20-07-2025;08:20:00;2,8; m/s
20-07-2025;08:30:00;3; m/s
20-07-2025;08:40:00;3,1; m/s
20-07-2025;08:50:00;2,9; m/s
20-07-2025;09:00:00;3,2; m/s
20-07-2025;09:10:00;3,5; m/s
20-07-2025;09:20:00;3,2; m/s
20-07-2025;09:30:00;3; m/s
20-07-2025;09:40:00;2,9; m/s
20-07-2025;09:50:00;2,1; m/s
20-07-2025;10:00:00;2,1; m/s
20-07-2025;10:10:00;1,7; m/s
20-07-2025;10:20:00;2; m/s
20-07-2025;10:30:00;2; m/s
20-07-2025;10:40:00;2,1; m/s
20-07-2025;10:50:00;2; m/s
20-07-2025;11:00:00;2,3; m/s
20-07-2025;11:10:00;2,3; m/s
20-07-2025;11:20:00;2,1; m/s
20-07-2025;11:30:00;2; m/s
20-07-2025;11:40:00;2,2; m/s
20-07-2025;11:50:00;2,4; m/s
20-07-2025;12:00:00;1,9; m/s
20-07-2025;12:10:00;2,1; m/s
20-07-2025;12:20:00;2,3; m/s
20-07-2025;12:30:00;2,3; m/s
20-07-2025;12:40:00;2,3; m/s
20-07-2025;12:50:00;2,3; m/s
20-07-2025;13:00:00;2,3; m/s
20-07-2025;13:10:00;2,2; m/s
20-07-2025;13:20:00;2,1; m/s
20-07-2025;13:30:00;2,3; m/s
20-07-2025;13:40:00;2,7; m/s
20-07-2025;13:50:00;3; m/s
20-07-2025;14:00:00;2,5; m/s
20-07-2025;14:10:00;2,8; m/s
20-07-2025;14:20:00;2,9; m/s
20-07-2025;14:30:00;3,2; m/s
20-07-2025;14:40:00;3,1; m/s
20-07-2025;14:50:00;2,7; m/s
20-07-2025;15:00:00;2,3; m/s
20-07-2025;15:10:00;2,5; m/s
20-07-2025;15:20:00;2,1; m/s
20-07-2025;15:30:00;2,1; m/s
20-07-2025;15:40:00;2,2; m/s
20-07-2025;15:50:00;2,4; m/s
20-07-2025;16:00:00;2,5; m/s
20-07-2025;16:10:00;2,2; m/s
20-07-2025;16:20:00;2,5; m/s
20-07-2025;16:30:00;2,8; m/s
20-07-2025;16:40:00;2,4; m/s
20-07-2025;16:50:00;2,3; m/s
20-07-2025;17:00:00;2,5; m/s
20-07-2025;17:10:00;2,5; m/s
20-07-2025;17:20:00;2,9; m/s
20-07-2025;17:30:00;2,3; m/s
20-07-2025;17:40:00;2,3; m/s
20-07-2025;17:50:00;2,6; m/s
20-07-2025;18:00:00;2,4; m/s
20-07-2025;18:10:00;2,1; m/s
20-07-2025;18:20:00;1,9; m/s
20-07-2025;18:30:00;1,7; m/s
20-07-2025;18:40:00;1,8; m/s
20-07-2025;18:50:00;1,8; m/s
20-07-2025;19:00:00;1,7; m/s
20-07-2025;19:10:00;1,2; m/s
20-07-2025;19:20:00;1,5; m/s
20-07-2025;19:30:00;2; m/s
20-07-2025;19:40:00;2; m/s
20-07-2025;19:50:00;1,7; m/s
20-07-2025;20:00:00;1,1; m/s
20-07-2025;20:10:00;0,8; m/s
20-07-2025;20:20:00;1,1; m/s
20-07-2025;20:30:00;1,2; m/s
20-07-2025;20:40:00;1,1; m/s
20-07-2025;20:50:00;0,7; m/s
20-07-2025;21:00:00;1,3; m/s
20-07-2025;21:10:00;1,3; m/s
20-07-2025;21:20:00;1,3; m/s
20-07-2025;21:30:00;1,3; m/s
20-07-2025;21:40:00;1,1; m/s
20-07-2025;21:50:00;1,6; m/s
20-07-2025;22:00:00;1,6; m/s
20-07-2025;22:10:00;1,6; m/s
20-07-2025;22:20:00;1,6; m/s
20-07-2025;22:30:00;1,7; m/s
20-07-2025;22:40:00;1,8; m/s
20-07-2025;22:50:00;1,5; m/s
20-07-2025;23:00:00;1,4; m/s
20-07-2025;23:10:00;1,6; m/s
20-07-2025;23:20:00;1,4; m/s
20-07-2025;23:30:00;1,4; m/s
20-07-2025;23:40:00;1,4; m/s
20-07-2025;23:50:00;1,3; m/s
21-07-2025;00:00:00;1,6; m/s
21-07-2025;00:10:00;4,4; m/s
21-07-2025;00:20:00;4,7; m/s
21-07-2025;00:30:00;3,8; m/s
21-07-2025;00:40:00;3,3; m/s
21-07-2025;00:50:00;2,5; m/s
21-07-2025;01:00:00;2,3; m/s
21-07-2025;01:10:00;2,3; m/s
21-07-2025;01:20:00;2,1; m/s
21-07-2025;01:30:00;2,4; m/s
21-07-2025;01:40:00;2,5; m/s
21-07-2025;01:50:00;2; m/s
21-07-2025;02:00:00;2,1; m/s
21-07-2025;02:10:00;2; m/s
21-07-2025;02:20:00;1,9; m/s
21-07-2025;02:30:00;2,3; m/s
21-07-2025;02:40:00;2,8; m/s
21-07-2025;02:50:00;2,4; m/s
21-07-2025;03:00:00;2,3; m/s
21-07-2025;03:10:00;2,4; m/s
21-07-2025;03:20:00;2,2; m/s
21-07-2025;03:30:00;2,6; m/s
21-07-2025;03:40:00;3,1; m/s
21-07-2025;03:50:00;2,5; m/s
21-07-2025;04:00:00;1,8; m/s
21-07-2025;04:10:00;1,6; m/s
21-07-2025;04:20:00;1,2; m/s
21-07-2025;04:30:00;0,9; m/s
21-07-2025;04:40:00;0,2; m/s
21-07-2025;04:50:00;0,9; m/s
21-07-2025;05:00:00;0,8; m/s
21-07-2025;05:10:00;0,7; m/s
21-07-2025;05:20:00;1,2; m/s
21-07-2025;05:30:00;1,2; m/s
21-07-2025;05:40:00;1,5; m/s
21-07-2025;05:50:00;1,3; m/s
21-07-2025;06:00:00;1,3; m/s
21-07-2025;06:10:00;1,1; m/s
21-07-2025;06:20:00;1,3; m/s
21-07-2025;06:30:00;1,3; m/s
21-07-2025;06:40:00;1,1; m/s
21-07-2025;06:50:00;1,7; m/s
21-07-2025;07:00:00;1,3; m/s
21-07-2025;07:10:00;1,7; m/s
21-07-2025;07:20:00;1,7; m/s
21-07-2025;07:30:00;1,6; m/s
21-07-2025;07:40:00;1,4; m/s
21-07-2025;07:50:00;1,7; m/s
21-07-2025;08:00:00;1,6; m/s
21-07-2025;08:10:00;1,6; m/s
21-07-2025;08:20:00;1,6; m/s
21-07-2025;08:30:00;1,6; m/s
21-07-2025;08:40:00;1,8; m/s
21-07-2025;08:50:00;1,9; m/s
21-07-2025;09:00:00;1,9; m/s
21-07-2025;09:10:00;1,9; m/s
21-07-2025;09:20:00;1,9; m/s
21-07-2025;09:30:00;1,9; m/s
21-07-2025;09:40:00;2,3; m/s
21-07-2025;09:50:00;2,3; m/s
21-07-2025;10:00:00;2,2; m/s
21-07-2025;10:10:00;2; m/s
21-07-2025;10:20:00;2,5; m/s
21-07-2025;10:30:00;2,5; m/s
21-07-2025;10:40:00;2,3; m/s
21-07-2025;10:50:00;2,4; m/s
21-07-2025;11:00:00;2,5; m/s
21-07-2025;11:10:00;2,2; m/s
21-07-2025;11:20:00;2,5; m/s
21-07-2025;11:30:00;2,2; m/s
21-07-2025;11:40:00;2,1; m/s
21-07-2025;11:50:00;2,3; m/s
21-07-2025;12:00:00;2,1; m/s
21-07-2025;12:10:00;2,3; m/s
21-07-2025;12:20:00;2,3; m/s
21-07-2025;12:30:00;2,1; m/s
21-07-2025;12:40:00;2,2; m/s
21-07-2025;12:50:00;2,5; m/s
21-07-2025;13:00:00;2,5; m/s
21-07-2025;13:10:00;2,6; m/s
21-07-2025;13:20:00;2,6; m/s
21-07-2025;13:30:00;3,3; m/s
21-07-2025;13:40:00;3,2; m/s
21-07-2025;13:50:00;3,2; m/s
21-07-2025;14:00:00;3,2; m/s
21-07-2025;14:10:00;2,9; m/s
21-07-2025;14:20:00;3,1; m/s
21-07-2025;14:30:00;2,9; m/s
21-07-2025;14:40:00;2,9; m/s
21-07-2025;14:50:00;2,8; m/s
21-07-2025;15:00:00;2,5; m/s
21-07-2025;15:10:00;2,5; m/s
21-07-2025;15:20:00;2,2; m/s
21-07-2025;15:30:00;2,5; m/s
21-07-2025;15:40:00;2,3; m/s
21-07-2025;15:50:00;2,3; m/s
21-07-2025;16:00:00;2,3; m/s
21-07-2025;16:10:00;2,3; m/s
21-07-2025;16:20:00;2,1; m/s
21-07-2025;16:30:00;2,1; m/s
21-07-2025;16:40:00;2,1; m/s
21-07-2025;16:50:00;2; m/s
21-07-2025;17:00:00;2; m/s
21-07-2025;17:10:00;1,9; m/s
21-07-2025;17:20:00;2,6; m/s
21-07-2025;17:30:00;2,9; m/s
21-07-2025;17:40:00;2,5; m/s
21-07-2025;17:50:00;2,7; m/s
21-07-2025;18:00:00;3; m/s
21-07-2025;18:10:00;2,6; m/s
21-07-2025;18:20:00;1,9; m/s
21-07-2025;18:30:00;1,5; m/s
21-07-2025;18:40:00;2; m/s
21-07-2025;18:50:00;2,9; m/s
21-07-2025;19:00:00;3,3; m/s
21-07-2025;19:10:00;3,2; m/s
21-07-2025;19:20:00;2,2; m/s
21-07-2025;19:30:00;2,4; m/s
21-07-2025;19:40:00;2,6; m/s
21-07-2025;19:50:00;2,3; m/s
21-07-2025;20:00:00;2,2; m/s
21-07-2025;20:10:00;2,2; m/s
21-07-2025;20:20:00;2,3; m/s
21-07-2025;20:30:00;2,4; m/s
21-07-2025;20:40:00;1,9; m/s
21-07-2025;20:50:00;1,4; m/s
21-07-2025;21:00:00;1,2; m/s
21-07-2025;21:10:00;1,4; m/s
21-07-2025;21:20:00;1,3; m/s
21-07-2025;21:30:00;2; m/s
21-07-2025;21:40:00;2,5; m/s
21-07-2025;21:50:00;2,6; m/s
21-07-2025;22:00:00;2,5; m/s
21-07-2025;22:10:00;2,4; m/s
21-07-2025;22:20:00;2,1; m/s
21-07-2025;22:30:00;1,5; m/s
21-07-2025;22:40:00;1,8; m/s
21-07-2025;22:50:00;1,9; m/s
21-07-2025;23:00:00;1,9; m/s
21-07-2025;23:10:00;1,9; m/s
21-07-2025;23:20:00;1,6; m/s
21-07-2025;23:30:00;1,9; m/s
21-07-2025;23:40:00;1,7; m/s
21-07-2025;23:50:00;2,1; m/s
22-07-2025;00:00:00;1,4; m/s
22-07-2025;00:10:00;0,9; m/s
22-07-2025;00:20:00;0; m/s
22-07-2025;00:30:00;0,1; m/s
22-07-2025;00:40:00;0,8; m/s
22-07-2025;00:50:00;1; m/s
22-07-2025;01:00:00;1,1; m/s
22-07-2025;01:10:00;0,9; m/s
22-07-2025;01:20:00;1,4; m/s
22-07-2025;01:30:00;1,4; m/s
22-07-2025;01:40:00;1,3; m/s
22-07-2025;01:50:00;1,5; m/s
22-07-2025;02:00:00;1,5; m/s
22-07-2025;02:10:00;1,3; m/s
22-07-2025;02:20:00;1,1; m/s
22-07-2025;02:30:00;1; m/s
22-07-2025;02:40:00;1,4; m/s
22-07-2025;02:50:00;1,2; m/s
22-07-2025;03:00:00;1,7; m/s
22-07-2025;03:10:00;1,9; m/s
22-07-2025;03:20:00;1,9; m/s
22-07-2025;03:30:00;1,8; m/s
22-07-2025;03:40:00;2,2; m/s
22-07-2025;03:50:00;2; m/s
22-07-2025;04:00:00;1,7; m/s
22-07-2025;04:10:00;1,7; m/s
22-07-2025;04:20:00;2; m/s
22-07-2025;04:30:00;2,4; m/s
22-07-2025;04:40:00;1,5; m/s
22-07-2025;04:50:00;1,7; m/s
22-07-2025;05:00:00;2,3; m/s
22-07-2025;05:10:00;1,7; m/s
22-07-2025;05:20:00;1,9; m/s
22-07-2025;05:30:00;2,5; m/s
22-07-2025;05:40:00;2,7; m/s
22-07-2025;05:50:00;2,1; m/s
22-07-2025;06:00:00;1,8; m/s
22-07-2025;06:10:00;1,6; m/s
22-07-2025;06:20:00;1,9; m/s
22-07-2025;06:30:00;1,9; m/s
22-07-2025;06:40:00;1,7; m/s
22-07-2025;06:50:00;1,6; m/s
22-07-2025;07:00:00;2; m/s
22-07-2025;07:10:00;2,2; m/s
22-07-2025;07:20:00;2,1; m/s
22-07-2025;07:30:00;2,3; m/s
22-07-2025;07:40:00;2,3; m/s
22-07-2025;07:50:00;2,2; m/s
22-07-2025;08:00:00;2,1; m/s
22-07-2025;08:10:00;2; m/s
22-07-2025;08:20:00;2,3; m/s
22-07-2025;08:30:00;2,1; m/s
22-07-2025;08:40:00;1,8; m/s
22-07-2025;08:50:00;1,6; m/s
22-07-2025;09:00:00;1,1; m/s
22-07-2025;09:10:00;1,5; m/s
22-07-2025;09:20:00;1,6; m/s
22-07-2025;09:30:00;1,4; m/s
22-07-2025;09:40:00;1,5; m/s
22-07-2025;09:50:00;1,7; m/s
22-07-2025;10:00:00;1,9; m/s
22-07-2025;10:10:00;1,8; m/s
22-07-2025;10:20:00;2; m/s
22-07-2025;10:30:00;2,2; m/s
22-07-2025;10:40:00;3,6; m/s
22-07-2025;10:50:00;3,6; m/s
22-07-2025;11:00:00;4,1; m/s
22-07-2025;11:10:00;4,4; m/s
22-07-2025;11:20:00;5,5; m/s
22-07-2025;11:30:00;5,4; m/s
22-07-2025;11:40:00;5; m/s
22-07-2025;11:50:00;4,8; m/s
22-07-2025;12:00:00;4,4; m/s
22-07-2025;12:10:00;5,1; m/s
22-07-2025;12:20:00;5; m/s
22-07-2025;12:30:00;4,9; m/s
22-07-2025;12:40:00;4,5; m/s
22-07-2025;12:50:00;4,8; m/s
22-07-2025;13:00:00;5,6; m/s
22-07-2025;13:10:00;6,5; m/s
22-07-2025;13:20:00;6,5; m/s
22-07-2025;13:30:00;6,4; m/s
22-07-2025;13:40:00;6,5; m/s
22-07-2025;13:50:00;6,5; m/s
22-07-2025;14:00:00;6,3; m/s
22-07-2025;14:10:00;6; m/s
22-07-2025;14:20:00;5,9; m/s
22-07-2025;14:30:00;6,7; m/s
22-07-2025;14:40:00;6,7; m/s
22-07-2025;14:50:00;6,7; m/s
22-07-2025;15:00:00;6; m/s
22-07-2025;15:20:00;5,4; m/s
22-07-2025;15:30:00;5,5; m/s
22-07-2025;15:40:00;6; m/s
22-07-2025;15:50:00;5,1; m/s
22-07-2025;16:00:00;5,3; m/s
22-07-2025;16:10:00;5,6; m/s
22-07-2025;16:20:00;6,1; m/s
22-07-2025;16:30:00;5,8; m/s
22-07-2025;16:40:00;5,9; m/s
22-07-2025;16:50:00;5,6; m/s
22-07-2025;17:00:00;5,3; m/s
22-07-2025;17:10:00;5,5; m/s
22-07-2025;17:20:00;7; m/s
22-07-2025;17:30:00;6,8; m/s
22-07-2025;17:40:00;6,3; m/s
22-07-2025;17:50:00;6,1; m/s
22-07-2025;18:00:00;6,1; m/s
22-07-2025;18:10:00;5,9; m/s
22-07-2025;18:20:00;6,9; m/s
22-07-2025;18:30:00;7,4; m/s
22-07-2025;18:40:00;4,7; m/s
22-07-2025;18:50:00;5,3; m/s
22-07-2025;19:00:00;6,1; m/s
22-07-2025;19:10:00;4,1; m/s
22-07-2025;19:20:00;5,2; m/s
22-07-2025;19:30:00;4,4; m/s
22-07-2025;19:40:00;3,4; m/s
22-07-2025;19:50:00;3; m/s
22-07-2025;20:00:00;2,7; m/s
22-07-2025;20:10:00;2,9; m/s
22-07-2025;20:20:00;3,2; m/s
22-07-2025;20:30:00;3,4; m/s
22-07-2025;20:40:00;3,5; m/s
22-07-2025;20:50:00;2,5; m/s
22-07-2025;21:00:00;3,1; m/s
22-07-2025;21:10:00;3,2; m/s
22-07-2025;21:20:00;2,6; m/s
22-07-2025;21:30:00;2,5; m/s
22-07-2025;21:40:00;3,7; m/s
22-07-2025;21:50:00;3,2; m/s
22-07-2025;22:00:00;4,2; m/s
22-07-2025;22:10:00;3,8; m/s
22-07-2025;22:20:00;4,5; m/s
22-07-2025;22:30:00;4,7; m/s
22-07-2025;22:40:00;4,6; m/s
22-07-2025;22:50:00;4,8; m/s
22-07-2025;23:00:00;4,6; m/s
22-07-2025;23:10:00;4,2; m/s
22-07-2025;23:20:00;4; m/s
22-07-2025;23:30:00;4,2; m/s
22-07-2025;23:40:00;4,1; m/s
22-07-2025;23:50:00;4,2; m/s
23-07-2025;00:00:00;3,5; m/s
23-07-2025;00:10:00;3,1; m/s
23-07-2025;00:20:00;3,1; m/s
23-07-2025;00:30:00;2,9; m/s
23-07-2025;00:40:00;3,6; m/s
23-07-2025;00:50:00;3,6; m/s
23-07-2025;01:00:00;2,9; m/s
23-07-2025;01:10:00;3,4; m/s
23-07-2025;01:20:00;3,4; m/s
23-07-2025;01:30:00;3,7; m/s
23-07-2025;01:40:00;4,8; m/s
23-07-2025;01:50:00;4,5; m/s
23-07-2025;02:00:00;3,5; m/s
23-07-2025;02:10:00;3,6; m/s
23-07-2025;02:20:00;3,5; m/s
23-07-2025;02:30:00;3,3; m/s
23-07-2025;02:40:00;3,2; m/s
23-07-2025;02:50:00;3,3; m/s
23-07-2025;03:00:00;2,6; m/s
23-07-2025;03:10:00;2,1; m/s
23-07-2025;03:20:00;2,6; m/s
23-07-2025;03:30:00;2,1; m/s
23-07-2025;03:40:00;2,2; m/s
23-07-2025;03:50:00;2; m/s
23-07-2025;04:00:00;2,2; m/s
23-07-2025;04:10:00;2; m/s
23-07-2025;04:20:00;1,9; m/s
23-07-2025;04:30:00;1,4; m/s
23-07-2025;04:40:00;1,7; m/s
23-07-2025;04:50:00;1,6; m/s
23-07-2025;05:00:00;1,2; m/s
23-07-2025;05:10:00;1; m/s
23-07-2025;05:20:00;0,4; m/s
23-07-2025;05:30:00;0,3; m/s
23-07-2025;05:40:00;0,5; m/s
23-07-2025;05:50:00;0,8; m/s
23-07-2025;06:00:00;0; m/s
23-07-2025;06:10:00;0,5; m/s
23-07-2025;06:20:00;0,2; m/s
23-07-2025;06:30:00;0,7; m/s
23-07-2025;06:40:00;0,5; m/s
23-07-2025;06:50:00;0,6; m/s
23-07-2025;07:00:00;0,5; m/s
23-07-2025;07:10:00;0,6; m/s
23-07-2025;07:20:00;0,6; m/s
23-07-2025;07:30:00;1,1; m/s
23-07-2025;07:40:00;1,4; m/s
23-07-2025;07:50:00;1,3; m/s
23-07-2025;08:00:00;1,6; m/s
23-07-2025;08:10:00;1,2; m/s
23-07-2025;08:20:00;1,1; m/s
23-07-2025;08:30:00;1,3; m/s
23-07-2025;08:40:00;1,2; m/s
23-07-2025;08:50:00;1,3; m/s
23-07-2025;09:00:00;1,2; m/s
23-07-2025;09:10:00;1,4; m/s
23-07-2025;09:20:00;1,6; m/s
23-07-2025;09:30:00;1,9; m/s
23-07-2025;09:40:00;1,7; m/s
23-07-2025;09:50:00;1,7; m/s
23-07-2025;10:00:00;2,1; m/s
23-07-2025;10:10:00;1,6; m/s
23-07-2025;10:20:00;2; m/s
23-07-2025;10:30:00;2,2; m/s
23-07-2025;10:40:00;2,7; m/s
23-07-2025;10:50:00;2,4; m/s
23-07-2025;11:00:00;2,3; m/s
23-07-2025;11:10:00;2,6; m/s
23-07-2025;11:20:00;2,7; m/s
23-07-2025;11:30:00;2,9; m/s
23-07-2025;11:40:00;2,5; m/s
23-07-2025;11:50:00;2,6; m/s
23-07-2025;12:00:00;2,9; m/s
23-07-2025;12:10:00;2,6; m/s
23-07-2025;12:20:00;2,9; m/s
23-07-2025;12:30:00;2,5; m/s
23-07-2025;12:40:00;2,3; m/s
23-07-2025;12:50:00;2,3; m/s
23-07-2025;13:00:00;2,5; m/s
23-07-2025;13:10:00;2,3; m/s
23-07-2025;13:20:00;2,5; m/s
23-07-2025;13:30:00;2,5; m/s
23-07-2025;13:40:00;2,4; m/s
23-07-2025;13:50:00;2,7; m/s
23-07-2025;14:00:00;2,6; m/s
23-07-2025;14:10:00;2,6; m/s
23-07-2025;14:20:00;2,7; m/s
23-07-2025;14:30:00;2,7; m/s
23-07-2025;14:40:00;2,7; m/s
23-07-2025;14:50:00;2,7; m/s
23-07-2025;15:00:00;2,7; m/s
23-07-2025;15:10:00;2,6; m/s
23-07-2025;15:20:00;2,5; m/s
23-07-2025;15:30:00;2,4; m/s
23-07-2025;15:40:00;2,5; m/s
23-07-2025;15:50:00;2,7; m/s
23-07-2025;16:00:00;3; m/s
23-07-2025;16:10:00;3,3; m/s
23-07-2025;16:20:00;3,6; m/s
23-07-2025;16:30:00;4,5; m/s
23-07-2025;16:40:00;3,7; m/s
23-07-2025;16:50:00;4; m/s
23-07-2025;17:00:00;2,7; m/s
23-07-2025;17:10:00;2,8; m/s
23-07-2025;17:20:00;2,6; m/s
23-07-2025;17:30:00;2,5; m/s
23-07-2025;17:40:00;3,3; m/s
23-07-2025;17:50:00;2,8; m/s
23-07-2025;18:00:00;4,1; m/s
23-07-2025;18:10:00;3,7; m/s
23-07-2025;18:20:00;4,7; m/s
23-07-2025;18:30:00;5,1; m/s
23-07-2025;18:40:00;5,5; m/s
23-07-2025;18:50:00;5,5; m/s
23-07-2025;19:00:00;4; m/s
23-07-2025;19:10:00;4,6; m/s
23-07-2025;19:20:00;4,1; m/s
23-07-2025;19:30:00;4,1; m/s
23-07-2025;19:40:00;3,5; m/s
23-07-2025;19:50:00;3,7; m/s
23-07-2025;20:00:00;3,7; m/s
23-07-2025;20:10:00;2,7; m/s
23-07-2025;20:20:00;2,2; m/s
23-07-2025;20:30:00;1,4; m/s
23-07-2025;20:40:00;0,9; m/s
23-07-2025;20:50:00;2; m/s
23-07-2025;21:00:00;3,1; m/s
23-07-2025;21:10:00;2,4; m/s
23-07-2025;21:20:00;3,1; m/s
23-07-2025;21:30:00;2,6; m/s
23-07-2025;21:40:00;2,2; m/s
23-07-2025;21:50:00;1,3; m/s
23-07-2025;22:00:00;1; m/s
23-07-2025;22:10:00;1,5; m/s
23-07-2025;22:20:00;1; m/s
23-07-2025;22:30:00;1,5; m/s
23-07-2025;22:40:00;0,7; m/s
23-07-2025;22:50:00;0,9; m/s
23-07-2025;23:00:00;1,8; m/s
23-07-2025;23:10:00;2,3; m/s
23-07-2025;23:20:00;2; m/s
23-07-2025;23:30:00;2,3; m/s
23-07-2025;23:40:00;2,3; m/s
23-07-2025;23:50:00;1,2; m/s
24-07-2025;00:00:00;1,1; m/s
24-07-2025;00:10:00;1,3; m/s
24-07-2025;00:20:00;2,4; m/s
24-07-2025;00:30:00;2,4; m/s
24-07-2025;00:40:00;2; m/s
24-07-2025;00:50:00;2; m/s
24-07-2025;01:00:00;2; m/s
24-07-2025;01:10:00;2,1; m/s
24-07-2025;01:20:00;2,1; m/s
24-07-2025;01:30:00;2,2; m/s
24-07-2025;01:40:00;1,9; m/s
24-07-2025;01:50:00;3; m/s
24-07-2025;02:00:00;3,3; m/s
24-07-2025;02:10:00;3; m/s
24-07-2025;02:20:00;2,6; m/s
24-07-2025;02:30:00;2,3; m/s
24-07-2025;02:40:00;2; m/s
24-07-2025;02:50:00;1,6; m/s
24-07-2025;03:00:00;1,8; m/s
24-07-2025;03:10:00;1,6; m/s
24-07-2025;03:20:00;2,4; m/s
24-07-2025;03:30:00;2,1; m/s
24-07-2025;03:40:00;2; m/s
24-07-2025;03:50:00;1,9; m/s
24-07-2025;04:00:00;1,5; m/s
24-07-2025;04:10:00;1,2; m/s
24-07-2025;04:20:00;1,6; m/s
24-07-2025;04:30:00;1,5; m/s
24-07-2025;04:40:00;0,9; m/s
24-07-2025;04:50:00;1,9; m/s
24-07-2025;05:00:00;1,3; m/s
24-07-2025;05:10:00;2,1; m/s
24-07-2025;05:20:00;2,5; m/s
24-07-2025;05:30:00;2,5; m/s
24-07-2025;05:40:00;2,4; m/s
24-07-2025;05:50:00;2,4; m/s
24-07-2025;06:00:00;2,1; m/s
24-07-2025;06:10:00;1,6; m/s
24-07-2025;06:20:00;2; m/s
24-07-2025;06:30:00;2,1; m/s
24-07-2025;06:40:00;2,3; m/s
24-07-2025;06:50:00;2; m/s
24-07-2025;07:00:00;2; m/s
24-07-2025;07:10:00;2,6; m/s
24-07-2025;07:20:00;2,2; m/s
24-07-2025;07:30:00;2,8; m/s
24-07-2025;07:40:00;2,6; m/s
24-07-2025;07:50:00;3,2; m/s
24-07-2025;08:00:00;2,8; m/s
24-07-2025;08:10:00;2,6; m/s
24-07-2025;08:20:00;3; m/s
24-07-2025;08:30:00;3,2; m/s
24-07-2025;08:40:00;2,9; m/s
24-07-2025;08:50:00;2,4; m/s
24-07-2025;09:00:00;2,1; m/s
24-07-2025;09:10:00;2,1; m/s
24-07-2025;09:20:00;1,7; m/s
24-07-2025;09:30:00;1,8; m/s
24-07-2025;09:40:00;1,9; m/s
24-07-2025;09:50:00;2,6; m/s
24-07-2025;10:00:00;2,9; m/s
24-07-2025;10:10:00;3,8; m/s
24-07-2025;10:20:00;4,1; m/s
24-07-2025;10:30:00;4,2; m/s
24-07-2025;10:40:00;3,8; m/s
24-07-2025;10:50:00;3,7; m/s
24-07-2025;11:00:00;2,8; m/s
24-07-2025;11:10:00;3,7; m/s
24-07-2025;11:20:00;4,1; m/s
24-07-2025;11:30:00;4,6; m/s
24-07-2025;11:40:00;3,9; m/s
24-07-2025;11:50:00;3,7; m/s
24-07-2025;12:00:00;2,6; m/s
24-07-2025;12:10:00;4,2; m/s
24-07-2025;12:20:00;4; m/s
24-07-2025;12:30:00;3,2; m/s
24-07-2025;12:40:00;4; m/s
24-07-2025;12:50:00;3,8; m/s
24-07-2025;13:00:00;3,3; m/s
24-07-2025;13:10:00;2,5; m/s
24-07-2025;13:20:00;2,7; m/s
24-07-2025;13:30:00;2,9; m/s
24-07-2025;13:40:00;2,7; m/s
24-07-2025;13:50:00;2; m/s
24-07-2025;14:00:00;2,1; m/s
24-07-2025;14:10:00;3,2; m/s
24-07-2025;14:20:00;2,5; m/s
24-07-2025;14:30:00;1,8; m/s
24-07-2025;14:40:00;2,1; m/s
24-07-2025;14:50:00;3,9; m/s
24-07-2025;15:00:00;3,1; m/s
24-07-2025;15:10:00;3,6; m/s
24-07-2025;15:20:00;3,9; m/s
24-07-2025;15:30:00;3,2; m/s
24-07-2025;15:40:00;3,1; m/s
24-07-2025;15:50:00;3,9; m/s
24-07-2025;16:00:00;4; m/s
24-07-2025;16:10:00;3,4; m/s
24-07-2025;16:20:00;3,1; m/s
24-07-2025;16:30:00;2,5; m/s
24-07-2025;16:40:00;2,3; m/s
24-07-2025;16:50:00;2,6; m/s
24-07-2025;17:00:00;3,1; m/s
24-07-2025;17:10:00;3; m/s
24-07-2025;17:20:00;2,8; m/s
24-07-2025;17:30:00;3; m/s
24-07-2025;17:40:00;4,4; m/s
24-07-2025;17:50:00;7,5; m/s
24-07-2025;18:00:00;8,1; m/s
24-07-2025;18:10:00;7,6; m/s
24-07-2025;18:20:00;7,1; m/s
24-07-2025;18:30:00;7,4; m/s
24-07-2025;18:40:00;6,1; m/s
24-07-2025;18:50:00;4; m/s
24-07-2025;19:00:00;3,3; m/s
24-07-2025;19:10:00;2,8; m/s
24-07-2025;19:20:00;3,9; m/s
24-07-2025;19:30:00;4,6; m/s
24-07-2025;19:40:00;4,3; m/s
24-07-2025;19:50:00;4,3; m/s
24-07-2025;20:00:00;3,6; m/s
24-07-2025;20:10:00;3,6; m/s
24-07-2025;20:20:00;4,3; m/s
24-07-2025;20:30:00;4,1; m/s
24-07-2025;20:40:00;3; m/s
24-07-2025;20:50:00;2; m/s
24-07-2025;21:00:00;1,9; m/s
24-07-2025;21:10:00;1,8; m/s
24-07-2025;21:20:00;1,9; m/s
24-07-2025;21:30:00;2,7; m/s
24-07-2025;21:40:00;3,1; m/s
24-07-2025;21:50:00;2,3; m/s
24-07-2025;22:00:00;1,6; m/s
24-07-2025;22:10:00;2,1; m/s
24-07-2025;22:20:00;2,3; m/s
24-07-2025;22:30:00;1,7; m/s
24-07-2025;22:40:00;0,6; m/s
24-07-2025;22:50:00;1,5; m/s
24-07-2025;23:00:00;3,4; m/s
24-07-2025;23:10:00;4,1; m/s
24-07-2025;23:20:00;3,6; m/s
24-07-2025;23:30:00;2,3; m/s
24-07-2025;23:40:00;1,4; m/s
24-07-2025;23:50:00;2; m/s
25-07-2025;00:00:00;2,1; m/s
25-07-2025;00:10:00;2; m/s
25-07-2025;00:20:00;2; m/s
25-07-2025;00:30:00;2,3; m/s
25-07-2025;00:40:00;2,5; m/s
25-07-2025;00:50:00;2,4; m/s
25-07-2025;01:00:00;2,3; m/s
25-07-2025;01:10:00;2; m/s
25-07-2025;01:20:00;1,3; m/s
25-07-2025;01:30:00;1,4; m/s
25-07-2025;01:40:00;1,3; m/s
25-07-2025;01:50:00;0,5; m/s
25-07-2025;02:00:00;0,9; m/s
25-07-2025;02:10:00;1,3; m/s
25-07-2025;02:20:00;1; m/s
25-07-2025;02:30:00;0,6; m/s
25-07-2025;02:40:00;0,4; m/s
25-07-2025;02:50:00;1,9; m/s
25-07-2025;03:00:00;2,6; m/s
25-07-2025;03:10:00;2,4; m/s
25-07-2025;03:20:00;3,2; m/s
25-07-2025;03:30:00;3,6; m/s
25-07-2025;03:40:00;3,2; m/s
25-07-2025;03:50:00;2,5; m/s
25-07-2025;04:00:00;2,1; m/s
25-07-2025;04:10:00;2,2; m/s
25-07-2025;04:20:00;2,3; m/s
25-07-2025;04:30:00;3,4; m/s
25-07-2025;04:40:00;3,1; m/s
25-07-2025;04:50:00;1,3; m/s
25-07-2025;05:00:00;1,1; m/s
25-07-2025;05:10:00;0,9; m/s
25-07-2025;05:20:00;0,8; m/s
25-07-2025;05:30:00;2; m/s
25-07-2025;05:40:00;3,8; m/s
25-07-2025;05:50:00;4; m/s
25-07-2025;06:00:00;3,2; m/s
25-07-2025;06:10:00;2,5; m/s
25-07-2025;06:20:00;3,8; m/s
25-07-2025;06:30:00;4,1; m/s
25-07-2025;06:40:00;5,1; m/s
25-07-2025;06:50:00;5; m/s
25-07-2025;07:00:00;3; m/s
25-07-2025;07:10:00;1,3; m/s
25-07-2025;07:20:00;1,7; m/s
25-07-2025;07:30:00;1,5; m/s
25-07-2025;07:40:00;1,6; m/s
25-07-2025;07:50:00;1,3; m/s
25-07-2025;08:00:00;1,6; m/s
25-07-2025;08:10:00;1; m/s
25-07-2025;08:20:00;2,4; m/s
25-07-2025;08:30:00;3,3; m/s
25-07-2025;08:40:00;3,2; m/s
25-07-2025;08:50:00;2,9; m/s
25-07-2025;09:00:00;2,1; m/s
25-07-2025;09:10:00;1,9; m/s
25-07-2025;09:20:00;1,4; m/s
25-07-2025;09:30:00;1,2; m/s
25-07-2025;09:40:00;1,6; m/s
25-07-2025;09:50:00;2; m/s
25-07-2025;10:00:00;2,1; m/s
25-07-2025;10:10:00;2,5; m/s
25-07-2025;10:20:00;2,6; m/s
25-07-2025;10:30:00;1,7; m/s
25-07-2025;10:40:00;1,3; m/s
25-07-2025;10:50:00;1,3; m/s
25-07-2025;11:00:00;1,6; m/s
25-07-2025;11:10:00;1,5; m/s
25-07-2025;11:20:00;1,3; m/s
25-07-2025;11:30:00;1,4; m/s
25-07-2025;11:40:00;1,5; m/s
25-07-2025;11:50:00;1,5; m/s
25-07-2025;12:00:00;1; m/s
25-07-2025;12:10:00;1,3; m/s
25-07-2025;12:20:00;1,3; m/s
25-07-2025;12:30:00;1,6; m/s
25-07-2025;12:40:00;2,2; m/s
25-07-2025;12:50:00;3,1; m/s
25-07-2025;13:00:00;4,6; m/s
25-07-2025;13:10:00;4,9; m/s
25-07-2025;13:20:00;5,9; m/s
25-07-2025;13:30:00;3,5; m/s
25-07-2025;13:40:00;2,9; m/s
25-07-2025;13:50:00;1,7; m/s
25-07-2025;14:00:00;1,9; m/s
25-07-2025;14:10:00;1,9; m/s
25-07-2025;14:20:00;2,2; m/s
25-07-2025;14:30:00;2,1; m/s
25-07-2025;14:40:00;2,5; m/s
25-07-2025;14:50:00;2,6; m/s
25-07-2025;15:00:00;2,8; m/s
25-07-2025;15:10:00;2,2; m/s
25-07-2025;15:20:00;2,4; m/s
25-07-2025;15:30:00;2,8; m/s
25-07-2025;15:40:00;3,2; m/s
25-07-2025;15:50:00;3,5; m/s
25-07-2025;16:00:00;4,1; m/s
25-07-2025;16:10:00;4,4; m/s
25-07-2025;16:20:00;4,1; m/s
25-07-2025;16:30:00;3,9; m/s
25-07-2025;16:40:00;4,5; m/s
25-07-2025;16:50:00;3,6; m/s
25-07-2025;17:00:00;2,9; m/s
25-07-2025;17:10:00;1,5; m/s
25-07-2025;17:20:00;2,3; m/s
25-07-2025;17:30:00;2,1; m/s
25-07-2025;17:40:00;0,9; m/s
25-07-2025;17:50:00;0,4; m/s
25-07-2025;18:00:00;1,2; m/s
25-07-2025;18:10:00;1,9; m/s
25-07-2025;18:20:00;2,1; m/s
25-07-2025;18:30:00;1,8; m/s
25-07-2025;18:40:00;1,4; m/s
25-07-2025;18:50:00;2; m/s
25-07-2025;19:00:00;1,8; m/s
25-07-2025;19:10:00;1; m/s
25-07-2025;19:20:00;1,8; m/s
25-07-2025;19:30:00;1,7; m/s
25-07-2025;19:40:00;2,9; m/s
25-07-2025;19:50:00;2,6; m/s
25-07-2025;20:00:00;3,8; m/s
25-07-2025;20:10:00;4,3; m/s
25-07-2025;20:20:00;3,2; m/s
25-07-2025;20:30:00;3,9; m/s
25-07-2025;20:40:00;3,3; m/s
25-07-2025;20:50:00;4,3; m/s
25-07-2025;21:00:00;3,9; m/s
25-07-2025;21:10:00;2,7; m/s
25-07-2025;21:20:00;3,5; m/s
25-07-2025;21:30:00;3,3; m/s
25-07-2025;21:40:00;2,6; m/s
25-07-2025;21:50:00;2,7; m/s
25-07-2025;22:00:00;3,5; m/s
25-07-2025;22:10:00;3,4; m/s
25-07-2025;22:20:00;2,9; m/s
25-07-2025;22:30:00;3,9; m/s
25-07-2025;22:40:00;2,7; m/s
25-07-2025;22:50:00;1,6; m/s
25-07-2025;23:00:00;1,2; m/s
25-07-2025;23:10:00;1,7; m/s
25-07-2025;23:20:00;1,5; m/s
25-07-2025;23:30:00;2; m/s
25-07-2025;23:40:00;2,4; m/s
25-07-2025;23:50:00;1,7; m/s
26-07-2025;00:00:00;1,1; m/s
26-07-2025;00:10:00;2; m/s
26-07-2025;00:20:00;2,8; m/s
26-07-2025;00:30:00;2; m/s
26-07-2025;00:40:00;1,6; m/s
26-07-2025;00:50:00;5,9; m/s
26-07-2025;01:00:00;7; m/s
26-07-2025;01:10:00;8,3; m/s
26-07-2025;01:20:00;6,2; m/s
26-07-2025;01:30:00;3,8; m/s
26-07-2025;01:40:00;3,5; m/s
26-07-2025;01:50:00;3,2; m/s
26-07-2025;02:00:00;2,9; m/s
26-07-2025;02:10:00;4,1; m/s
26-07-2025;02:20:00;4; m/s
26-07-2025;02:30:00;2,8; m/s
26-07-2025;02:40:00;6,9; m/s
26-07-2025;02:50:00;8,8; m/s
26-07-2025;03:00:00;8,8; m/s
26-07-2025;03:10:00;6,5; m/s
26-07-2025;03:20:00;6,7; m/s
26-07-2025;03:30:00;4; m/s
26-07-2025;03:40:00;3; m/s
26-07-2025;03:50:00;3,2; m/s
26-07-2025;04:00:00;3,2; m/s
26-07-2025;04:10:00;4,4; m/s
26-07-2025;04:20:00;4,8; m/s
26-07-2025;04:30:00;3,4; m/s
26-07-2025;04:40:00;2,5; m/s
26-07-2025;04:50:00;2,8; m/s
26-07-2025;05:00:00;2,7; m/s
26-07-2025;05:10:00;2,9; m/s
26-07-2025;05:20:00;3,3; m/s
26-07-2025;05:30:00;1,5; m/s
26-07-2025;05:40:00;0,9; m/s
26-07-2025;05:50:00;2,5; m/s
26-07-2025;06:00:00;1,3; m/s
26-07-2025;06:10:00;1,6; m/s
26-07-2025;06:20:00;1,8; m/s
26-07-2025;06:30:00;1,7; m/s
26-07-2025;06:40:00;4,5; m/s
26-07-2025;06:50:00;5,3; m/s
26-07-2025;07:00:00;6,7; m/s
26-07-2025;07:10:00;8; m/s
26-07-2025;07:20:00;6,3; m/s
26-07-2025;07:30:00;5,4; m/s
26-07-2025;07:40:00;5; m/s
26-07-2025;07:50:00;6,6; m/s
26-07-2025;08:00:00;8,1; m/s
26-07-2025;08:10:00;9,3; m/s
26-07-2025;08:20:00;8; m/s
26-07-2025;08:30:00;4,4; m/s
26-07-2025;08:40:00;5,3; m/s
26-07-2025;08:50:00;9,1; m/s
26-07-2025;09:00:00;10,7; m/s
26-07-2025;09:10:00;10; m/s
26-07-2025;09:20:00;8,4; m/s
26-07-2025;09:30:00;5,4; m/s
26-07-2025;09:40:00;3,3; m/s
26-07-2025;09:50:00;3,2; m/s
26-07-2025;10:00:00;4,1; m/s
26-07-2025;10:10:00;3,8; m/s
26-07-2025;10:20:00;2,9; m/s
26-07-2025;10:30:00;4,1; m/s
26-07-2025;10:40:00;4,2; m/s
26-07-2025;10:50:00;3,9; m/s
26-07-2025;11:00:00;4,2; m/s
26-07-2025;11:10:00;3,1; m/s
26-07-2025;11:20:00;2,8; m/s
26-07-2025;11:30:00;1,7; m/s
26-07-2025;11:40:00;5; m/s
26-07-2025;11:50:00;6,1; m/s
26-07-2025;12:00:00;5,9; m/s
26-07-2025;12:10:00;6,4; m/s
26-07-2025;12:20:00;7,3; m/s
26-07-2025;12:30:00;8,5; m/s
26-07-2025;12:40:00;8,8; m/s
26-07-2025;12:50:00;6,4; m/s
26-07-2025;13:00:00;7,6; m/s
26-07-2025;13:10:00;8,3; m/s
26-07-2025;13:20:00;7,7; m/s
26-07-2025;13:30:00;7,2; m/s
26-07-2025;13:40:00;7,8; m/s
26-07-2025;13:50:00;8,1; m/s
26-07-2025;14:00:00;8,8; m/s
26-07-2025;14:10:00;8,1; m/s
26-07-2025;14:20:00;7; m/s
26-07-2025;14:30:00;7; m/s
26-07-2025;14:40:00;7,4; m/s
26-07-2025;14:50:00;8,4; m/s
26-07-2025;15:00:00;7,7; m/s
26-07-2025;15:10:00;8,4; m/s
26-07-2025;15:20:00;8,2; m/s
26-07-2025;15:30:00;7,8; m/s
26-07-2025;15:40:00;7; m/s
26-07-2025;15:50:00;7,8; m/s
26-07-2025;16:00:00;8,1; m/s
26-07-2025;16:10:00;7; m/s
26-07-2025;16:20:00;5,4; m/s
26-07-2025;16:30:00;6,7; m/s
26-07-2025;16:40:00;8,7; m/s
26-07-2025;16:50:00;9,6; m/s
26-07-2025;17:00:00;9,1; m/s
26-07-2025;17:10:00;8,5; m/s
26-07-2025;17:20:00;8,7; m/s
26-07-2025;17:30:00;9,6; m/s
26-07-2025;17:40:00;9,3; m/s
26-07-2025;17:50:00;10,1; m/s
26-07-2025;18:00:00;8,4; m/s
26-07-2025;18:10:00;8,7; m/s
26-07-2025;18:20:00;8,2; m/s
26-07-2025;18:30:00;8,7; m/s
26-07-2025;18:40:00;9,3; m/s
26-07-2025;18:50:00;9,2; m/s
26-07-2025;19:00:00;9,1; m/s
26-07-2025;19:10:00;9,6; m/s
26-07-2025;19:20:00;9,3; m/s
26-07-2025;19:30:00;9,1; m/s
26-07-2025;19:40:00;8,6; m/s
26-07-2025;19:50:00;8,8; m/s
26-07-2025;20:00:00;8,2; m/s
26-07-2025;20:10:00;8,2; m/s
26-07-2025;20:20:00;7; m/s
26-07-2025;20:30:00;6,4; m/s
26-07-2025;20:40:00;5,1; m/s
26-07-2025;20:50:00;4,7; m/s
26-07-2025;21:00:00;4; m/s
26-07-2025;21:10:00;7,1; m/s
26-07-2025;21:20:00;8,3; m/s
26-07-2025;21:30:00;8,2; m/s
26-07-2025;21:40:00;8,2; m/s
26-07-2025;21:50:00;7,8; m/s
26-07-2025;22:00:00;6,5; m/s
26-07-2025;22:10:00;6,6; m/s
26-07-2025;22:20:00;7,6; m/s
26-07-2025;22:30:00;7,2; m/s
26-07-2025;22:40:00;7,1; m/s
26-07-2025;22:50:00;8,1; m/s
26-07-2025;23:00:00;7,1; m/s
26-07-2025;23:10:00;7; m/s
26-07-2025;23:20:00;7,5; m/s
26-07-2025;23:30:00;7,6; m/s
26-07-2025;23:40:00;6,9; m/s
26-07-2025;23:50:00;7,1; m/s
27-07-2025;00:00:00;7; m/s
27-07-2025;00:10:00;6,5; m/s
27-07-2025;00:20:00;6,5; m/s
27-07-2025;00:30:00;5,6; m/s
27-07-2025;00:40:00;5,6; m/s
27-07-2025;00:50:00;6,2; m/s
27-07-2025;01:00:00;6,5; m/s
27-07-2025;01:10:00;5,5; m/s
27-07-2025;01:20:00;4,9; m/s
27-07-2025;01:30:00;5,3; m/s
27-07-2025;01:40:00;4,3; m/s
27-07-2025;01:50:00;4,6; m/s
27-07-2025;02:00:00;5,3; m/s
27-07-2025;02:10:00;6,2; m/s
27-07-2025;02:20:00;5,7; m/s
27-07-2025;02:30:00;6; m/s
27-07-2025;02:40:00;5,5; m/s
27-07-2025;02:50:00;6,1; m/s
27-07-2025;03:00:00;6; m/s
27-07-2025;03:10:00;5,5; m/s
27-07-2025;03:20:00;5,7; m/s
27-07-2025;03:30:00;5,6; m/s
27-07-2025;03:40:00;4,5; m/s
27-07-2025;03:50:00;4,4; m/s
27-07-2025;04:00:00;5,3; m/s
27-07-2025;04:10:00;5,3; m/s
27-07-2025;04:20:00;5,9; m/s
27-07-2025;04:30:00;5,7; m/s
27-07-2025;04:40:00;5,4; m/s
27-07-2025;04:50:00;4,8; m/s
27-07-2025;05:00:00;5,9; m/s
27-07-2025;05:10:00;5,1; m/s
27-07-2025;05:20:00;4,4; m/s
27-07-2025;05:30:00;4,3; m/s
27-07-2025;05:40:00;3,6; m/s
27-07-2025;05:50:00;3; m/s
27-07-2025;06:00:00;2,8; m/s
27-07-2025;06:10:00;3,4; m/s
27-07-2025;06:20:00;3,3; m/s
27-07-2025;06:30:00;2,6; m/s
27-07-2025;06:40:00;2,3; m/s
27-07-2025;06:50:00;1,9; m/s
27-07-2025;07:00:00;1,9; m/s
27-07-2025;07:10:00;2,3; m/s
27-07-2025;07:20:00;2,5; m/s
27-07-2025;07:30:00;2,8; m/s
27-07-2025;07:40:00;4,1; m/s
27-07-2025;07:50:00;4,3; m/s
27-07-2025;08:00:00;4,8; m/s
27-07-2025;08:10:00;5,2; m/s
27-07-2025;08:20:00;6,2; m/s
27-07-2025;08:30:00;6,4; m/s
27-07-2025;08:40:00;6; m/s
27-07-2025;08:50:00;6,5; m/s
27-07-2025;09:00:00;6; m/s
27-07-2025;09:10:00;6,3; m/s
27-07-2025;09:20:00;6,2; m/s
27-07-2025;09:30:00;6,7; m/s
27-07-2025;09:40:00;6,4; m/s
27-07-2025;09:50:00;6,6; m/s
27-07-2025;10:00:00;6,4; m/s
27-07-2025;10:10:00;7,4; m/s
27-07-2025;10:20:00;7,3; m/s
27-07-2025;10:30:00;7,8; m/s
27-07-2025;10:40:00;6,9; m/s
27-07-2025;10:50:00;6,4; m/s
27-07-2025;11:10:00;7,4; m/s
27-07-2025;11:20:00;6,7; m/s
27-07-2025;11:30:00;6,9; m/s
27-07-2025;11:40:00;6,9; m/s
27-07-2025;11:50:00;6,7; m/s
27-07-2025;12:00:00;7,8; m/s
27-07-2025;12:10:00;6,9; m/s
27-07-2025;12:20:00;7,5; m/s
27-07-2025;12:30:00;7,6; m/s
27-07-2025;12:40:00;7,5; m/s
27-07-2025;12:50:00;7,9; m/s
27-07-2025;13:00:00;7,6; m/s
27-07-2025;13:10:00;8,4; m/s
27-07-2025;13:20:00;8; m/s
27-07-2025;13:30:00;8,9; m/s
27-07-2025;13:40:00;8,6; m/s
27-07-2025;13:50:00;8,5; m/s
27-07-2025;14:00:00;8,8; m/s
27-07-2025;14:10:00;9,2; m/s
27-07-2025;14:20:00;9; m/s
27-07-2025;14:30:00;9,2; m/s
27-07-2025;14:40:00;8,5; m/s
27-07-2025;14:50:00;8,7; m/s
27-07-2025;15:00:00;7,7; m/s
27-07-2025;15:10:00;7,2; m/s
27-07-2025;15:20:00;8,4; m/s
27-07-2025;15:30:00;7,5; m/s
27-07-2025;15:40:00;8,1; m/s
27-07-2025;15:50:00;7,8; m/s
27-07-2025;16:00:00;7,8; m/s
27-07-2025;16:10:00;7,7; m/s
27-07-2025;16:20:00;8; m/s
27-07-2025;16:30:00;8; m/s
27-07-2025;16:40:00;6,9; m/s
27-07-2025;16:50:00;6,7; m/s
27-07-2025;17:00:00;6,7; m/s
27-07-2025;17:10:00;6,4; m/s
27-07-2025;17:20:00;6,8; m/s
27-07-2025;17:30:00;6,6; m/s
27-07-2025;17:40:00;6,5; m/s
27-07-2025;17:50:00;6,2; m/s
27-07-2025;18:00:00;5,1; m/s
27-07-2025;18:10:00;5,3; m/s
27-07-2025;18:20:00;5,7; m/s
27-07-2025;18:30:00;5,1; m/s
27-07-2025;18:40:00;5,7; m/s
27-07-2025;18:50:00;5,4; m/s
27-07-2025;19:00:00;5; m/s
27-07-2025;19:10:00;5,2; m/s
27-07-2025;19:20:00;5,4; m/s
27-07-2025;19:30:00;5,6; m/s
27-07-2025;19:40:00;5; m/s
27-07-2025;19:50:00;5; m/s
27-07-2025;20:00:00;5,7; m/s
27-07-2025;20:10:00;5,4; m/s
27-07-2025;20:20:00;4,7; m/s
27-07-2025;20:30:00;5; m/s
27-07-2025;20:40:00;4,5; m/s
27-07-2025;20:50:00;4,3; m/s
27-07-2025;21:00:00;3,7; m/s
27-07-2025;21:10:00;3,8; m/s
27-07-2025;21:20:00;3,4; m/s
27-07-2025;21:30:00;3,9; m/s
27-07-2025;21:40:00;3,3; m/s
27-07-2025;21:50:00;3,3; m/s
27-07-2025;22:00:00;3; m/s
27-07-2025;22:10:00;3,6; m/s
27-07-2025;22:20:00;4,1; m/s
27-07-2025;22:30:00;4,2; m/s
27-07-2025;22:40:00;4,8; m/s
27-07-2025;22:50:00;5; m/s
27-07-2025;23:00:00;5,6; m/s
27-07-2025;23:10:00;6,1; m/s
27-07-2025;23:20:00;6; m/s
27-07-2025;23:30:00;6; m/s
27-07-2025;23:40:00;5,7; m/s
27-07-2025;23:50:00;5,1; m/s
28-07-2025;00:00:00;5,4; m/s
28-07-2025;00:10:00;5,6; m/s
28-07-2025;00:20:00;5; m/s
28-07-2025;00:30:00;5,2; m/s
28-07-2025;00:40:00;5,3; m/s
28-07-2025;00:50:00;5,3; m/s
28-07-2025;01:00:00;5,3; m/s
28-07-2025;01:10:00;6,4; m/s
28-07-2025;01:20:00;7; m/s
28-07-2025;01:30:00;6,7; m/s
28-07-2025;01:40:00;7,9; m/s
28-07-2025;01:50:00;8; m/s
28-07-2025;02:00:00;7,9; m/s
28-07-2025;02:10:00;7,3; m/s
28-07-2025;02:20:00;7,1; m/s
28-07-2025;02:30:00;7,9; m/s
28-07-2025;02:40:00;9,1; m/s
28-07-2025;02:50:00;8,7; m/s
28-07-2025;03:00:00;8,3; m/s
28-07-2025;03:10:00;7; m/s
28-07-2025;03:20:00;6,6; m/s
28-07-2025;03:30:00;6,4; m/s
28-07-2025;03:40:00;6,5; m/s
28-07-2025;03:50:00;6,7; m/s
28-07-2025;04:00:00;5,9; m/s
28-07-2025;04:10:00;5,4; m/s
28-07-2025;04:20:00;5,8; m/s
28-07-2025;04:30:00;6,1; m/s
28-07-2025;04:40:00;5,7; m/s
28-07-2025;04:50:00;5,8; m/s
28-07-2025;05:00:00;5,3; m/s
28-07-2025;05:10:00;4,8; m/s
28-07-2025;05:20:00;4,4; m/s
28-07-2025;05:30:00;4; m/s
28-07-2025;05:40:00;3,9; m/s
28-07-2025;05:50:00;3,1; m/s
28-07-2025;06:00:00;3,5; m/s
28-07-2025;06:10:00;3,1; m/s
28-07-2025;06:20:00;2,4; m/s
28-07-2025;06:30:00;3,2; m/s
28-07-2025;06:40:00;4,1; m/s
28-07-2025;06:50:00;4,7; m/s
28-07-2025;07:00:00;4,8; m/s
28-07-2025;07:10:00;5,9; m/s
28-07-2025;07:20:00;4,9; m/s
28-07-2025;07:30:00;4,9; m/s
28-07-2025;07:40:00;5; m/s
28-07-2025;07:50:00;4,7; m/s
28-07-2025;08:00:00;4,7; m/s
28-07-2025;08:10:00;4,8; m/s
28-07-2025;08:20:00;6,1; m/s
28-07-2025;08:30:00;7,4; m/s
28-07-2025;08:40:00;7,2; m/s
28-07-2025;08:50:00;7,5; m/s
28-07-2025;09:00:00;7,4; m/s
28-07-2025;09:10:00;7,6; m/s
28-07-2025;09:20:00;8,1; m/s
28-07-2025;09:30:00;8,3; m/s
28-07-2025;09:40:00;9; m/s
28-07-2025;09:50:00;7,7; m/s
28-07-2025;10:00:00;8; m/s
28-07-2025;10:10:00;8,4; m/s
28-07-2025;10:20:00;8; m/s
28-07-2025;10:30:00;7,7; m/s
28-07-2025;10:40:00;8,2; m/s
28-07-2025;10:50:00;7,2; m/s
28-07-2025;11:00:00;7,4; m/s
28-07-2025;11:10:00;7,8; m/s
28-07-2025;11:20:00;9,5; m/s
28-07-2025;11:30:00;9,5; m/s
28-07-2025;11:40:00;9,6; m/s
28-07-2025;11:50:00;10,1; m/s
28-07-2025;12:00:00;10,6; m/s
28-07-2025;12:10:00;10,8; m/s
28-07-2025;12:20:00;11,8; m/s
28-07-2025;12:30:00;10,7; m/s
28-07-2025;12:40:00;9,9; m/s
28-07-2025;12:50:00;10,4; m/s
28-07-2025;13:00:00;10,3; m/s
28-07-2025;13:10:00;13; m/s
28-07-2025;13:20:00;10,1; m/s
28-07-2025;13:30:00;9,1; m/s
28-07-2025;13:40:00;9,2; m/s
28-07-2025;13:50:00;9,6; m/s
28-07-2025;14:00:00;10,1; m/s
28-07-2025;14:10:00;11,5; m/s
28-07-2025;14:20:00;10; m/s
28-07-2025;14:30:00;8; m/s
28-07-2025;14:40:00;8,5; m/s
28-07-2025;14:50:00;10,5; m/s
28-07-2025;15:00:00;9,4; m/s
28-07-2025;15:10:00;10; m/s
28-07-2025;15:20:00;10,2; m/s
28-07-2025;15:30:00;11,4; m/s
28-07-2025;15:40:00;10,2; m/s
28-07-2025;15:50:00;11,4; m/s
28-07-2025;16:00:00;12,2; m/s
28-07-2025;16:10:00;11,6; m/s
28-07-2025;16:20:00;11,3; m/s
28-07-2025;16:30:00;10,5; m/s
28-07-2025;16:40:00;10,3; m/s
28-07-2025;16:50:00;10,4; m/s
28-07-2025;17:00:00;10,9; m/s
28-07-2025;17:10:00;11,3; m/s
28-07-2025;17:20:00;10,2; m/s
28-07-2025;17:30:00;10,2; m/s
28-07-2025;17:40:00;9,1; m/s
28-07-2025;17:50:00;9,3; m/s
28-07-2025;18:00:00;8,9; m/s
28-07-2025;18:10:00;8,3; m/s
28-07-2025;18:20:00;8,1; m/s
28-07-2025;18:30:00;8,3; m/s
28-07-2025;18:40:00;8; m/s
28-07-2025;18:50:00;6,9; m/s
28-07-2025;19:00:00;7,3; m/s
28-07-2025;19:10:00;8,3; m/s
28-07-2025;19:20:00;9,1; m/s
28-07-2025;19:30:00;8,5; m/s
28-07-2025;19:40:00;6,9; m/s
28-07-2025;19:50:00;6,2; m/s
28-07-2025;20:00:00;6; m/s
28-07-2025;20:10:00;6,3; m/s
28-07-2025;20:20:00;4,6; m/s
28-07-2025;20:30:00;4,9; m/s
28-07-2025;20:40:00;5,6; m/s
28-07-2025;20:50:00;4,9; m/s
28-07-2025;21:00:00;3,1; m/s
28-07-2025;21:10:00;3,8; m/s
28-07-2025;21:20:00;3,9; m/s
28-07-2025;21:30:00;3,6; m/s
28-07-2025;21:40:00;4,5; m/s
28-07-2025;21:50:00;7; m/s
28-07-2025;22:00:00;7,4; m/s
28-07-2025;22:10:00;6,3; m/s
28-07-2025;22:20:00;6,5; m/s
28-07-2025;22:30:00;6,7; m/s
28-07-2025;22:40:00;6,9; m/s
28-07-2025;22:50:00;6,1; m/s
28-07-2025;23:00:00;6,5; m/s
28-07-2025;23:10:00;8,8; m/s
28-07-2025;23:20:00;7,8; m/s
28-07-2025;23:30:00;5,5; m/s
28-07-2025;23:40:00;4,9; m/s
28-07-2025;23:50:00;4,9; m/s
29-07-2025;00:00:00;7,9; m/s
29-07-2025;00:10:00;8,2; m/s
29-07-2025;00:20:00;8,8; m/s
29-07-2025;00:30:00;9; m/s
29-07-2025;00:40:00;8; m/s
29-07-2025;00:50:00;7,5; m/s
29-07-2025;01:00:00;8,1; m/s
29-07-2025;01:10:00;9,8; m/s
29-07-2025;01:20:00;8,8; m/s
29-07-2025;01:30:00;7,7; m/s
29-07-2025;01:40:00;5,6; m/s
29-07-2025;01:50:00;4,6; m/s
29-07-2025;02:00:00;4,4; m/s
29-07-2025;02:10:00;3,1; m/s
29-07-2025;02:20:00;2,6; m/s
29-07-2025;02:30:00;2,4; m/s
29-07-2025;02:40:00;2,3; m/s
29-07-2025;02:50:00;3; m/s
29-07-2025;03:00:00;2,6; m/s
29-07-2025;03:10:00;3,5; m/s
29-07-2025;03:20:00;4,4; m/s
29-07-2025;03:30:00;5,2; m/s
29-07-2025;03:40:00;5,5; m/s
29-07-2025;03:50:00;5,1; m/s
29-07-2025;04:00:00;3,2; m/s
29-07-2025;04:10:00;2,5; m/s
29-07-2025;04:20:00;2,6; m/s
29-07-2025;04:30:00;3; m/s
29-07-2025;04:40:00;2,3; m/s
29-07-2025;04:50:00;2,5; m/s
29-07-2025;05:00:00;3,2; m/s
29-07-2025;05:10:00;2,8; m/s
29-07-2025;05:20:00;2,1; m/s
29-07-2025;05:30:00;1,4; m/s
29-07-2025;05:40:00;1,9; m/s
29-07-2025;05:50:00;2,2; m/s
29-07-2025;06:00:00;2,4; m/s
29-07-2025;06:10:00;2,4; m/s
29-07-2025;06:20:00;1,5; m/s
29-07-2025;06:30:00;2,6; m/s
29-07-2025;06:40:00;2,9; m/s
29-07-2025;06:50:00;3,1; m/s
29-07-2025;07:00:00;2; m/s
29-07-2025;07:10:00;3; m/s
29-07-2025;07:20:00;2,4; m/s
29-07-2025;07:30:00;1,7; m/s
29-07-2025;07:40:00;1,5; m/s
29-07-2025;07:50:00;2,1; m/s
29-07-2025;08:00:00;2,4; m/s
29-07-2025;08:10:00;2,4; m/s
29-07-2025;08:20:00;2,6; m/s
29-07-2025;08:30:00;2,1; m/s
29-07-2025;08:40:00;2,2; m/s
29-07-2025;08:50:00;2,2; m/s
29-07-2025;09:00:00;2,1; m/s
29-07-2025;09:10:00;2,1; m/s
29-07-2025;09:20:00;1,9; m/s
29-07-2025;09:30:00;2,1; m/s
29-07-2025;09:40:00;1,5; m/s
29-07-2025;09:50:00;1,6; m/s
29-07-2025;10:00:00;1,8; m/s
29-07-2025;10:10:00;2; m/s
29-07-2025;10:20:00;1,8; m/s
29-07-2025;10:30:00;2,2; m/s
29-07-2025;10:40:00;2,3; m/s
29-07-2025;10:50:00;3,3; m/s
29-07-2025;11:00:00;3,1; m/s
29-07-2025;11:10:00;3; m/s
29-07-2025;11:20:00;3,1; m/s
29-07-2025;11:30:00;1,9; m/s
29-07-2025;11:40:00;3,3; m/s
29-07-2025;11:50:00;3,6; m/s
29-07-2025;12:00:00;3,6; m/s
29-07-2025;12:10:00;4; m/s
29-07-2025;12:20:00;3,7; m/s
29-07-2025;12:30:00;3,7; m/s
29-07-2025;12:40:00;2,6; m/s
29-07-2025;12:50:00;3,1; m/s
29-07-2025;13:00:00;2,8; m/s
29-07-2025;13:10:00;2,8; m/s
29-07-2025;13:20:00;3,6; m/s
29-07-2025;13:30:00;3,6; m/s
29-07-2025;13:40:00;4; m/s
29-07-2025;13:50:00;4,8; m/s
29-07-2025;14:00:00;5,7; m/s
29-07-2025;14:10:00;6,3; m/s
29-07-2025;14:20:00;6,6; m/s
29-07-2025;14:30:00;5,9; m/s
29-07-2025;14:40:00;5,9; m/s
29-07-2025;14:50:00;6,1; m/s
29-07-2025;15:00:00;5,4; m/s
29-07-2025;15:10:00;5,3; m/s
29-07-2025;15:20:00;5,6; m/s
29-07-2025;15:30:00;5,6; m/s
29-07-2025;15:40:00;5,8; m/s
29-07-2025;15:50:00;6; m/s
29-07-2025;16:00:00;6,8; m/s
29-07-2025;16:10:00;7,2; m/s
29-07-2025;16:20:00;7,3; m/s
29-07-2025;16:30:00;7,4; m/s
29-07-2025;16:40:00;7,4; m/s
29-07-2025;16:50:00;7,4; m/s
29-07-2025;17:00:00;8,2; m/s
29-07-2025;17:10:00;7,5; m/s
29-07-2025;17:20:00;7,6; m/s
29-07-2025;17:30:00;7,5; m/s
29-07-2025;17:40:00;7,4; m/s
29-07-2025;17:50:00;7,2; m/s
29-07-2025;18:00:00;5,8; m/s
29-07-2025;18:10:00;4,7; m/s
29-07-2025;18:20:00;2,5; m/s
29-07-2025;18:30:00;3; m/s
29-07-2025;18:40:00;2,9; m/s
29-07-2025;18:50:00;3,4; m/s
29-07-2025;19:00:00;2,7; m/s
29-07-2025;19:10:00;2,8; m/s
29-07-2025;19:20:00;2,7; m/s
29-07-2025;19:30:00;3,1; m/s
29-07-2025;19:40:00;3; m/s
29-07-2025;19:50:00;3,1; m/s
29-07-2025;20:00:00;3,6; m/s
29-07-2025;20:10:00;3,9; m/s
29-07-2025;20:20:00;2,9; m/s
29-07-2025;20:30:00;2,6; m/s
29-07-2025;20:40:00;2,7; m/s
29-07-2025;20:50:00;2,9; m/s
29-07-2025;21:00:00;3,6; m/s
29-07-2025;21:10:00;3; m/s
29-07-2025;21:20:00;2,7; m/s
29-07-2025;21:30:00;3,7; m/s
29-07-2025;21:40:00;3,4; m/s
29-07-2025;21:50:00;2,7; m/s
29-07-2025;22:00:00;3; m/s
29-07-2025;22:10:00;4,1; m/s
29-07-2025;22:20:00;3,4; m/s
29-07-2025;22:30:00;3,2; m/s
29-07-2025;22:40:00;3,7; m/s
29-07-2025;22:50:00;3,9; m/s
29-07-2025;23:00:00;3; m/s
29-07-2025;23:10:00;3; m/s
29-07-2025;23:20:00;2,2; m/s
29-07-2025;23:30:00;1,8; m/s
29-07-2025;23:40:00;2,1; m/s
29-07-2025;23:50:00;1,9; m/s
30-07-2025;00:00:00;2,5; m/s
30-07-2025;00:10:00;2,7; m/s
30-07-2025;00:20:00;2,9; m/s
30-07-2025;00:30:00;2,6; m/s
30-07-2025;00:40:00;1,8; m/s
30-07-2025;00:50:00;2,2; m/s
30-07-2025;01:00:00;1,6; m/s
30-07-2025;01:10:00;2,3; m/s
30-07-2025;01:20:00;2,2; m/s
30-07-2025;01:30:00;2,2; m/s
30-07-2025;01:40:00;1,9; m/s
30-07-2025;01:50:00;2,3; m/s
30-07-2025;02:00:00;2,2; m/s
30-07-2025;02:10:00;2,1; m/s
30-07-2025;02:20:00;2,1; m/s
30-07-2025;02:30:00;2,6; m/s
30-07-2025;02:40:00;2,6; m/s
30-07-2025;02:50:00;2,9; m/s
30-07-2025;03:00:00;2,8; m/s
30-07-2025;03:10:00;3,1; m/s
30-07-2025;03:20:00;2,7; m/s
30-07-2025;03:30:00;2,3; m/s
30-07-2025;03:40:00;2,7; m/s
30-07-2025;03:50:00;2,4; m/s
30-07-2025;04:00:00;2; m/s
30-07-2025;04:10:00;2; m/s
30-07-2025;04:20:00;2,1; m/s
30-07-2025;04:30:00;1,7; m/s
30-07-2025;04:40:00;2,6; m/s
30-07-2025;04:50:00;2,2; m/s
30-07-2025;05:00:00;2,9; m/s
30-07-2025;05:10:00;2,5; m/s
30-07-2025;05:20:00;2,5; m/s
30-07-2025;05:30:00;2,4; m/s
30-07-2025;05:40:00;3; m/s
30-07-2025;05:50:00;2,3; m/s
30-07-2025;06:00:00;2,4; m/s
30-07-2025;06:10:00;2,5; m/s
30-07-2025;06:20:00;2,7; m/s
30-07-2025;06:30:00;2,7; m/s
30-07-2025;06:40:00;2,9; m/s
30-07-2025;06:50:00;2,6; m/s
30-07-2025;07:00:00;2,7; m/s
30-07-2025;07:10:00;3,7; m/s
30-07-2025;07:20:00;4,3; m/s
30-07-2025;07:30:00;3,3; m/s
30-07-2025;07:40:00;3,6; m/s
30-07-2025;08:00:00;3; m/s
30-07-2025;08:10:00;3,3; m/s
30-07-2025;08:20:00;2,1; m/s
30-07-2025;08:30:00;2,6; m/s
30-07-2025;08:40:00;1,9; m/s
30-07-2025;08:50:00;2,5; m/s
30-07-2025;09:00:00;2,4; m/s
30-07-2025;09:10:00;1,7; m/s
30-07-2025;09:20:00;1,6; m/s
30-07-2025;09:30:00;1,5; m/s
30-07-2025;09:40:00;1,8; m/s
30-07-2025;09:50:00;2,3; m/s
30-07-2025;10:00:00;2,7; m/s
30-07-2025;10:10:00;1,8; m/s
30-07-2025;10:20:00;1,8; m/s
30-07-2025;10:30:00;1,9; m/s
30-07-2025;10:40:00;2,7; m/s
30-07-2025;10:50:00;1,9; m/s
30-07-2025;11:00:00;1,8; m/s
30-07-2025;11:10:00;1,7; m/s
30-07-2025;11:20:00;2,1; m/s
30-07-2025;11:30:00;2,1; m/s
30-07-2025;11:40:00;2,4; m/s
30-07-2025;11:50:00;3,3; m/s
30-07-2025;12:00:00;3,4; m/s
30-07-2025;12:10:00;2,3; m/s
30-07-2025;12:20:00;2,3; m/s
30-07-2025;12:30:00;2,7; m/s
30-07-2025;12:40:00;3,3; m/s
30-07-2025;12:50:00;4,2; m/s
30-07-2025;13:00:00;4,8; m/s
30-07-2025;13:10:00;4,4; m/s
30-07-2025;13:20:00;5,1; m/s
30-07-2025;13:30:00;5,9; m/s
30-07-2025;13:40:00;6,2; m/s
30-07-2025;13:50:00;6,9; m/s
30-07-2025;14:00:00;6,6; m/s
30-07-2025;14:10:00;6,2; m/s
30-07-2025;14:20:00;5,7; m/s
30-07-2025;14:30:00;6; m/s
30-07-2025;14:40:00;6,8; m/s
30-07-2025;14:50:00;6,3; m/s
30-07-2025;15:00:00;6,1; m/s
30-07-2025;15:10:00;5,7; m/s
30-07-2025;15:20:00;6; m/s
30-07-2025;15:30:00;6,2; m/s
30-07-2025;15:40:00;6; m/s
30-07-2025;15:50:00;7,3; m/s
30-07-2025;16:00:00;6,8; m/s
30-07-2025;16:10:00;7,8; m/s
30-07-2025;16:20:00;7,4; m/s
30-07-2025;16:30:00;6,3; m/s
30-07-2025;16:40:00;5,9; m/s
30-07-2025;16:50:00;5,1; m/s
30-07-2025;17:00:00;5,4; m/s
30-07-2025;17:10:00;6,2; m/s
30-07-2025;17:20:00;6,3; m/s
30-07-2025;17:30:00;6,3; m/s
30-07-2025;17:40:00;6,4; m/s
30-07-2025;17:50:00;6,6; m/s
30-07-2025;18:00:00;7; m/s
30-07-2025;18:10:00;6,4; m/s
30-07-2025;18:20:00;6,7; m/s
30-07-2025;18:30:00;6,4; m/s
30-07-2025;18:40:00;7,1; m/s
30-07-2025;18:50:00;7,1; m/s
30-07-2025;19:00:00;6,1; m/s
30-07-2025;19:10:00;5,1; m/s
30-07-2025;19:20:00;3,7; m/s
30-07-2025;19:30:00;3; m/s
30-07-2025;19:40:00;3,8; m/s
30-07-2025;19:50:00;3,7; m/s
30-07-2025;20:00:00;3,4; m/s
30-07-2025;20:10:00;3,5; m/s
30-07-2025;20:20:00;3,8; m/s
30-07-2025;20:30:00;3,5; m/s
30-07-2025;20:40:00;2; m/s
30-07-2025;20:50:00;2,4; m/s
30-07-2025;21:00:00;2,6; m/s
30-07-2025;21:10:00;2,5; m/s
30-07-2025;21:20:00;2,3; m/s
30-07-2025;21:30:00;1,6; m/s
30-07-2025;21:40:00;2,1; m/s
30-07-2025;21:50:00;2,3; m/s
30-07-2025;22:00:00;2,9; m/s
30-07-2025;22:10:00;2,9; m/s
30-07-2025;22:20:00;2,8; m/s
30-07-2025;22:30:00;2,8; m/s
30-07-2025;22:40:00;2,9; m/s
30-07-2025;22:50:00;2,8; m/s
30-07-2025;23:00:00;2,3; m/s
30-07-2025;23:10:00;1,6; m/s
30-07-2025;23:20:00;2; m/s
30-07-2025;23:30:00;2,1; m/s
30-07-2025;23:40:00;2; m/s
30-07-2025;23:50:00;1,7; m/s
31-07-2025;00:00:00;2,1; m/s
31-07-2025;00:10:00;3; m/s
31-07-2025;00:20:00;3,4; m/s
31-07-2025;00:30:00;3,5; m/s
31-07-2025;00:40:00;3,5; m/s
31-07-2025;00:50:00;3,2; m/s
31-07-2025;01:00:00;2,9; m/s
31-07-2025;01:10:00;2; m/s
31-07-2025;01:20:00;1,8; m/s
31-07-2025;01:30:00;2,2; m/s
31-07-2025;01:40:00;3; m/s
31-07-2025;01:50:00;3; m/s
31-07-2025;02:00:00;1,6; m/s
31-07-2025;02:10:00;1,9; m/s
31-07-2025;02:20:00;1,2; m/s
31-07-2025;02:30:00;0; m/s
31-07-2025;02:40:00;0,6; m/s
31-07-2025;02:50:00;0,7; m/s
31-07-2025;03:00:00;0,9; m/s
31-07-2025;03:10:00;2,4; m/s
31-07-2025;03:20:00;1,9; m/s
31-07-2025;03:30:00;2,8; m/s
31-07-2025;03:40:00;2,1; m/s
31-07-2025;03:50:00;2,8; m/s
31-07-2025;04:00:00;2,6; m/s
31-07-2025;04:10:00;2,7; m/s
31-07-2025;04:20:00;3,1; m/s
31-07-2025;04:30:00;3,1; m/s
31-07-2025;04:40:00;2,4; m/s
31-07-2025;04:50:00;1,7; m/s
31-07-2025;05:00:00;1,7; m/s
31-07-2025;05:10:00;1,7; m/s
31-07-2025;05:20:00;1,5; m/s
31-07-2025;05:30:00;0,4; m/s
31-07-2025;05:40:00;0; m/s
31-07-2025;05:50:00;1,4; m/s
31-07-2025;06:00:00;1; m/s
31-07-2025;06:10:00;1,8; m/s
31-07-2025;06:20:00;1,9; m/s
31-07-2025;06:30:00;1,9; m/s
31-07-2025;06:40:00;1,2; m/s
31-07-2025;06:50:00;0,8; m/s
31-07-2025;07:00:00;0,7; m/s
31-07-2025;07:10:00;1,4; m/s
31-07-2025;07:20:00;1,4; m/s
31-07-2025;07:30:00;1,3; m/s
31-07-2025;07:40:00;1,3; m/s
31-07-2025;07:50:00;1,6; m/s
31-07-2025;08:00:00;1,6; m/s
31-07-2025;08:10:00;2; m/s
31-07-2025;08:20:00;2,2; m/s
31-07-2025;08:30:00;1,5; m/s
31-07-2025;08:40:00;2,2; m/s
31-07-2025;08:50:00;2,2; m/s
31-07-2025;09:00:00;1,9; m/s
31-07-2025;09:10:00;1,8; m/s
31-07-2025;09:20:00;1,9; m/s
31-07-2025;09:30:00;1,9; m/s
31-07-2025;09:40:00;1,8; m/s
31-07-2025;09:50:00;1,9; m/s
31-07-2025;10:00:00;1,9; m/s
31-07-2025;10:10:00;2,1; m/s
31-07-2025;10:20:00;1,9; m/s
31-07-2025;10:30:00;2,3; m/s
31-07-2025;10:40:00;3; m/s
31-07-2025;10:50:00;3,6; m/s
31-07-2025;11:00:00;3,6; m/s
31-07-2025;11:10:00;3,2; m/s
31-07-2025;11:20:00;2,8; m/s
31-07-2025;11:30:00;2,8; m/s
31-07-2025;11:40:00;2,6; m/s
31-07-2025;11:50:00;3,5; m/s
31-07-2025;12:00:00;4,5; m/s
31-07-2025;12:10:00;4,7; m/s
31-07-2025;12:20:00;4,9; m/s
31-07-2025;12:30:00;5,7; m/s
31-07-2025;12:40:00;5,9; m/s
31-07-2025;12:50:00;5,7; m/s
31-07-2025;13:00:00;5,1; m/s
31-07-2025;13:10:00;4,7; m/s
31-07-2025;13:20:00;4,6; m/s
31-07-2025;13:30:00;4,9; m/s
31-07-2025;13:40:00;5,2; m/s
31-07-2025;13:50:00;4,8; m/s
31-07-2025;14:00:00;4,5; m/s
31-07-2025;14:10:00;5,1; m/s
31-07-2025;14:20:00;5,5; m/s
31-07-2025;14:30:00;4,8; m/s
31-07-2025;14:40:00;4,8; m/s
31-07-2025;14:50:00;5,3; m/s
31-07-2025;15:00:00;5,7; m/s
31-07-2025;15:10:00;5,9; m/s
31-07-2025;15:20:00;5,2; m/s
31-07-2025;15:30:00;4,9; m/s
31-07-2025;15:40:00;5,6; m/s
31-07-2025;15:50:00;5,9; m/s
31-07-2025;16:00:00;6,3; m/s
31-07-2025;16:10:00;6,2; m/s
31-07-2025;16:20:00;6,2; m/s
31-07-2025;16:30:00;7; m/s
31-07-2025;16:40:00;7,4; m/s
31-07-2025;16:50:00;8; m/s
31-07-2025;17:00:00;7,7; m/s
31-07-2025;17:10:00;7; m/s
31-07-2025;17:20:00;8; m/s
31-07-2025;17:30:00;8,9; m/s
31-07-2025;17:40:00;8,1; m/s
31-07-2025;17:50:00;9,1; m/s
31-07-2025;18:00:00;8,5; m/s
31-07-2025;18:10:00;8,1; m/s
31-07-2025;18:20:00;7,3; m/s
31-07-2025;18:30:00;7,1; m/s
31-07-2025;18:40:00;7,4; m/s
31-07-2025;18:50:00;7,9; m/s
31-07-2025;19:00:00;7,9; m/s
31-07-2025;19:10:00;7,8; m/s
31-07-2025;19:20:00;6,8; m/s
31-07-2025;19:30:00;6,5; m/s
31-07-2025;19:40:00;5,5; m/s
31-07-2025;19:50:00;4,1; m/s
31-07-2025;20:00:00;4; m/s
31-07-2025;20:10:00;4,3; m/s
31-07-2025;20:20:00;3,2; m/s
31-07-2025;20:30:00;3,1; m/s
31-07-2025;20:40:00;3,3; m/s
31-07-2025;20:50:00;2,3; m/s
31-07-2025;21:00:00;2,4; m/s
31-07-2025;21:10:00;1,9; m/s
31-07-2025;21:20:00;2,7; m/s
31-07-2025;21:30:00;1,8; m/s
31-07-2025;21:40:00;1,5; m/s
31-07-2025;21:50:00;1,8; m/s
31-07-2025;22:00:00;1,3; m/s
31-07-2025;22:10:00;1,2; m/s
31-07-2025;22:20:00;2,2; m/s
31-07-2025;22:30:00;2,2; m/s
31-07-2025;22:40:00;1,7; m/s
31-07-2025;22:50:00;0,4; m/s
31-07-2025;23:00:00;0; m/s
31-07-2025;23:10:00;0,3; m/s
31-07-2025;23:20:00;0,8; m/s
31-07-2025;23:30:00;0,8; m/s
31-07-2025;23:40:00;1,1; m/s
31-07-2025;23:50:00;1; m/s
01-08-2025;00:00:00;0,1; m/s
01-08-2025;00:10:00;0,2; m/s
01-08-2025;00:20:00;0,7; m/s
01-08-2025;00:30:00;1; m/s
01-08-2025;00:40:00;0,2; m/s
01-08-2025;00:50:00;0,5; m/s
01-08-2025;01:00:00;1,7; m/s
01-08-2025;01:10:00;1,9; m/s
01-08-2025;01:20:00;1,6; m/s
01-08-2025;01:30:00;1,4; m/s
01-08-2025;01:40:00;1,2; m/s
01-08-2025;01:50:00;0,8; m/s
01-08-2025;02:00:00;0,2; m/s
01-08-2025;02:10:00;0; m/s
01-08-2025;02:20:00;0,3; m/s
01-08-2025;02:30:00;1,1; m/s
01-08-2025;02:40:00;1; m/s
01-08-2025;02:50:00;1,4; m/s
01-08-2025;03:00:00;1,2; m/s
01-08-2025;03:10:00;1,2; m/s
01-08-2025;03:20:00;1,4; m/s
01-08-2025;03:30:00;1,5; m/s
01-08-2025;03:40:00;1,8; m/s
01-08-2025;03:50:00;1,8; m/s
01-08-2025;04:00:00;2,1; m/s
01-08-2025;04:10:00;1,8; m/s
01-08-2025;04:20:00;1,8; m/s
01-08-2025;04:30:00;1,9; m/s
01-08-2025;04:40:00;1,9; m/s
01-08-2025;04:50:00;2,1; m/s
01-08-2025;05:00:00;2,4; m/s
01-08-2025;05:10:00;2,5; m/s
01-08-2025;05:20:00;2,3; m/s
01-08-2025;05:30:00;2,6; m/s
01-08-2025;05:40:00;2,8; m/s
01-08-2025;05:50:00;2,2; m/s
01-08-2025;06:00:00;2,1; m/s
01-08-2025;06:10:00;1,9; m/s
01-08-2025;06:20:00;2,2; m/s
01-08-2025;06:30:00;2,1; m/s
01-08-2025;06:40:00;2,4; m/s
01-08-2025;06:50:00;2; m/s
01-08-2025;07:00:00;2,1; m/s
01-08-2025;07:10:00;2,6; m/s
01-08-2025;07:20:00;2,4; m/s
01-08-2025;07:30:00;2,3; m/s
01-08-2025;07:40:00;2,5; m/s
01-08-2025;07:50:00;2,4; m/s
01-08-2025;08:00:00;2; m/s
01-08-2025;08:10:00;2; m/s
01-08-2025;08:20:00;2; m/s
01-08-2025;08:30:00;1,9; m/s
01-08-2025;08:40:00;1,9; m/s
01-08-2025;08:50:00;1,9; m/s
01-08-2025;09:00:00;1,7; m/s
01-08-2025;09:10:00;1,5; m/s
01-08-2025;09:20:00;1,4; m/s
01-08-2025;09:30:00;2,1; m/s
01-08-2025;09:40:00;2,5; m/s
01-08-2025;09:50:00;2,6; m/s
01-08-2025;10:00:00;3,2; m/s
01-08-2025;10:10:00;3,7; m/s
01-08-2025;10:20:00;3,5; m/s
01-08-2025;10:30:00;3,4; m/s
01-08-2025;10:40:00;3,9; m/s
01-08-2025;10:50:00;4,1; m/s
01-08-2025;11:00:00;3,7; m/s
01-08-2025;11:10:00;3,8; m/s
01-08-2025;11:20:00;4,1; m/s
01-08-2025;11:30:00;4,1; m/s
01-08-2025;11:40:00;3,9; m/s
01-08-2025;11:50:00;3,5; m/s
01-08-2025;12:00:00;3,3; m/s
01-08-2025;12:10:00;3,9; m/s
01-08-2025;12:20:00;3,7; m/s
01-08-2025;12:30:00;3,9; m/s
01-08-2025;12:40:00;4,1; m/s
01-08-2025;12:50:00;4,7; m/s
01-08-2025;13:00:00;3; m/s
01-08-2025;13:10:00;3,1; m/s
01-08-2025;13:20:00;4; m/s
01-08-2025;13:30:00;4,2; m/s
01-08-2025;13:40:00;4,3; m/s
01-08-2025;13:50:00;5,2; m/s
01-08-2025;14:00:00;5,5; m/s
01-08-2025;14:10:00;5,9; m/s
01-08-2025;14:20:00;6,1; m/s
01-08-2025;14:30:00;5,6; m/s
01-08-2025;14:40:00;5,8; m/s
01-08-2025;14:50:00;5,5; m/s
01-08-2025;15:00:00;5,8; m/s
01-08-2025;15:10:00;6,2; m/s
01-08-2025;15:20:00;7; m/s
01-08-2025;15:30:00;6,6; m/s
01-08-2025;15:40:00;6,4; m/s
01-08-2025;15:50:00;6,3; m/s
01-08-2025;16:00:00;6,3; m/s
01-08-2025;16:10:00;7,1; m/s
01-08-2025;16:20:00;7,4; m/s
01-08-2025;16:30:00;7; m/s
01-08-2025;16:40:00;6,8; m/s
01-08-2025;16:50:00;7,1; m/s
01-08-2025;17:00:00;7,4; m/s
01-08-2025;17:10:00;7,5; m/s
01-08-2025;17:20:00;7,2; m/s
01-08-2025;17:30:00;7; m/s
01-08-2025;17:40:00;6,9; m/s
01-08-2025;17:50:00;7,2; m/s
01-08-2025;18:00:00;7; m/s
01-08-2025;18:10:00;7,5; m/s
01-08-2025;18:20:00;7,6; m/s
01-08-2025;18:30:00;7,2; m/s
01-08-2025;18:40:00;7,3; m/s
01-08-2025;18:50:00;7; m/s
01-08-2025;19:00:00;7,3; m/s
01-08-2025;19:10:00;6,8; m/s
01-08-2025;19:20:00;6,6; m/s
01-08-2025;19:30:00;6,9; m/s
01-08-2025;19:40:00;6; m/s
01-08-2025;19:50:00;5,3; m/s
01-08-2025;20:00:00;5; m/s
01-08-2025;20:10:00;4,4; m/s
01-08-2025;20:20:00;3; m/s
01-08-2025;20:30:00;2,5; m/s
01-08-2025;20:40:00;2,6; m/s
01-08-2025;20:50:00;2,6; m/s
01-08-2025;21:00:00;2,4; m/s
01-08-2025;21:10:00;2,6; m/s
01-08-2025;21:20:00;2,4; m/s
01-08-2025;21:30:00;2,5; m/s
01-08-2025;21:40:00;2,3; m/s
01-08-2025;21:50:00;2,7; m/s
01-08-2025;22:00:00;2,4; m/s
01-08-2025;22:10:00;2; m/s
01-08-2025;22:20:00;2,5; m/s
01-08-2025;22:30:00;1,7; m/s
01-08-2025;22:40:00;2,4; m/s
01-08-2025;22:50:00;2,6; m/s
01-08-2025;23:00:00;2,5; m/s
01-08-2025;23:10:00;2,8; m/s
01-08-2025;23:20:00;2,6; m/s
01-08-2025;23:30:00;2,5; m/s
01-08-2025;23:40:00;2,7; m/s
01-08-2025;23:50:00;2,5; m/s
02-08-2025;00:00:00;2,2; m/s
02-08-2025;00:10:00;2,3; m/s
02-08-2025;00:20:00;2,1; m/s
02-08-2025;00:30:00;2; m/s
02-08-2025;00:40:00;2,3; m/s
02-08-2025;00:50:00;2,4; m/s
02-08-2025;01:00:00;2,2; m/s
02-08-2025;01:10:00;2,3; m/s
02-08-2025;01:20:00;2,4; m/s
02-08-2025;01:30:00;2,2; m/s
02-08-2025;01:40:00;1,9; m/s
02-08-2025;01:50:00;2,1; m/s
02-08-2025;02:00:00;1,9; m/s
02-08-2025;02:10:00;2,1; m/s
02-08-2025;02:20:00;2; m/s
02-08-2025;02:30:00;2,1; m/s
02-08-2025;02:40:00;2,2; m/s
02-08-2025;02:50:00;2,1; m/s
02-08-2025;03:00:00;1,9; m/s
02-08-2025;03:10:00;1,8; m/s
02-08-2025;03:20:00;1,5; m/s
02-08-2025;03:30:00;1,4; m/s
02-08-2025;03:40:00;1,4; m/s
02-08-2025;03:50:00;1,3; m/s
02-08-2025;04:00:00;1,1; m/s
02-08-2025;04:10:00;1,7; m/s
02-08-2025;04:20:00;1,6; m/s
02-08-2025;04:30:00;1,7; m/s
02-08-2025;04:40:00;1,8; m/s
02-08-2025;04:50:00;1,7; m/s
02-08-2025;05:00:00;1,5; m/s
02-08-2025;05:10:00;1,5; m/s
02-08-2025;05:20:00;1,5; m/s
02-08-2025;05:30:00;1,5; m/s
02-08-2025;05:40:00;1,6; m/s
02-08-2025;05:50:00;2; m/s
02-08-2025;06:00:00;1,9; m/s
02-08-2025;06:10:00;1,9; m/s
02-08-2025;06:20:00;1,9; m/s
02-08-2025;06:30:00;1,6; m/s
02-08-2025;06:40:00;2,2; m/s
02-08-2025;06:50:00;2; m/s
02-08-2025;07:00:00;2,3; m/s
02-08-2025;07:10:00;2; m/s
02-08-2025;07:20:00;2,2; m/s
02-08-2025;07:30:00;1,9; m/s
02-08-2025;07:40:00;2,4; m/s
02-08-2025;07:50:00;2,4; m/s
02-08-2025;08:00:00;2,2; m/s
02-08-2025;08:10:00;2,4; m/s
02-08-2025;08:20:00;2,1; m/s
02-08-2025;08:30:00;2,3; m/s
02-08-2025;08:40:00;2,6; m/s
02-08-2025;08:50:00;2,3; m/s
02-08-2025;09:00:00;2,3; m/s
02-08-2025;09:10:00;2,2; m/s
02-08-2025;09:20:00;2,4; m/s
02-08-2025;09:30:00;2,4; m/s
02-08-2025;09:40:00;2,5; m/s
02-08-2025;09:50:00;2,2; m/s
02-08-2025;10:00:00;2,7; m/s
02-08-2025;10:10:00;2,3; m/s
02-08-2025;10:20:00;2,3; m/s
02-08-2025;10:30:00;2,4; m/s
02-08-2025;10:40:00;2,3; m/s
02-08-2025;10:50:00;2; m/s
02-08-2025;11:00:00;2; m/s
02-08-2025;11:10:00;1,9; m/s
02-08-2025;11:20:00;2; m/s
02-08-2025;11:30:00;2,1; m/s
02-08-2025;11:40:00;1,9; m/s
02-08-2025;11:50:00;2,3; m/s
02-08-2025;12:00:00;2,6; m/s
02-08-2025;12:10:00;2,6; m/s
02-08-2025;12:20:00;2,3; m/s
02-08-2025;12:30:00;2,5; m/s
02-08-2025;12:40:00;2,4; m/s
02-08-2025;12:50:00;2,4; m/s
02-08-2025;13:00:00;3; m/s
02-08-2025;13:10:00;5,1; m/s
02-08-2025;13:20:00;4,4; m/s
02-08-2025;13:30:00;4,3; m/s
02-08-2025;13:40:00;4,3; m/s
02-08-2025;13:50:00;4,7; m/s
02-08-2025;14:00:00;4,8; m/s
02-08-2025;14:10:00;4,7; m/s
02-08-2025;14:20:00;4,5; m/s
02-08-2025;14:30:00;4,7; m/s
02-08-2025;14:40:00;4,2; m/s
02-08-2025;14:50:00;4,6; m/s
02-08-2025;15:00:00;5,2; m/s
02-08-2025;15:10:00;5; m/s
02-08-2025;15:20:00;5,7; m/s
02-08-2025;15:30:00;5,8; m/s
02-08-2025;15:40:00;5,4; m/s
02-08-2025;15:50:00;5,6; m/s
02-08-2025;16:00:00;5,6; m/s
02-08-2025;16:10:00;6,6; m/s
02-08-2025;16:20:00;7; m/s
02-08-2025;16:30:00;6,3; m/s
02-08-2025;16:40:00;6,9; m/s
02-08-2025;16:50:00;6,5; m/s
02-08-2025;17:00:00;6,1; m/s
02-08-2025;17:10:00;6,1; m/s
02-08-2025;17:20:00;5,5; m/s
02-08-2025;17:30:00;5,2; m/s
02-08-2025;17:40:00;6; m/s
02-08-2025;17:50:00;5,8; m/s
02-08-2025;18:00:00;5,4; m/s
02-08-2025;18:10:00;5,4; m/s
02-08-2025;18:20:00;5,2; m/s
02-08-2025;18:30:00;5,6; m/s
02-08-2025;18:40:00;5,1; m/s
02-08-2025;18:50:00;4,9; m/s
02-08-2025;19:00:00;4,5; m/s
02-08-2025;19:10:00;4; m/s
02-08-2025;19:20:00;3,7; m/s
02-08-2025;19:30:00;3,5; m/s
02-08-2025;19:40:00;3,4; m/s
02-08-2025;19:50:00;2,7; m/s
02-08-2025;20:00:00;3,5; m/s
02-08-2025;20:10:00;2,3; m/s
02-08-2025;20:20:00;2,2; m/s
02-08-2025;20:30:00;2,6; m/s
02-08-2025;20:40:00;2,5; m/s
02-08-2025;20:50:00;2,2; m/s
02-08-2025;21:00:00;2,3; m/s
02-08-2025;21:10:00;2,3; m/s
02-08-2025;21:20:00;2,3; m/s
02-08-2025;21:30:00;2,7; m/s
02-08-2025;21:40:00;2,8; m/s
02-08-2025;21:50:00;2,5; m/s
02-08-2025;22:00:00;2,8; m/s
02-08-2025;22:10:00;2,7; m/s
02-08-2025;22:20:00;2,5; m/s
02-08-2025;22:30:00;2,1; m/s
02-08-2025;22:40:00;1,4; m/s
02-08-2025;22:50:00;1,4; m/s
02-08-2025;23:00:00;1,6; m/s
02-08-2025;23:10:00;1,6; m/s
02-08-2025;23:20:00;1,8; m/s
02-08-2025;23:30:00;1,8; m/s
02-08-2025;23:40:00;1,5; m/s
02-08-2025;23:50:00;1,6; m/s
03-08-2025;00:00:00;1,8; m/s
03-08-2025;00:10:00;1,4; m/s
03-08-2025;00:20:00;1,4; m/s
03-08-2025;00:30:00;1,5; m/s
03-08-2025;00:40:00;1,8; m/s
03-08-2025;00:50:00;1,4; m/s
03-08-2025;01:00:00;1,6; m/s
03-08-2025;01:10:00;1,2; m/s
03-08-2025;01:20:00;1,5; m/s
03-08-2025;01:30:00;1,6; m/s
03-08-2025;01:40:00;2,2; m/s
03-08-2025;01:50:00;2,5; m/s
03-08-2025;02:00:00;3; m/s
03-08-2025;02:10:00;3,3; m/s
03-08-2025;02:20:00;3,2; m/s
03-08-2025;02:30:00;3,4; m/s
03-08-2025;02:40:00;3,1; m/s
03-08-2025;02:50:00;3,4; m/s
03-08-2025;03:00:00;3,3; m/s
03-08-2025;03:10:00;2,8; m/s
03-08-2025;03:20:00;2,8; m/s
03-08-2025;03:30:00;3,2; m/s
03-08-2025;03:40:00;3; m/s
03-08-2025;03:50:00;3,1; m/s
03-08-2025;04:00:00;2,4; m/s
03-08-2025;04:10:00;1,9; m/s
03-08-2025;04:20:00;1,7; m/s
03-08-2025;04:30:00;1,8; m/s
03-08-2025;04:40:00;1,8; m/s
03-08-2025;04:50:00;1,9; m/s
03-08-2025;05:00:00;2,2; m/s
03-08-2025;05:10:00;2,4; m/s
03-08-2025;05:20:00;2,4; m/s
03-08-2025;05:30:00;2,2; m/s
03-08-2025;05:40:00;2; m/s
03-08-2025;05:50:00;1,9; m/s
03-08-2025;06:00:00;1,7; m/s
03-08-2025;06:10:00;1,6; m/s
03-08-2025;06:20:00;1,5; m/s
03-08-2025;06:30:00;1,6; m/s
03-08-2025;06:40:00;1,4; m/s
03-08-2025;06:50:00;2,2; m/s
03-08-2025;07:00:00;1,5; m/s
03-08-2025;07:10:00;2,1; m/s
03-08-2025;07:20:00;2,1; m/s
03-08-2025;07:30:00;1,9; m/s
03-08-2025;07:40:00;1,9; m/s
03-08-2025;07:50:00;2,1; m/s
03-08-2025;08:00:00;4,1; m/s
03-08-2025;08:10:00;6; m/s
03-08-2025;08:20:00;4,2; m/s
03-08-2025;08:30:00;4,1; m/s
03-08-2025;08:40:00;5; m/s
03-08-2025;08:50:00;5,3; m/s
03-08-2025;09:00:00;4,9; m/s
03-08-2025;09:10:00;4,6; m/s
03-08-2025;09:20:00;4,3; m/s
03-08-2025;09:30:00;4,4; m/s
03-08-2025;09:40:00;4,2; m/s
03-08-2025;09:50:00;3,9; m/s
03-08-2025;10:00:00;3,5; m/s
03-08-2025;10:10:00;3,8; m/s
03-08-2025;10:20:00;4,3; m/s
03-08-2025;10:30:00;3; m/s
03-08-2025;10:40:00;2,7; m/s
03-08-2025;10:50:00;3,4; m/s
03-08-2025;11:00:00;4; m/s
03-08-2025;11:10:00;3,6; m/s
03-08-2025;11:20:00;3,5; m/s
03-08-2025;11:30:00;3,3; m/s
03-08-2025;11:40:00;3,3; m/s
03-08-2025;11:50:00;4; m/s
03-08-2025;12:00:00;5,1; m/s
03-08-2025;12:10:00;4,4; m/s
03-08-2025;12:20:00;3,9; m/s
03-08-2025;12:30:00;4,3; m/s
03-08-2025;12:40:00;4,6; m/s
03-08-2025;12:50:00;4,6; m/s
03-08-2025;13:00:00;5,2; m/s
03-08-2025;13:10:00;5; m/s
03-08-2025;13:20:00;5,1; m/s
03-08-2025;13:30:00;5,5; m/s
03-08-2025;13:40:00;5,1; m/s
03-08-2025;13:50:00;5; m/s
03-08-2025;14:00:00;5,3; m/s
03-08-2025;14:10:00;5,3; m/s
03-08-2025;14:20:00;5,8; m/s
03-08-2025;14:30:00;5,9; m/s
03-08-2025;14:40:00;5,5; m/s
03-08-2025;14:50:00;6,4; m/s
03-08-2025;15:00:00;7,2; m/s
03-08-2025;15:10:00;7,6; m/s
03-08-2025;15:20:00;7,4; m/s
03-08-2025;15:30:00;7,8; m/s
03-08-2025;15:40:00;8,7; m/s
03-08-2025;15:50:00;8,9; m/s
03-08-2025;16:00:00;9,2; m/s
03-08-2025;16:10:00;7,4; m/s
03-08-2025;16:20:00;7,2; m/s
03-08-2025;16:30:00;5,9; m/s
03-08-2025;16:40:00;5,6; m/s
03-08-2025;16:50:00;6,7; m/s
03-08-2025;17:00:00;6; m/s
03-08-2025;17:10:00;6; m/s
03-08-2025;17:20:00;5,6; m/s
03-08-2025;17:30:00;6,3; m/s
03-08-2025;17:40:00;6,3; m/s
03-08-2025;17:50:00;5,9; m/s
03-08-2025;18:00:00;5,1; m/s
03-08-2025;18:10:00;4,7; m/s
03-08-2025;18:20:00;3,8; m/s
03-08-2025;18:30:00;3,4; m/s
03-08-2025;18:40:00;4,6; m/s
03-08-2025;18:50:00;4,4; m/s
03-08-2025;19:00:00;5; m/s
03-08-2025;19:10:00;3,7; m/s
03-08-2025;19:20:00;3,6; m/s
03-08-2025;19:30:00;4; m/s
03-08-2025;19:40:00;3,8; m/s
03-08-2025;19:50:00;4; m/s
03-08-2025;20:00:00;3,6; m/s
03-08-2025;20:10:00;3,3; m/s
03-08-2025;20:20:00;3,3; m/s
03-08-2025;20:30:00;2,9; m/s
03-08-2025;20:40:00;2,3; m/s
03-08-2025;20:50:00;2,5; m/s
03-08-2025;21:00:00;2,7; m/s
03-08-2025;21:10:00;3,4; m/s
03-08-2025;21:20:00;3,3; m/s
03-08-2025;21:30:00;3,4; m/s
03-08-2025;21:40:00;3; m/s
03-08-2025;21:50:00;3,7; m/s
03-08-2025;22:00:00;3,8; m/s
03-08-2025;22:10:00;4,2; m/s
03-08-2025;22:20:00;3,9; m/s
03-08-2025;22:30:00;3,9; m/s
03-08-2025;22:40:00;4,3; m/s
03-08-2025;22:50:00;4,2; m/s
03-08-2025;23:00:00;4,3; m/s
03-08-2025;23:10:00;4,3; m/s
03-08-2025;23:20:00;5,1; m/s
03-08-2025;23:30:00;5,1; m/s
03-08-2025;23:40:00;5,1; m/s
03-08-2025;23:50:00;5; m/s
04-08-2025;00:00:00;4,4; m/s
04-08-2025;00:10:00;3,8; m/s
04-08-2025;00:20:00;4,4; m/s
04-08-2025;00:30:00;2,6; m/s
04-08-2025;00:40:00;2,6; m/s
04-08-2025;00:50:00;2,6; m/s
04-08-2025;01:00:00;2,6; m/s
04-08-2025;01:10:00;2,3; m/s
04-08-2025;01:20:00;2,2; m/s
04-08-2025;01:30:00;3,3; m/s
04-08-2025;01:40:00;3,4; m/s
04-08-2025;01:50:00;3,6; m/s
04-08-2025;02:00:00;2,9; m/s
04-08-2025;02:10:00;2,5; m/s
04-08-2025;02:20:00;2,5; m/s
04-08-2025;02:30:00;1,9; m/s
04-08-2025;02:40:00;2,8; m/s
04-08-2025;02:50:00;3,2; m/s
04-08-2025;03:00:00;3,1; m/s
04-08-2025;03:10:00;3,7; m/s
04-08-2025;03:20:00;3,8; m/s
04-08-2025;03:30:00;3,6; m/s
04-08-2025;03:40:00;3,8; m/s
04-08-2025;03:50:00;3,4; m/s
04-08-2025;04:00:00;3,3; m/s
04-08-2025;04:10:00;3,1; m/s
04-08-2025;04:20:00;3,2; m/s
04-08-2025;04:30:00;2,3; m/s
04-08-2025;04:40:00;2,6; m/s
04-08-2025;04:50:00;2,4; m/s
04-08-2025;05:00:00;2,6; m/s
04-08-2025;05:10:00;3,2; m/s
04-08-2025;05:20:00;3,1; m/s
04-08-2025;05:30:00;2,9; m/s
04-08-2025;05:40:00;2,4; m/s
04-08-2025;05:50:00;1,9; m/s
04-08-2025;06:00:00;2,3; m/s
04-08-2025;06:10:00;2,7; m/s
04-08-2025;06:20:00;2,2; m/s
04-08-2025;06:30:00;1,6; m/s
04-08-2025;06:40:00;1,7; m/s
04-08-2025;06:50:00;1,9; m/s
04-08-2025;07:00:00;2,1; m/s
04-08-2025;07:10:00;2,2; m/s
04-08-2025;07:20:00;1,8; m/s
04-08-2025;07:30:00;2; m/s
04-08-2025;07:40:00;2,5; m/s
04-08-2025;07:50:00;1,7; m/s
04-08-2025;08:00:00;1,7; m/s
04-08-2025;08:10:00;1,5; m/s
04-08-2025;08:20:00;1,5; m/s
04-08-2025;08:30:00;1,5; m/s
04-08-2025;08:40:00;1,9; m/s
04-08-2025;08:50:00;2,5; m/s
04-08-2025;09:00:00;2,2; m/s
04-08-2025;09:10:00;2,3; m/s
04-08-2025;09:20:00;2,4; m/s
04-08-2025;09:30:00;2,1; m/s
04-08-2025;09:40:00;2; m/s
04-08-2025;09:50:00;1,9; m/s
04-08-2025;10:00:00;1,9; m/s
04-08-2025;10:10:00;2,1; m/s
04-08-2025;10:20:00;1,6; m/s
04-08-2025;10:30:00;2,1; m/s
04-08-2025;10:40:00;1,8; m/s
04-08-2025;10:50:00;2; m/s
04-08-2025;11:00:00;2,8; m/s
04-08-2025;11:10:00;3,1; m/s
04-08-2025;11:20:00;3,5; m/s
04-08-2025;11:30:00;4; m/s
04-08-2025;11:40:00;4,7; m/s
04-08-2025;11:50:00;4,4; m/s
04-08-2025;12:00:00;4,7; m/s
04-08-2025;12:10:00;4,4; m/s
04-08-2025;12:20:00;4,1; m/s
04-08-2025;12:30:00;4,7; m/s
04-08-2025;12:40:00;5,1; m/s
04-08-2025;12:50:00;4,9; m/s
04-08-2025;13:00:00;5,1; m/s
04-08-2025;13:10:00;5; m/s
04-08-2025;13:20:00;5,9; m/s
04-08-2025;13:30:00;6,9; m/s
04-08-2025;13:40:00;6,6; m/s
04-08-2025;13:50:00;6,4; m/s
04-08-2025;14:00:00;7,7; m/s
04-08-2025;14:10:00;7,5; m/s
04-08-2025;14:20:00;6,9; m/s
04-08-2025;14:30:00;6,9; m/s
04-08-2025;14:40:00;7,7; m/s
04-08-2025;14:50:00;8; m/s
04-08-2025;15:00:00;8,1; m/s
04-08-2025;15:10:00;8,1; m/s
04-08-2025;15:20:00;8,9; m/s
04-08-2025;15:30:00;8,8; m/s
04-08-2025;15:40:00;9,1; m/s
04-08-2025;15:50:00;9,3; m/s
04-08-2025;16:00:00;9,6; m/s
04-08-2025;16:10:00;10; m/s
04-08-2025;16:20:00;10,4; m/s
04-08-2025;16:30:00;9,5; m/s
04-08-2025;16:40:00;10,2; m/s
04-08-2025;16:50:00;10,7; m/s
04-08-2025;17:00:00;9,5; m/s
04-08-2025;17:10:00;9,9; m/s
04-08-2025;17:20:00;8,9; m/s
04-08-2025;17:30:00;8,8; m/s
04-08-2025;17:40:00;8,9; m/s
04-08-2025;17:50:00;9,1; m/s
04-08-2025;18:00:00;9,8; m/s
04-08-2025;18:10:00;9,5; m/s
04-08-2025;18:20:00;8,2; m/s
04-08-2025;18:30:00;6,2; m/s
04-08-2025;18:40:00;5,4; m/s
04-08-2025;18:50:00;4,4; m/s
04-08-2025;19:00:00;4,3; m/s
04-08-2025;19:10:00;3,8; m/s
04-08-2025;19:20:00;3,4; m/s
04-08-2025;19:30:00;2,6; m/s
04-08-2025;19:40:00;2; m/s
04-08-2025;19:50:00;2,3; m/s
04-08-2025;20:00:00;1,6; m/s
04-08-2025;20:10:00;1,8; m/s
04-08-2025;20:20:00;1; m/s
04-08-2025;20:30:00;1,1; m/s
04-08-2025;20:40:00;2,5; m/s
04-08-2025;20:50:00;3,4; m/s
04-08-2025;21:00:00;3,1; m/s
04-08-2025;21:10:00;2,4; m/s
04-08-2025;21:20:00;2,1; m/s
04-08-2025;21:30:00;1,6; m/s
04-08-2025;21:40:00;1,6; m/s
04-08-2025;21:50:00;1,5; m/s
04-08-2025;22:00:00;0,6; m/s
04-08-2025;22:10:00;0; m/s
04-08-2025;22:20:00;0,6; m/s
04-08-2025;22:30:00;1,7; m/s
04-08-2025;22:40:00;2,3; m/s
04-08-2025;22:50:00;2,6; m/s
04-08-2025;23:00:00;2,2; m/s
04-08-2025;23:10:00;2,4; m/s
04-08-2025;23:20:00;2,9; m/s
04-08-2025;23:30:00;2,4; m/s
04-08-2025;23:40:00;2,3; m/s
04-08-2025;23:50:00;2,4; m/s
05-08-2025;00:00:00;2,2; m/s
05-08-2025;00:10:00;2,4; m/s
05-08-2025;00:20:00;2,5; m/s
05-08-2025;00:30:00;2,6; m/s
05-08-2025;00:40:00;2,8; m/s
05-08-2025;00:50:00;2,6; m/s
05-08-2025;01:00:00;2,8; m/s
05-08-2025;01:10:00;3,1; m/s
05-08-2025;01:20:00;2,3; m/s
05-08-2025;01:30:00;2,3; m/s
05-08-2025;01:40:00;2,4; m/s
05-08-2025;01:50:00;2,1; m/s
05-08-2025;02:00:00;2,4; m/s
05-08-2025;02:10:00;2,8; m/s
05-08-2025;02:20:00;2,5; m/s
05-08-2025;02:30:00;1,9; m/s
05-08-2025;02:40:00;1,5; m/s
05-08-2025;02:50:00;2,6; m/s
05-08-2025;03:00:00;3; m/s
05-08-2025;03:10:00;2,7; m/s
05-08-2025;03:20:00;3; m/s
05-08-2025;03:30:00;2,5; m/s
05-08-2025;03:40:00;2,2; m/s
05-08-2025;03:50:00;2,2; m/s
05-08-2025;04:00:00;3,3; m/s
05-08-2025;04:10:00;3,4; m/s
05-08-2025;04:20:00;3,5; m/s
05-08-2025;04:30:00;3,6; m/s
05-08-2025;04:40:00;3; m/s
05-08-2025;04:50:00;2,6; m/s
05-08-2025;05:00:00;3,5; m/s
05-08-2025;05:10:00;3,8; m/s
05-08-2025;05:20:00;3,2; m/s
05-08-2025;05:30:00;2,5; m/s
05-08-2025;05:40:00;2,2; m/s
05-08-2025;05:50:00;3,5; m/s
05-08-2025;06:00:00;3; m/s
05-08-2025;06:10:00;3,4; m/s
05-08-2025;06:20:00;3,7; m/s
05-08-2025;06:30:00;3; m/s
05-08-2025;06:40:00;3,5; m/s
05-08-2025;06:50:00;4,1; m/s
05-08-2025;07:00:00;3,3; m/s
05-08-2025;07:10:00;3,4; m/s
05-08-2025;07:20:00;2,8; m/s
05-08-2025;07:30:00;2,1; m/s
05-08-2025;07:40:00;1,7; m/s
05-08-2025;07:50:00;2,4; m/s
05-08-2025;08:00:00;3; m/s
05-08-2025;08:10:00;1,6; m/s
05-08-2025;08:20:00;2,4; m/s
05-08-2025;08:30:00;3,1; m/s
05-08-2025;08:40:00;2,5; m/s
05-08-2025;08:50:00;2,6; m/s
05-08-2025;09:00:00;3,2; m/s
05-08-2025;09:10:00;2; m/s
05-08-2025;09:20:00;1,3; m/s
05-08-2025;09:30:00;2; m/s
05-08-2025;09:40:00;4,4; m/s
05-08-2025;09:50:00;3,7; m/s
05-08-2025;10:00:00;3,1; m/s
05-08-2025;10:10:00;3,5; m/s
05-08-2025;10:20:00;5,1; m/s
05-08-2025;10:30:00;5,6; m/s
05-08-2025;10:40:00;4,6; m/s
05-08-2025;10:50:00;4,4; m/s
05-08-2025;11:00:00;4,4; m/s
05-08-2025;11:10:00;3,6; m/s
05-08-2025;11:20:00;2,4; m/s
05-08-2025;11:30:00;2,6; m/s
05-08-2025;11:40:00;1,6; m/s
05-08-2025;11:50:00;2,8; m/s
05-08-2025;12:00:00;2,5; m/s
05-08-2025;12:10:00;3,3; m/s
05-08-2025;12:20:00;2,4; m/s
05-08-2025;12:30:00;4,1; m/s
05-08-2025;12:40:00;4,3; m/s
05-08-2025;12:50:00;5,2; m/s
05-08-2025;13:00:00;5,4; m/s
05-08-2025;13:10:00;5,7; m/s
05-08-2025;13:20:00;6,1; m/s
05-08-2025;13:30:00;7,3; m/s
05-08-2025;13:40:00;6,8; m/s
05-08-2025;13:50:00;7,2; m/s
05-08-2025;14:00:00;6,5; m/s
05-08-2025;14:10:00;8,7; m/s
05-08-2025;14:20:00;8,7; m/s
05-08-2025;14:30:00;9,2; m/s
05-08-2025;14:40:00;8,6; m/s
05-08-2025;14:50:00;9; m/s
05-08-2025;15:00:00;8,6; m/s
05-08-2025;15:10:00;8,4; m/s
05-08-2025;15:20:00;8,3; m/s
05-08-2025;15:30:00;7,9; m/s
05-08-2025;15:40:00;8; m/s
05-08-2025;15:50:00;8,3; m/s
05-08-2025;16:00:00;8,4; m/s
05-08-2025;16:10:00;8,6; m/s
05-08-2025;16:20:00;7,9; m/s
05-08-2025;16:30:00;8,4; m/s
05-08-2025;16:40:00;9,1; m/s
05-08-2025;16:50:00;9,3; m/s
05-08-2025;17:00:00;8,9; m/s
05-08-2025;17:10:00;9,1; m/s
05-08-2025;17:20:00;8,8; m/s
05-08-2025;17:30:00;9,4; m/s
05-08-2025;17:40:00;8,8; m/s
05-08-2025;17:50:00;8; m/s
05-08-2025;18:00:00;9,2; m/s
05-08-2025;18:10:00;8,9; m/s
05-08-2025;18:20:00;8,8; m/s
05-08-2025;18:30:00;7,8; m/s
05-08-2025;18:40:00;6,5; m/s
05-08-2025;18:50:00;6,6; m/s
05-08-2025;19:00:00;4,3; m/s
05-08-2025;19:10:00;4,9; m/s
05-08-2025;19:20:00;5,6; m/s
05-08-2025;19:30:00;3,9; m/s
05-08-2025;19:40:00;4,6; m/s
05-08-2025;19:50:00;4,9; m/s
05-08-2025;20:00:00;4,2; m/s
05-08-2025;20:10:00;3,8; m/s
05-08-2025;20:20:00;2,4; m/s
05-08-2025;20:30:00;1,4; m/s
05-08-2025;20:40:00;2,5; m/s
05-08-2025;20:50:00;2,5; m/s
05-08-2025;21:00:00;1,8; m/s
05-08-2025;21:10:00;1,6; m/s
05-08-2025;21:20:00;1; m/s
05-08-2025;21:30:00;1,5; m/s
05-08-2025;21:40:00;1,1; m/s
05-08-2025;21:50:00;1,1; m/s
05-08-2025;22:00:00;0,7; m/s
05-08-2025;22:10:00;1,3; m/s
05-08-2025;22:20:00;1,6; m/s
05-08-2025;22:30:00;1,6; m/s
05-08-2025;22:40:00;1,5; m/s
05-08-2025;22:50:00;1,3; m/s
05-08-2025;23:00:00;1,8; m/s
05-08-2025;23:10:00;1,6; m/s
05-08-2025;23:20:00;0,3; m/s
05-08-2025;23:30:00;0; m/s
05-08-2025;23:40:00;1,1; m/s
05-08-2025;23:50:00;1,2; m/s
06-08-2025;00:00:00;1,2; m/s
06-08-2025;00:10:00;2,1; m/s
06-08-2025;00:20:00;2,1; m/s
06-08-2025;00:30:00;1,4; m/s
06-08-2025;00:40:00;1,5; m/s
06-08-2025;00:50:00;1,5; m/s
06-08-2025;01:00:00;1,7; m/s
06-08-2025;01:10:00;1; m/s
06-08-2025;01:20:00;1,6; m/s
06-08-2025;01:30:00;2,3; m/s
06-08-2025;01:40:00;2,5; m/s
06-08-2025;01:50:00;2,3; m/s
06-08-2025;02:00:00;1,6; m/s
06-08-2025;02:10:00;2,2; m/s
06-08-2025;02:20:00;1,9; m/s
06-08-2025;02:30:00;1,1; m/s
06-08-2025;02:40:00;0,9; m/s
06-08-2025;02:50:00;0,9; m/s
06-08-2025;03:00:00;1,4; m/s
06-08-2025;03:10:00;2,4; m/s
06-08-2025;03:20:00;2,1; m/s
06-08-2025;03:30:00;2,4; m/s
06-08-2025;03:40:00;2,2; m/s
06-08-2025;03:50:00;2,2; m/s
06-08-2025;04:00:00;2,4; m/s
06-08-2025;04:10:00;2,6; m/s
06-08-2025;04:20:00;2,1; m/s
06-08-2025;04:30:00;2,3; m/s
06-08-2025;04:40:00;2,4; m/s
06-08-2025;04:50:00;2,1; m/s
06-08-2025;05:00:00;2,6; m/s
06-08-2025;05:10:00;2,9; m/s
06-08-2025;05:20:00;2,7; m/s
06-08-2025;05:30:00;2,5; m/s
06-08-2025;05:40:00;2,3; m/s
06-08-2025;05:50:00;2,6; m/s
06-08-2025;06:00:00;3,6; m/s
06-08-2025;06:10:00;4; m/s
06-08-2025;06:20:00;3; m/s
06-08-2025;06:30:00;3,3; m/s
06-08-2025;06:40:00;2,6; m/s
06-08-2025;06:50:00;2,8; m/s
06-08-2025;07:00:00;3; m/s
06-08-2025;07:10:00;3,1; m/s
06-08-2025;07:20:00;2,3; m/s
06-08-2025;07:30:00;2; m/s
06-08-2025;07:40:00;2; m/s
06-08-2025;07:50:00;1,9; m/s
06-08-2025;08:00:00;2,3; m/s
06-08-2025;08:10:00;1,9; m/s
06-08-2025;08:20:00;2,1; m/s
06-08-2025;08:30:00;2,4; m/s
06-08-2025;08:40:00;2,6; m/s
06-08-2025;08:50:00;2,8; m/s
06-08-2025;09:00:00;2,8; m/s
06-08-2025;09:10:00;2,7; m/s
06-08-2025;09:20:00;2,7; m/s
06-08-2025;09:30:00;2,2; m/s
06-08-2025;09:40:00;2,2; m/s
06-08-2025;09:50:00;2,1; m/s
06-08-2025;10:00:00;2,4; m/s
06-08-2025;10:10:00;1,9; m/s
06-08-2025;10:20:00;2; m/s
06-08-2025;10:30:00;1,7; m/s
06-08-2025;10:40:00;2; m/s
06-08-2025;10:50:00;1,8; m/s
06-08-2025;11:00:00;2; m/s
06-08-2025;11:10:00;2; m/s
06-08-2025;11:20:00;2,4; m/s
06-08-2025;11:30:00;3,3; m/s
06-08-2025;11:40:00;3,9; m/s
06-08-2025;11:50:00;4,4; m/s
06-08-2025;12:00:00;4,7; m/s
06-08-2025;12:10:00;4,4; m/s
06-08-2025;12:20:00;4,3; m/s
06-08-2025;12:30:00;4,3; m/s
06-08-2025;12:40:00;4,2; m/s
06-08-2025;12:50:00;4,1; m/s
06-08-2025;13:00:00;4,8; m/s
06-08-2025;13:10:00;4; m/s
06-08-2025;13:20:00;4,7; m/s
06-08-2025;13:30:00;4,5; m/s
06-08-2025;13:40:00;4,5; m/s
06-08-2025;13:50:00;3,8; m/s
06-08-2025;14:00:00;4,7; m/s
06-08-2025;14:10:00;4,9; m/s
06-08-2025;14:20:00;5,3; m/s
06-08-2025;14:30:00;5,5; m/s
06-08-2025;14:40:00;5,8; m/s
06-08-2025;14:50:00;6,7; m/s
06-08-2025;15:00:00;6,6; m/s
06-08-2025;15:10:00;6,5; m/s
06-08-2025;15:20:00;6,4; m/s
06-08-2025;15:30:00;6,7; m/s
06-08-2025;15:40:00;6,3; m/s
06-08-2025;15:50:00;5,8; m/s
06-08-2025;16:00:00;4,9; m/s
06-08-2025;16:10:00;5,1; m/s
06-08-2025;16:20:00;5,9; m/s
06-08-2025;16:30:00;5; m/s
06-08-2025;16:40:00;4,5; m/s
06-08-2025;16:50:00;4,1; m/s
06-08-2025;17:00:00;4,6; m/s
06-08-2025;17:10:00;3,8; m/s
06-08-2025;17:20:00;3,9; m/s
06-08-2025;17:30:00;3,7; m/s
06-08-2025;17:40:00;3,7; m/s
06-08-2025;17:50:00;3,4; m/s
06-08-2025;18:00:00;4; m/s
06-08-2025;18:10:00;5,3; m/s
06-08-2025;18:20:00;5,9; m/s
06-08-2025;18:30:00;6,2; m/s
06-08-2025;18:40:00;5,7; m/s
06-08-2025;18:50:00;5,4; m/s
06-08-2025;19:00:00;5,1; m/s
06-08-2025;19:10:00;3,5; m/s
06-08-2025;19:20:00;3,5; m/s
06-08-2025;19:30:00;3,3; m/s
06-08-2025;19:40:00;2,8; m/s
06-08-2025;19:50:00;2,7; m/s
06-08-2025;20:00:00;2,9; m/s
06-08-2025;20:10:00;3,4; m/s
06-08-2025;20:20:00;3,4; m/s
06-08-2025;20:30:00;3,4; m/s
06-08-2025;20:40:00;3,2; m/s
06-08-2025;20:50:00;2,3; m/s
06-08-2025;21:00:00;2,7; m/s
06-08-2025;21:10:00;2,9; m/s
06-08-2025;21:20:00;2,7; m/s
06-08-2025;21:30:00;1,5; m/s
06-08-2025;21:40:00;1,2; m/s
06-08-2025;21:50:00;1,2; m/s
06-08-2025;22:00:00;1,9; m/s
06-08-2025;22:10:00;1,4; m/s
06-08-2025;22:20:00;1,2; m/s
06-08-2025;22:30:00;1,4; m/s
06-08-2025;22:40:00;0,9; m/s
06-08-2025;22:50:00;1,4; m/s
06-08-2025;23:00:00;1,6; m/s
06-08-2025;23:10:00;1,9; m/s
06-08-2025;23:20:00;1,8; m/s
06-08-2025;23:30:00;1,3; m/s
06-08-2025;23:40:00;1,1; m/s
06-08-2025;23:50:00;1,2; m/s
07-08-2025;00:00:00;0,9; m/s
07-08-2025;00:10:00;1,4; m/s
07-08-2025;00:20:00;1,2; m/s
07-08-2025;00:30:00;0,2; m/s
07-08-2025;00:40:00;0,3; m/s
07-08-2025;00:50:00;0,7; m/s
07-08-2025;01:00:00;1,4; m/s
07-08-2025;01:10:00;1,3; m/s
07-08-2025;01:20:00;1,7; m/s
07-08-2025;01:30:00;1,7; m/s
07-08-2025;01:40:00;1,3; m/s
07-08-2025;01:50:00;1,8; m/s
07-08-2025;02:00:00;1,2; m/s
07-08-2025;02:10:00;1,1; m/s
07-08-2025;02:20:00;1,1; m/s
07-08-2025;02:30:00;0,2; m/s
07-08-2025;02:40:00;0,3; m/s
07-08-2025;02:50:00;0,1; m/s
07-08-2025;03:00:00;1; m/s
07-08-2025;03:10:00;1; m/s
07-08-2025;03:20:00;1,4; m/s
07-08-2025;03:30:00;1,7; m/s
07-08-2025;03:40:00;1,2; m/s
07-08-2025;03:50:00;1,4; m/s
07-08-2025;04:00:00;1,1; m/s
07-08-2025;04:10:00;1,2; m/s
07-08-2025;04:20:00;1,4; m/s
07-08-2025;04:30:00;1,5; m/s
07-08-2025;04:40:00;1,9; m/s
07-08-2025;04:50:00;1,7; m/s
07-08-2025;05:00:00;2,3; m/s
07-08-2025;05:10:00;2,2; m/s
07-08-2025;05:20:00;2,3; m/s
07-08-2025;05:30:00;2,1; m/s
07-08-2025;05:40:00;2,7; m/s
07-08-2025;05:50:00;2; m/s
07-08-2025;06:00:00;1,4; m/s
07-08-2025;06:10:00;1,2; m/s
07-08-2025;06:20:00;1,2; m/s
07-08-2025;06:30:00;1,4; m/s
07-08-2025;06:40:00;1,3; m/s
07-08-2025;06:50:00;0,9; m/s
07-08-2025;07:00:00;1,2; m/s
07-08-2025;07:10:00;1,5; m/s
07-08-2025;07:20:00;1,4; m/s
07-08-2025;07:30:00;1,1; m/s
07-08-2025;07:40:00;0,8; m/s
07-08-2025;07:50:00;1,1; m/s
07-08-2025;08:00:00;0,9; m/s
07-08-2025;08:10:00;1; m/s
07-08-2025;08:20:00;0,8; m/s
07-08-2025;08:30:00;1,5; m/s
07-08-2025;08:40:00;1,5; m/s
07-08-2025;08:50:00;1,3; m/s
07-08-2025;09:00:00;1,1; m/s
07-08-2025;09:10:00;1,3; m/s
07-08-2025;09:20:00;1,5; m/s
07-08-2025;09:30:00;1,7; m/s
07-08-2025;09:40:00;1,9; m/s
07-08-2025;09:50:00;1,5; m/s
07-08-2025;10:00:00;1,4; m/s
07-08-2025;10:10:00;1,7; m/s
07-08-2025;10:20:00;1,5; m/s
07-08-2025;10:30:00;1,7; m/s
07-08-2025;10:40:00;2,3; m/s
07-08-2025;10:50:00;3,6; m/s
07-08-2025;11:00:00;3,1; m/s
07-08-2025;11:10:00;3,5; m/s
07-08-2025;11:20:00;3,6; m/s
07-08-2025;11:30:00;3,8; m/s
07-08-2025;11:40:00;4,7; m/s
07-08-2025;11:50:00;4,8; m/s
07-08-2025;12:00:00;5; m/s
07-08-2025;12:10:00;5,4; m/s
07-08-2025;12:20:00;5,1; m/s
07-08-2025;12:30:00;5,2; m/s
07-08-2025;12:40:00;4,6; m/s
07-08-2025;12:50:00;5,5; m/s
07-08-2025;13:00:00;4,8; m/s
07-08-2025;13:10:00;4,6; m/s
07-08-2025;13:20:00;4,9; m/s
07-08-2025;13:30:00;5,1; m/s
07-08-2025;13:40:00;4,9; m/s
07-08-2025;13:50:00;6,3; m/s
07-08-2025;14:00:00;5,9; m/s
07-08-2025;14:10:00;6; m/s
07-08-2025;14:20:00;6,1; m/s
07-08-2025;14:30:00;6,6; m/s
07-08-2025;14:40:00;7; m/s
07-08-2025;14:50:00;8; m/s
07-08-2025;15:00:00;8,1; m/s
07-08-2025;15:10:00;8; m/s
07-08-2025;15:20:00;8,2; m/s
07-08-2025;15:30:00;8; m/s
07-08-2025;15:40:00;8; m/s
07-08-2025;15:50:00;7,9; m/s
07-08-2025;16:00:00;8; m/s
07-08-2025;16:10:00;7,3; m/s
07-08-2025;16:20:00;7,3; m/s
07-08-2025;16:30:00;7,2; m/s
07-08-2025;16:40:00;7,4; m/s
07-08-2025;16:50:00;7,3; m/s
07-08-2025;17:00:00;6,9; m/s
07-08-2025;17:10:00;6,5; m/s
07-08-2025;17:20:00;6; m/s
07-08-2025;17:30:00;6,8; m/s
07-08-2025;17:40:00;7,4; m/s
07-08-2025;17:50:00;6,7; m/s
07-08-2025;18:00:00;6,6; m/s
07-08-2025;18:10:00;6,6; m/s
07-08-2025;18:20:00;6,5; m/s
07-08-2025;18:30:00;5,9; m/s
07-08-2025;18:40:00;3,7; m/s
07-08-2025;18:50:00;3; m/s
07-08-2025;19:00:00;2,8; m/s
07-08-2025;19:10:00;4; m/s
07-08-2025;19:20:00;3,9; m/s
07-08-2025;19:30:00;3,5; m/s
07-08-2025;19:40:00;4,1; m/s
07-08-2025;19:50:00;4,1; m/s
07-08-2025;20:00:00;4; m/s
07-08-2025;20:10:00;3,9; m/s
07-08-2025;20:20:00;3,8; m/s
07-08-2025;20:30:00;3,4; m/s
07-08-2025;20:40:00;3,4; m/s
07-08-2025;20:50:00;2,9; m/s
07-08-2025;21:00:00;2,6; m/s
07-08-2025;21:10:00;3,6; m/s
07-08-2025;21:20:00;3,5; m/s
07-08-2025;21:30:00;3; m/s
07-08-2025;21:40:00;3,4; m/s
07-08-2025;21:50:00;3,1; m/s
07-08-2025;22:00:00;2,3; m/s
07-08-2025;22:10:00;2; m/s
07-08-2025;22:20:00;1,9; m/s
07-08-2025;22:30:00;2,3; m/s
07-08-2025;22:40:00;2,8; m/s
07-08-2025;22:50:00;2,2; m/s
07-08-2025;23:00:00;1,8; m/s
07-08-2025;23:10:00;1,4; m/s
07-08-2025;23:20:00;1,2; m/s
07-08-2025;23:30:00;0,8; m/s
07-08-2025;23:40:00;0,8; m/s
07-08-2025;23:50:00;1; m/s
08-08-2025;00:00:00;1,3; m/s
08-08-2025;00:10:00;2; m/s
08-08-2025;00:20:00;1,8; m/s
08-08-2025;00:30:00;1,5; m/s
08-08-2025;00:40:00;1,2; m/s
08-08-2025;00:50:00;0,2; m/s
08-08-2025;01:00:00;0,5; m/s
08-08-2025;01:10:00;0,4; m/s
08-08-2025;01:20:00;0,4; m/s
08-08-2025;01:30:00;0,2; m/s
08-08-2025;01:40:00;0; m/s
08-08-2025;01:50:00;0,9; m/s
08-08-2025;02:00:00;0,8; m/s
08-08-2025;02:10:00;0; m/s
08-08-2025;02:20:00;0,6; m/s
08-08-2025;02:30:00;0,8; m/s
08-08-2025;02:40:00;1,7; m/s
08-08-2025;02:50:00;2; m/s
08-08-2025;03:00:00;2,3; m/s
08-08-2025;03:10:00;2,3; m/s
08-08-2025;03:20:00;1,8; m/s
08-08-2025;03:30:00;2,6; m/s
08-08-2025;03:40:00;3,3; m/s
08-08-2025;03:50:00;3,6; m/s
08-08-2025;04:00:00;3,6; m/s
08-08-2025;04:10:00;2,8; m/s
08-08-2025;04:20:00;2,5; m/s
08-08-2025;04:30:00;2,3; m/s
08-08-2025;04:40:00;1,3; m/s
08-08-2025;04:50:00;2,2; m/s
08-08-2025;05:00:00;2; m/s
08-08-2025;05:10:00;0,8; m/s
08-08-2025;05:20:00;2,6; m/s
08-08-2025;05:30:00;2,2; m/s
08-08-2025;05:40:00;1,9; m/s
08-08-2025;05:50:00;1,4; m/s
08-08-2025;06:00:00;0,7; m/s
08-08-2025;06:10:00;0,7; m/s
08-08-2025;06:20:00;2,1; m/s
08-08-2025;06:30:00;1,2; m/s
08-08-2025;06:40:00;1,7; m/s
08-08-2025;06:50:00;1,4; m/s
08-08-2025;07:00:00;1,1; m/s
08-08-2025;07:10:00;0,7; m/s
08-08-2025;07:20:00;1; m/s
08-08-2025;07:30:00;1; m/s
08-08-2025;07:40:00;1,1; m/s
08-08-2025;07:50:00;1,3; m/s
08-08-2025;08:00:00;1,3; m/s
08-08-2025;08:10:00;1,3; m/s
08-08-2025;08:20:00;1,4; m/s
08-08-2025;08:30:00;1,7; m/s
08-08-2025;08:40:00;0,9; m/s
08-08-2025;08:50:00;1,1; m/s
08-08-2025;09:00:00;1,3; m/s
08-08-2025;09:10:00;1; m/s
08-08-2025;09:20:00;1,1; m/s
08-08-2025;09:30:00;1; m/s
08-08-2025;09:40:00;1,2; m/s
08-08-2025;09:50:00;1,4; m/s
08-08-2025;10:00:00;1,3; m/s
08-08-2025;10:10:00;1,7; m/s
08-08-2025;10:20:00;1,7; m/s
08-08-2025;10:30:00;4,1; m/s
08-08-2025;10:40:00;3,7; m/s
08-08-2025;10:50:00;3,7; m/s
08-08-2025;11:00:00;3,7; m/s
08-08-2025;11:10:00;4; m/s
08-08-2025;11:20:00;4; m/s
08-08-2025;11:30:00;3,7; m/s
08-08-2025;11:40:00;4,1; m/s
08-08-2025;11:50:00;4,9; m/s
08-08-2025;12:00:00;3,7; m/s
08-08-2025;12:10:00;4,1; m/s
08-08-2025;12:20:00;4,2; m/s
08-08-2025;12:30:00;5,1; m/s
08-08-2025;12:40:00;5,9; m/s
08-08-2025;12:50:00;5,8; m/s
08-08-2025;13:00:00;5,1; m/s
08-08-2025;13:10:00;5,6; m/s
08-08-2025;13:20:00;6,9; m/s
08-08-2025;13:30:00;7,4; m/s
08-08-2025;13:40:00;8; m/s
08-08-2025;13:50:00;8,5; m/s
08-08-2025;14:00:00;8,2; m/s
08-08-2025;14:10:00;8; m/s
08-08-2025;14:20:00;8,1; m/s
08-08-2025;14:30:00;7,9; m/s
08-08-2025;14:40:00;8,2; m/s
08-08-2025;14:50:00;9; m/s
08-08-2025;15:00:00;9; m/s
08-08-2025;15:10:00;8,9; m/s
08-08-2025;15:20:00;8,5; m/s
08-08-2025;15:30:00;9,2; m/s
08-08-2025;15:40:00;9,5; m/s
08-08-2025;15:50:00;9,3; m/s
08-08-2025;16:00:00;8,8; m/s
08-08-2025;16:10:00;8,6; m/s
08-08-2025;16:20:00;8,2; m/s
08-08-2025;16:30:00;8; m/s
08-08-2025;16:40:00;8,2; m/s
08-08-2025;16:50:00;8,2; m/s
08-08-2025;17:00:00;7,9; m/s
08-08-2025;17:10:00;8,1; m/s
08-08-2025;17:20:00;8,1; m/s
08-08-2025;17:30:00;8,3; m/s
08-08-2025;17:40:00;7,9; m/s
08-08-2025;17:50:00;7,4; m/s
08-08-2025;18:00:00;7,8; m/s
08-08-2025;18:10:00;7,4; m/s
08-08-2025;18:20:00;6,1; m/s
08-08-2025;18:30:00;4,2; m/s
08-08-2025;18:40:00;3,2; m/s
08-08-2025;18:50:00;4,7; m/s
08-08-2025;19:00:00;5; m/s
08-08-2025;19:10:00;4,7; m/s
08-08-2025;19:20:00;3,8; m/s
08-08-2025;19:30:00;2,8; m/s
08-08-2025;19:40:00;3; m/s
08-08-2025;19:50:00;3,2; m/s
08-08-2025;20:00:00;3,7; m/s
08-08-2025;20:10:00;4; m/s
08-08-2025;20:20:00;3,9; m/s
08-08-2025;20:30:00;4,2; m/s
08-08-2025;20:40:00;3,3; m/s
08-08-2025;20:50:00;3; m/s
08-08-2025;21:00:00;1,9; m/s
08-08-2025;21:10:00;2,2; m/s
08-08-2025;21:20:00;1,8; m/s
08-08-2025;21:30:00;1,6; m/s
08-08-2025;21:40:00;1,3; m/s
08-08-2025;21:50:00;3; m/s
08-08-2025;22:00:00;2,9; m/s
08-08-2025;22:10:00;2,7; m/s
08-08-2025;22:20:00;3; m/s
08-08-2025;22:30:00;1,8; m/s
08-08-2025;22:40:00;2,2; m/s
08-08-2025;22:50:00;2; m/s
08-08-2025;23:00:00;1,9; m/s
08-08-2025;23:10:00;2,4; m/s
08-08-2025;23:20:00;1,8; m/s
08-08-2025;23:30:00;1,4; m/s
08-08-2025;23:40:00;1,5; m/s
08-08-2025;23:50:00;1,3; m/s
09-08-2025;00:00:00;1,3; m/s
09-08-2025;00:10:00;0,9; m/s
09-08-2025;00:20:00;1,3; m/s
09-08-2025;00:30:00;1,1; m/s
09-08-2025;00:40:00;2,4; m/s
09-08-2025;00:50:00;2; m/s
09-08-2025;01:00:00;2,8; m/s
09-08-2025;01:10:00;2,8; m/s
09-08-2025;01:20:00;2,2; m/s
09-08-2025;01:30:00;2,2; m/s
09-08-2025;01:40:00;1,2; m/s
09-08-2025;01:50:00;0,8; m/s
09-08-2025;02:00:00;0,3; m/s
09-08-2025;02:10:00;1,5; m/s
09-08-2025;02:20:00;1,8; m/s
09-08-2025;02:30:00;1,4; m/s
09-08-2025;02:40:00;1,2; m/s
09-08-2025;02:50:00;1,4; m/s
09-08-2025;03:00:00;1,7; m/s
09-08-2025;03:10:00;1,8; m/s
09-08-2025;03:20:00;1,6; m/s
09-08-2025;03:30:00;1,8; m/s
09-08-2025;03:40:00;1,7; m/s
09-08-2025;03:50:00;2,2; m/s
09-08-2025;04:00:00;2,3; m/s
09-08-2025;04:10:00;1,6; m/s
09-08-2025;04:20:00;1,4; m/s
09-08-2025;04:30:00;1,3; m/s
09-08-2025;04:40:00;1,4; m/s
09-08-2025;04:50:00;1,6; m/s
09-08-2025;05:00:00;1,6; m/s
09-08-2025;05:10:00;1,2; m/s
09-08-2025;05:20:00;1,3; m/s
09-08-2025;05:30:00;1; m/s
09-08-2025;05:40:00;1,5; m/s
09-08-2025;05:50:00;1,9; m/s
09-08-2025;06:00:00;2,2; m/s
09-08-2025;06:10:00;2,5; m/s
09-08-2025;06:20:00;2,9; m/s
09-08-2025;06:30:00;2,9; m/s
09-08-2025;06:40:00;3,7; m/s
09-08-2025;06:50:00;2,5; m/s
09-08-2025;07:00:00;1,3; m/s
09-08-2025;07:10:00;1,9; m/s
09-08-2025;07:20:00;2,8; m/s
09-08-2025;07:30:00;2,3; m/s
09-08-2025;07:40:00;1,9; m/s
09-08-2025;07:50:00;1,7; m/s
09-08-2025;08:00:00;1,5; m/s
09-08-2025;08:10:00;0,7; m/s
09-08-2025;08:20:00;1; m/s
09-08-2025;08:30:00;1,1; m/s
09-08-2025;08:40:00;1,2; m/s
09-08-2025;08:50:00;1,2; m/s
09-08-2025;09:00:00;1,2; m/s
09-08-2025;09:10:00;1,3; m/s
09-08-2025;09:20:00;1,6; m/s
09-08-2025;09:30:00;1,6; m/s
09-08-2025;09:40:00;1,8; m/s
09-08-2025;09:50:00;1,6; m/s
09-08-2025;10:00:00;1,5; m/s
09-08-2025;10:10:00;1,5; m/s
09-08-2025;10:20:00;2; m/s
09-08-2025;10:30:00;2,4; m/s
09-08-2025;10:40:00;1,9; m/s
09-08-2025;10:50:00;2,6; m/s
09-08-2025;11:00:00;3; m/s
09-08-2025;11:10:00;3,1; m/s
09-08-2025;11:20:00;3,3; m/s
09-08-2025;11:30:00;3,8; m/s
09-08-2025;11:40:00;3,6; m/s
09-08-2025;11:50:00;3,9; m/s
09-08-2025;12:00:00;4; m/s
09-08-2025;12:10:00;3,8; m/s
09-08-2025;12:20:00;4; m/s
09-08-2025;12:30:00;4,3; m/s
09-08-2025;12:40:00;4,8; m/s
09-08-2025;12:50:00;4,7; m/s
09-08-2025;13:00:00;4,4; m/s
09-08-2025;13:10:00;4,6; m/s
09-08-2025;13:20:00;4,8; m/s
09-08-2025;13:30:00;5,2; m/s
09-08-2025;13:40:00;4,4; m/s
09-08-2025;13:50:00;4,5; m/s
09-08-2025;14:00:00;4,3; m/s
09-08-2025;14:10:00;5,1; m/s
09-08-2025;14:20:00;4,9; m/s
09-08-2025;14:30:00;4,9; m/s
09-08-2025;14:40:00;4,7; m/s
09-08-2025;14:50:00;5,3; m/s
09-08-2025;15:00:00;5,6; m/s
09-08-2025;15:10:00;5,2; m/s
09-08-2025;15:20:00;5,5; m/s
09-08-2025;15:30:00;6,4; m/s
09-08-2025;15:40:00;6,1; m/s
09-08-2025;15:50:00;3,7; m/s
09-08-2025;16:00:00;4,4; m/s
09-08-2025;16:10:00;3,8; m/s
09-08-2025;16:20:00;3,7; m/s
09-08-2025;16:30:00;6,1; m/s
09-08-2025;16:40:00;7,4; m/s
09-08-2025;16:50:00;8,3; m/s
09-08-2025;17:00:00;8,2; m/s
09-08-2025;17:10:00;7,4; m/s
09-08-2025;17:20:00;7,7; m/s
09-08-2025;17:30:00;7,7; m/s
09-08-2025;17:40:00;7,2; m/s
09-08-2025;17:50:00;7,2; m/s
09-08-2025;18:00:00;7,2; m/s
09-08-2025;18:10:00;7,2; m/s
09-08-2025;18:20:00;6,4; m/s
09-08-2025;18:30:00;6; m/s
09-08-2025;18:40:00;4,7; m/s
09-08-2025;18:50:00;5; m/s
09-08-2025;19:00:00;5,2; m/s
09-08-2025;19:10:00;4,8; m/s
09-08-2025;19:20:00;3; m/s
09-08-2025;19:30:00;3,1; m/s
09-08-2025;19:40:00;3,4; m/s
09-08-2025;19:50:00;3,3; m/s
09-08-2025;20:00:00;3,4; m/s
09-08-2025;20:10:00;3,3; m/s
09-08-2025;20:20:00;3,5; m/s
09-08-2025;20:30:00;3,1; m/s
09-08-2025;20:40:00;3,7; m/s
09-08-2025;20:50:00;3,4; m/s
09-08-2025;21:00:00;3,5; m/s
09-08-2025;21:10:00;3,7; m/s
09-08-2025;21:20:00;2,2; m/s
09-08-2025;21:30:00;2; m/s
09-08-2025;21:40:00;2,4; m/s
09-08-2025;21:50:00;3,1; m/s
09-08-2025;22:00:00;3,2; m/s
09-08-2025;22:10:00;3,6; m/s
09-08-2025;22:20:00;3,4; m/s
09-08-2025;22:30:00;2,8; m/s
09-08-2025;22:40:00;3,4; m/s
09-08-2025;22:50:00;2,9; m/s
09-08-2025;23:00:00;2,3; m/s
09-08-2025;23:10:00;2,2; m/s
09-08-2025;23:20:00;1,4; m/s
09-08-2025;23:30:00;0,9; m/s
09-08-2025;23:40:00;1,1; m/s
09-08-2025;23:50:00;0,5; m/s
10-08-2025;00:00:00;0,5; m/s
10-08-2025;00:10:00;1; m/s
10-08-2025;00:20:00;1; m/s
10-08-2025;00:30:00;0,6; m/s
10-08-2025;00:40:00;0,8; m/s
10-08-2025;00:50:00;0,3; m/s
10-08-2025;01:00:00;0,9; m/s
10-08-2025;01:10:00;0,6; m/s
10-08-2025;01:20:00;0,5; m/s
10-08-2025;01:30:00;0,4; m/s
10-08-2025;01:40:00;0,1; m/s
10-08-2025;01:50:00;0,1; m/s
10-08-2025;02:00:00;0,6; m/s
10-08-2025;02:10:00;1,3; m/s
10-08-2025;02:20:00;1,1; m/s
10-08-2025;02:30:00;0,2; m/s
10-08-2025;02:40:00;0,1; m/s
10-08-2025;02:50:00;0,7; m/s
10-08-2025;03:00:00;0,6; m/s
10-08-2025;03:10:00;0,4; m/s
10-08-2025;03:20:00;0,7; m/s
10-08-2025;03:30:00;0,8; m/s
10-08-2025;03:40:00;0,8; m/s
10-08-2025;03:50:00;1,4; m/s
10-08-2025;04:00:00;2,1; m/s
10-08-2025;04:10:00;2,3; m/s
10-08-2025;04:20:00;2,3; m/s
10-08-2025;04:30:00;2; m/s
10-08-2025;04:40:00;1,4; m/s
10-08-2025;04:50:00;1,6; m/s
10-08-2025;05:00:00;2,1; m/s
10-08-2025;05:10:00;1,6; m/s
10-08-2025;05:20:00;1,6; m/s
10-08-2025;05:30:00;1,3; m/s
10-08-2025;05:40:00;0,7; m/s
10-08-2025;05:50:00;1,1; m/s
10-08-2025;06:00:00;1,1; m/s
10-08-2025;06:10:00;1; m/s
10-08-2025;06:20:00;1,6; m/s
10-08-2025;06:30:00;1,3; m/s
10-08-2025;06:40:00;1,7; m/s
10-08-2025;06:50:00;1,3; m/s
10-08-2025;07:00:00;1,3; m/s
10-08-2025;07:10:00;1,2; m/s
10-08-2025;07:20:00;0,8; m/s
10-08-2025;07:30:00;0,8; m/s
10-08-2025;07:40:00;1; m/s
10-08-2025;07:50:00;1,7; m/s
10-08-2025;08:00:00;1,9; m/s
10-08-2025;08:10:00;1,9; m/s
10-08-2025;08:20:00;2,3; m/s
10-08-2025;08:30:00;2,6; m/s
10-08-2025;08:40:00;3,4; m/s
10-08-2025;08:50:00;4; m/s
10-08-2025;09:00:00;3,9; m/s
10-08-2025;09:10:00;4; m/s
10-08-2025;09:20:00;3,9; m/s
10-08-2025;09:40:00;3,3; m/s
10-08-2025;09:50:00;3; m/s
10-08-2025;10:00:00;1,8; m/s
10-08-2025;10:10:00;1,8; m/s
10-08-2025;10:20:00;1,7; m/s
10-08-2025;10:30:00;2,1; m/s
10-08-2025;10:40:00;3,2; m/s
10-08-2025;10:50:00;3,1; m/s
10-08-2025;11:00:00;3,4; m/s
10-08-2025;11:10:00;3,2; m/s
10-08-2025;11:20:00;3,4; m/s
10-08-2025;11:30:00;4,3; m/s
10-08-2025;11:40:00;4,5; m/s
10-08-2025;11:50:00;4,4; m/s
10-08-2025;12:00:00;4,3; m/s
10-08-2025;12:10:00;4,4; m/s
10-08-2025;12:20:00;4,6; m/s
10-08-2025;12:30:00;3,7; m/s
10-08-2025;12:40:00;3,8; m/s
10-08-2025;12:50:00;4,5; m/s
10-08-2025;13:00:00;4,4; m/s
10-08-2025;13:10:00;4,6; m/s
10-08-2025;13:20:00;5,1; m/s
10-08-2025;13:30:00;5,1; m/s
10-08-2025;13:40:00;5; m/s
10-08-2025;13:50:00;5; m/s
10-08-2025;14:00:00;4,9; m/s
10-08-2025;14:10:00;5,2; m/s
10-08-2025;14:20:00;6,7; m/s
10-08-2025;14:30:00;6,9; m/s
10-08-2025;14:40:00;7,6; m/s
10-08-2025;14:50:00;7,6; m/s
10-08-2025;15:00:00;8,1; m/s
10-08-2025;15:10:00;7,6; m/s
10-08-2025;15:20:00;7,7; m/s
10-08-2025;15:30:00;7,8; m/s
10-08-2025;15:40:00;8,2; m/s
10-08-2025;15:50:00;8,4; m/s
10-08-2025;16:00:00;8,6; m/s
10-08-2025;16:10:00;8,7; m/s
10-08-2025;16:20:00;8; m/s
10-08-2025;16:30:00;8,1; m/s
10-08-2025;16:40:00;7,9; m/s
10-08-2025;16:50:00;8,4; m/s
10-08-2025;17:00:00;8,5; m/s
10-08-2025;17:10:00;8,4; m/s
10-08-2025;17:20:00;7,9; m/s
10-08-2025;17:30:00;7,2; m/s
10-08-2025;17:40:00;7,2; m/s
10-08-2025;17:50:00;6,8; m/s
10-08-2025;18:00:00;5,1; m/s
10-08-2025;18:10:00;4,9; m/s
10-08-2025;18:20:00;5,7; m/s
10-08-2025;18:30:00;4,9; m/s
10-08-2025;18:40:00;5; m/s
10-08-2025;18:50:00;5,1; m/s
10-08-2025;19:00:00;4,5; m/s
10-08-2025;19:10:00;4,3; m/s
10-08-2025;19:20:00;3,5; m/s
10-08-2025;19:30:00;3,7; m/s
10-08-2025;19:40:00;3; m/s
10-08-2025;19:50:00;1,6; m/s
10-08-2025;20:00:00;1,3; m/s
10-08-2025;20:10:00;2; m/s
10-08-2025;20:20:00;1,9; m/s
10-08-2025;20:30:00;1,1; m/s
10-08-2025;20:40:00;0,6; m/s
10-08-2025;20:50:00;0,4; m/s
10-08-2025;21:00:00;0,4; m/s
10-08-2025;21:10:00;1,5; m/s
10-08-2025;21:20:00;2,4; m/s
10-08-2025;21:30:00;3,3; m/s
10-08-2025;21:40:00;2,9; m/s
10-08-2025;21:50:00;1,2; m/s
10-08-2025;22:00:00;1,5; m/s
10-08-2025;22:10:00;1,6; m/s
10-08-2025;22:20:00;1,9; m/s
10-08-2025;22:30:00;1,4; m/s
10-08-2025;22:40:00;1,5; m/s
10-08-2025;22:50:00;1,7; m/s
10-08-2025;23:00:00;1,3; m/s
10-08-2025;23:10:00;1,2; m/s
10-08-2025;23:20:00;1,9; m/s
10-08-2025;23:30:00;2,1; m/s
10-08-2025;23:40:00;1,4; m/s
10-08-2025;23:50:00;1,5; m/s
11-08-2025;00:00:00;1,7; m/s
11-08-2025;00:10:00;2,2; m/s
11-08-2025;00:20:00;2,2; m/s
11-08-2025;00:30:00;1,4; m/s
11-08-2025;00:40:00;1,1; m/s
11-08-2025;00:50:00;1,4; m/s
11-08-2025;01:00:00;1,8; m/s
11-08-2025;01:10:00;2,1; m/s
11-08-2025;01:20:00;1,6; m/s
11-08-2025;01:30:00;0,6; m/s
11-08-2025;01:40:00;1; m/s
11-08-2025;01:50:00;0,5; m/s
11-08-2025;02:00:00;0,6; m/s
11-08-2025;02:10:00;0,8; m/s
11-08-2025;02:20:00;0; m/s
11-08-2025;02:30:00;0,1; m/s
11-08-2025;02:40:00;0,8; m/s
11-08-2025;02:50:00;0,7; m/s
11-08-2025;03:00:00;1,2; m/s
11-08-2025;03:10:00;1,6; m/s
11-08-2025;03:20:00;1,9; m/s
11-08-2025;03:30:00;1,8; m/s
11-08-2025;03:40:00;2,4; m/s
11-08-2025;03:50:00;2,6; m/s
11-08-2025;04:00:00;1,9; m/s
11-08-2025;04:10:00;1,6; m/s
11-08-2025;04:20:00;1,4; m/s
11-08-2025;04:30:00;1,3; m/s
11-08-2025;04:40:00;0,7; m/s
11-08-2025;04:50:00;0,6; m/s
11-08-2025;05:00:00;0,8; m/s
11-08-2025;05:10:00;0,9; m/s
11-08-2025;05:20:00;0,5; m/s
11-08-2025;05:30:00;0,2; m/s
11-08-2025;05:40:00;0,7; m/s
11-08-2025;05:50:00;0,5; m/s
11-08-2025;06:00:00;0,6; m/s
11-08-2025;06:10:00;0,5; m/s
11-08-2025;06:20:00;1; m/s
11-08-2025;06:30:00;0,5; m/s
11-08-2025;06:40:00;1,1; m/s
11-08-2025;06:50:00;0,6; m/s
11-08-2025;07:00:00;0,4; m/s
11-08-2025;07:10:00;0,2; m/s
11-08-2025;07:20:00;0,6; m/s
11-08-2025;07:30:00;0,5; m/s
11-08-2025;07:40:00;0,3; m/s
11-08-2025;07:50:00;0,6; m/s
11-08-2025;08:00:00;0,6; m/s
11-08-2025;08:10:00;1,1; m/s
11-08-2025;08:20:00;1,6; m/s
11-08-2025;08:30:00;1,8; m/s
11-08-2025;08:40:00;2; m/s
11-08-2025;08:50:00;2,2; m/s
11-08-2025;09:00:00;2,3; m/s
11-08-2025;09:10:00;2,6; m/s
11-08-2025;09:20:00;2,9; m/s
11-08-2025;09:30:00;2,9; m/s
11-08-2025;09:40:00;3,2; m/s
11-08-2025;09:50:00;3; m/s
11-08-2025;10:00:00;2,7; m/s
11-08-2025;10:10:00;3; m/s
11-08-2025;10:20:00;3,4; m/s
11-08-2025;10:30:00;4,1; m/s
11-08-2025;10:40:00;3,8; m/s
11-08-2025;10:50:00;3,4; m/s
11-08-2025;11:00:00;4; m/s
11-08-2025;11:10:00;4,5; m/s
11-08-2025;11:20:00;4,9; m/s
11-08-2025;11:30:00;4,7; m/s
11-08-2025;11:40:00;4,3; m/s
11-08-2025;11:50:00;3,6; m/s
11-08-2025;12:00:00;4,1; m/s
11-08-2025;12:10:00;4,7; m/s
11-08-2025;12:20:00;4,6; m/s
11-08-2025;12:30:00;4,6; m/s
11-08-2025;12:40:00;5,3; m/s
11-08-2025;12:50:00;5,7; m/s
11-08-2025;13:00:00;6; m/s
11-08-2025;13:10:00;5,7; m/s
11-08-2025;13:20:00;6,3; m/s
11-08-2025;13:30:00;5,7; m/s
11-08-2025;13:40:00;6,4; m/s
11-08-2025;13:50:00;6,8; m/s
11-08-2025;14:00:00;6,8; m/s
11-08-2025;14:10:00;6,7; m/s
11-08-2025;14:20:00;7,4; m/s
11-08-2025;14:30:00;7,4; m/s
11-08-2025;14:40:00;8; m/s
11-08-2025;14:50:00;7,8; m/s
11-08-2025;15:00:00;8,2; m/s
11-08-2025;15:10:00;8,2; m/s
11-08-2025;15:20:00;8,7; m/s
11-08-2025;15:30:00;8,4; m/s
11-08-2025;15:40:00;7,8; m/s
11-08-2025;15:50:00;7,6; m/s
11-08-2025;16:00:00;7,5; m/s
11-08-2025;16:10:00;6,7; m/s
11-08-2025;16:20:00;6,5; m/s
11-08-2025;16:30:00;6,7; m/s
11-08-2025;16:40:00;7,2; m/s
11-08-2025;16:50:00;7,6; m/s
11-08-2025;17:00:00;7,7; m/s
11-08-2025;17:10:00;8; m/s
11-08-2025;17:20:00;7,6; m/s
11-08-2025;17:30:00;7,4; m/s
11-08-2025;17:40:00;6,9; m/s
11-08-2025;17:50:00;6,3; m/s
11-08-2025;18:00:00;6,7; m/s
11-08-2025;18:10:00;6,6; m/s
11-08-2025;18:20:00;5,7; m/s
11-08-2025;18:30:00;5,7; m/s
11-08-2025;18:40:00;5; m/s
11-08-2025;18:50:00;4,3; m/s
11-08-2025;19:00:00;3,8; m/s
11-08-2025;19:10:00;3,7; m/s
11-08-2025;19:20:00;2,9; m/s
11-08-2025;19:30:00;2,6; m/s
11-08-2025;19:40:00;2,9; m/s
11-08-2025;19:50:00;2,3; m/s
11-08-2025;20:00:00;2,3; m/s
11-08-2025;20:10:00;2,9; m/s
11-08-2025;20:20:00;3,4; m/s
11-08-2025;20:30:00;2,4; m/s
11-08-2025;20:40:00;2,1; m/s
11-08-2025;20:50:00;2,1; m/s
11-08-2025;21:00:00;1,6; m/s
11-08-2025;21:10:00;1,7; m/s
11-08-2025;21:20:00;0,7; m/s
11-08-2025;21:30:00;1,1; m/s
11-08-2025;21:40:00;2,1; m/s
11-08-2025;21:50:00;1,5; m/s
11-08-2025;22:00:00;1,7; m/s
11-08-2025;22:10:00;2,3; m/s
11-08-2025;22:20:00;2,7; m/s
11-08-2025;22:30:00;1,9; m/s
11-08-2025;22:40:00;2,3; m/s
11-08-2025;22:50:00;2,6; m/s
11-08-2025;23:00:00;2,5; m/s
11-08-2025;23:10:00;2,7; m/s
11-08-2025;23:20:00;2,2; m/s
11-08-2025;23:30:00;1,9; m/s
11-08-2025;23:40:00;2,2; m/s
11-08-2025;23:50:00;1,9; m/s
12-08-2025;00:00:00;1,5; m/s
12-08-2025;00:10:00;0,5; m/s
12-08-2025;00:20:00;0,7; m/s
12-08-2025;00:30:00;0,5; m/s
12-08-2025;00:40:00;0,7; m/s
12-08-2025;00:50:00;2,7; m/s
12-08-2025;01:00:00;3,5; m/s
12-08-2025;01:10:00;3,7; m/s
12-08-2025;01:20:00;3,9; m/s
12-08-2025;01:30:00;4,2; m/s
12-08-2025;01:40:00;4; m/s
12-08-2025;01:50:00;4,4; m/s
12-08-2025;02:00:00;3,4; m/s
12-08-2025;02:10:00;4,1; m/s
12-08-2025;02:20:00;3,5; m/s
12-08-2025;02:30:00;3,1; m/s
12-08-2025;02:40:00;2,5; m/s
12-08-2025;02:50:00;2,4; m/s
12-08-2025;03:00:00;2,3; m/s
12-08-2025;03:10:00;2; m/s
12-08-2025;03:20:00;1,7; m/s
12-08-2025;03:30:00;1,7; m/s
12-08-2025;03:40:00;2,2; m/s
12-08-2025;03:50:00;2,1; m/s
12-08-2025;04:00:00;2,5; m/s
12-08-2025;04:10:00;2,5; m/s
12-08-2025;04:20:00;2,1; m/s
12-08-2025;04:30:00;1; m/s
12-08-2025;04:40:00;1,2; m/s
12-08-2025;04:50:00;0,6; m/s
12-08-2025;05:00:00;0,8; m/s
12-08-2025;05:10:00;1,2; m/s
12-08-2025;05:20:00;1,2; m/s
12-08-2025;05:30:00;1,2; m/s
12-08-2025;05:40:00;1,3; m/s
12-08-2025;05:50:00;1,8; m/s
12-08-2025;06:00:00;2; m/s
12-08-2025;06:10:00;2; m/s
12-08-2025;06:20:00;1,2; m/s
12-08-2025;06:30:00;1,1; m/s
12-08-2025;06:40:00;1; m/s
12-08-2025;06:50:00;1,2; m/s
12-08-2025;07:00:00;1,5; m/s
12-08-2025;07:10:00;1,6; m/s
12-08-2025;07:20:00;1,6; m/s
12-08-2025;07:30:00;2,4; m/s
12-08-2025;07:40:00;2,9; m/s
12-08-2025;07:50:00;2,7; m/s
12-08-2025;08:00:00;2,5; m/s
12-08-2025;08:10:00;2,1; m/s
12-08-2025;08:20:00;2,2; m/s
12-08-2025;08:30:00;1,5; m/s
12-08-2025;08:40:00;1,8; m/s
12-08-2025;08:50:00;1,7; m/s
12-08-2025;09:00:00;2,2; m/s
12-08-2025;09:10:00;2,8; m/s
12-08-2025;09:20:00;3,1; m/s
12-08-2025;09:30:00;2,6; m/s
12-08-2025;09:40:00;2,2; m/s
12-08-2025;09:50:00;2,6; m/s
12-08-2025;10:00:00;2,7; m/s
12-08-2025;10:10:00;2,6; m/s
12-08-2025;10:20:00;3; m/s
12-08-2025;10:30:00;3,1; m/s
12-08-2025;10:40:00;3; m/s
12-08-2025;10:50:00;3,5; m/s
12-08-2025;11:00:00;3,5; m/s
12-08-2025;11:10:00;3,5; m/s
12-08-2025;11:20:00;3,3; m/s
12-08-2025;11:30:00;3; m/s
12-08-2025;11:40:00;2,7; m/s
12-08-2025;11:50:00;2,6; m/s
12-08-2025;12:00:00;2,6; m/s
12-08-2025;12:10:00;3,3; m/s
12-08-2025;12:20:00;3,4; m/s
12-08-2025;12:30:00;3,4; m/s
12-08-2025;12:40:00;3,4; m/s
12-08-2025;12:50:00;3,6; m/s
12-08-2025;13:00:00;3,1; m/s
12-08-2025;13:10:00;2,5; m/s
12-08-2025;13:20:00;2,3; m/s
12-08-2025;13:30:00;3,1; m/s
12-08-2025;13:40:00;3,1; m/s
12-08-2025;13:50:00;3,9; m/s
12-08-2025;14:00:00;3,7; m/s
12-08-2025;14:10:00;3,5; m/s
12-08-2025;14:20:00;3,9; m/s
12-08-2025;14:30:00;5,1; m/s
12-08-2025;14:40:00;4,1; m/s
12-08-2025;14:50:00;4,5; m/s
12-08-2025;15:00:00;5,3; m/s
12-08-2025;15:10:00;4; m/s
12-08-2025;15:20:00;4,7; m/s
12-08-2025;15:30:00;6,3; m/s
12-08-2025;15:40:00;7,5; m/s
12-08-2025;15:50:00;7,5; m/s
12-08-2025;16:00:00;7,8; m/s
12-08-2025;16:10:00;6,8; m/s
12-08-2025;16:20:00;2,4; m/s
12-08-2025;16:30:00;1,9; m/s
12-08-2025;16:40:00;2,1; m/s
12-08-2025;16:50:00;1,8; m/s
12-08-2025;17:00:00;2,8; m/s
12-08-2025;17:10:00;5,2; m/s
12-08-2025;17:20:00;3,9; m/s
12-08-2025;17:30:00;3,4; m/s
12-08-2025;17:40:00;2,3; m/s
12-08-2025;17:50:00;2,8; m/s
12-08-2025;18:00:00;4,2; m/s
12-08-2025;18:10:00;4,3; m/s
12-08-2025;18:20:00;6,5; m/s
12-08-2025;18:30:00;6,5; m/s
12-08-2025;18:40:00;4,8; m/s
12-08-2025;18:50:00;4,1; m/s
12-08-2025;19:00:00;2,6; m/s
12-08-2025;19:10:00;2,7; m/s
12-08-2025;19:20:00;2,9; m/s
12-08-2025;19:30:00;2,7; m/s
12-08-2025;19:40:00;1,8; m/s
12-08-2025;19:50:00;1,2; m/s
12-08-2025;20:00:00;2,1; m/s
12-08-2025;20:10:00;3,2; m/s
12-08-2025;20:20:00;3,8; m/s
12-08-2025;20:30:00;4,6; m/s
12-08-2025;20:40:00;3,6; m/s
12-08-2025;20:50:00;3,8; m/s
12-08-2025;21:00:00;3,5; m/s
12-08-2025;21:10:00;4; m/s
12-08-2025;21:20:00;4,2; m/s
12-08-2025;21:30:00;4; m/s
12-08-2025;21:40:00;2,2; m/s
12-08-2025;21:50:00;2,1; m/s
12-08-2025;22:00:00;2,7; m/s
12-08-2025;22:10:00;2,2; m/s
12-08-2025;22:20:00;1,5; m/s
12-08-2025;22:30:00;1,1; m/s
12-08-2025;22:40:00;2; m/s
12-08-2025;22:50:00;1,7; m/s
12-08-2025;23:00:00;1,6; m/s
12-08-2025;23:10:00;1,6; m/s
12-08-2025;23:20:00;2,1; m/s
12-08-2025;23:30:00;2,7; m/s
12-08-2025;23:40:00;1,3; m/s
12-08-2025;23:50:00;1,5; m/s
13-08-2025;00:00:00;1,9; m/s
13-08-2025;00:10:00;2; m/s
13-08-2025;00:20:00;2,7; m/s
13-08-2025;00:30:00;2,1; m/s
13-08-2025;00:40:00;2,4; m/s
13-08-2025;00:50:00;1,2; m/s
13-08-2025;01:00:00;1; m/s
13-08-2025;01:10:00;1; m/s
13-08-2025;01:20:00;0,5; m/s
13-08-2025;01:30:00;1; m/s
13-08-2025;01:40:00;1,1; m/s
13-08-2025;01:50:00;1,1; m/s
13-08-2025;02:00:00;2,3; m/s
13-08-2025;02:10:00;2,5; m/s
13-08-2025;02:20:00;2,5; m/s
13-08-2025;02:30:00;1,4; m/s
13-08-2025;02:40:00;3,3; m/s
13-08-2025;02:50:00;3,5; m/s
13-08-2025;03:00:00;2,3; m/s
13-08-2025;03:10:00;1,9; m/s
13-08-2025;03:20:00;1,7; m/s
13-08-2025;03:30:00;1,1; m/s
13-08-2025;03:40:00;1,3; m/s
13-08-2025;03:50:00;1,2; m/s
13-08-2025;04:00:00;1; m/s
13-08-2025;04:10:00;0,8; m/s
13-08-2025;04:20:00;1,6; m/s
13-08-2025;04:30:00;2,8; m/s
13-08-2025;04:40:00;2,4; m/s
13-08-2025;04:50:00;2,2; m/s
13-08-2025;05:00:00;2,9; m/s
13-08-2025;05:10:00;2,3; m/s
13-08-2025;05:20:00;2,2; m/s
13-08-2025;05:30:00;1,8; m/s
13-08-2025;05:40:00;2; m/s
13-08-2025;05:50:00;2,6; m/s
13-08-2025;06:00:00;2,6; m/s
13-08-2025;06:10:00;3,2; m/s
13-08-2025;06:20:00;3,3; m/s
13-08-2025;06:30:00;3,2; m/s
13-08-2025;06:40:00;2,5; m/s
13-08-2025;06:50:00;2,7; m/s
13-08-2025;07:00:00;2,1; m/s
13-08-2025;07:10:00;2,3; m/s
13-08-2025;07:20:00;3,1; m/s
13-08-2025;07:30:00;3; m/s
13-08-2025;07:40:00;2,7; m/s
13-08-2025;07:50:00;3,1; m/s
13-08-2025;08:00:00;2,2; m/s
13-08-2025;08:10:00;2,1; m/s
13-08-2025;08:20:00;1,9; m/s
13-08-2025;08:30:00;2,4; m/s
13-08-2025;08:40:00;1,9; m/s
13-08-2025;08:50:00;1,3; m/s
13-08-2025;09:00:00;1,7; m/s
13-08-2025;09:10:00;1,2; m/s
13-08-2025;09:20:00;1; m/s
13-08-2025;09:30:00;0,8; m/s
13-08-2025;09:40:00;1,1; m/s
13-08-2025;09:50:00;0,9; m/s
13-08-2025;10:00:00;1,5; m/s
13-08-2025;10:10:00;1,1; m/s
13-08-2025;10:20:00;0,9; m/s
13-08-2025;10:30:00;1,3; m/s
13-08-2025;10:40:00;2; m/s
13-08-2025;10:50:00;2,1; m/s
13-08-2025;11:00:00;1,9; m/s
13-08-2025;11:10:00;2,2; m/s
13-08-2025;11:20:00;2,2; m/s
13-08-2025;11:30:00;2,6; m/s
13-08-2025;11:40:00;3,1; m/s
13-08-2025;11:50:00;3,9; m/s
13-08-2025;12:00:00;4,3; m/s
13-08-2025;12:10:00;3,3; m/s
13-08-2025;12:20:00;3,2; m/s
13-08-2025;12:30:00;2,9; m/s
13-08-2025;12:40:00;2,9; m/s
13-08-2025;12:50:00;4,4; m/s
13-08-2025;13:00:00;4,5; m/s
13-08-2025;13:10:00;4,3; m/s
13-08-2025;13:20:00;4,3; m/s
13-08-2025;13:30:00;4; m/s
13-08-2025;13:40:00;4,4; m/s
13-08-2025;13:50:00;5,3; m/s
13-08-2025;14:00:00;4,9; m/s
13-08-2025;14:10:00;4,6; m/s
13-08-2025;14:20:00;5,5; m/s
13-08-2025;14:30:00;5,2; m/s
13-08-2025;14:40:00;5,2; m/s
13-08-2025;14:50:00;4,4; m/s
13-08-2025;15:00:00;3,9; m/s
13-08-2025;15:10:00;4,5; m/s
13-08-2025;15:20:00;4,6; m/s
13-08-2025;15:30:00;4,8; m/s
13-08-2025;15:40:00;4,1; m/s
13-08-2025;15:50:00;3,9; m/s
13-08-2025;16:00:00;3,7; m/s
13-08-2025;16:10:00;3,8; m/s
13-08-2025;16:20:00;5,2; m/s
13-08-2025;16:30:00;5,7; m/s
13-08-2025;16:40:00;3,7; m/s
13-08-2025;16:50:00;3,8; m/s
13-08-2025;17:00:00;2,1; m/s
13-08-2025;17:10:00;1,9; m/s
13-08-2025;17:20:00;2,8; m/s
13-08-2025;17:30:00;3,7; m/s
13-08-2025;17:40:00;4,2; m/s
13-08-2025;17:50:00;6,5; m/s
13-08-2025;18:00:00;6,2; m/s
13-08-2025;18:10:00;8; m/s
13-08-2025;18:20:00;7,8; m/s
13-08-2025;18:30:00;5,3; m/s
13-08-2025;18:40:00;5,8; m/s
13-08-2025;18:50:00;5,6; m/s
13-08-2025;19:00:00;5,6; m/s
13-08-2025;19:10:00;4,2; m/s
13-08-2025;19:20:00;4,3; m/s
13-08-2025;19:30:00;2,6; m/s
13-08-2025;19:40:00;2,6; m/s
13-08-2025;19:50:00;1,7; m/s
13-08-2025;20:00:00;2; m/s
13-08-2025;20:10:00;1,9; m/s
13-08-2025;20:20:00;1,3; m/s
13-08-2025;20:30:00;3,8; m/s
13-08-2025;20:40:00;4,7; m/s
13-08-2025;20:50:00;4,1; m/s
13-08-2025;21:00:00;3,4; m/s
13-08-2025;21:10:00;2,9; m/s
13-08-2025;21:20:00;2,1; m/s
13-08-2025;21:30:00;2,3; m/s
13-08-2025;21:40:00;3,4; m/s
13-08-2025;21:50:00;4,2; m/s
13-08-2025;22:00:00;3,7; m/s
13-08-2025;22:10:00;4,2; m/s
13-08-2025;22:20:00;4,2; m/s
13-08-2025;22:30:00;3,6; m/s
13-08-2025;22:40:00;2; m/s
13-08-2025;22:50:00;2,6; m/s
13-08-2025;23:00:00;1,9; m/s
13-08-2025;23:10:00;2,3; m/s
13-08-2025;23:20:00;1,8; m/s
13-08-2025;23:30:00;0,6; m/s
13-08-2025;23:40:00;1,1; m/s
13-08-2025;23:50:00;1,3; m/s
14-08-2025;00:00:00;3,4; m/s
14-08-2025;00:10:00;4,1; m/s
14-08-2025;00:20:00;3,1; m/s
14-08-2025;00:30:00;1; m/s
14-08-2025;00:40:00;1,6; m/s
14-08-2025;00:50:00;1,2; m/s
14-08-2025;01:00:00;1,6; m/s
14-08-2025;01:10:00;0,7; m/s
14-08-2025;01:20:00;2,1; m/s
14-08-2025;01:30:00;2,8; m/s
14-08-2025;01:40:00;1,8; m/s
14-08-2025;01:50:00;1,7; m/s
14-08-2025;02:00:00;2,7; m/s
14-08-2025;02:10:00;1,5; m/s
14-08-2025;02:20:00;1,1; m/s
14-08-2025;02:30:00;2,2; m/s
14-08-2025;02:40:00;0,9; m/s
14-08-2025;02:50:00;2,3; m/s
14-08-2025;03:00:00;2,7; m/s
14-08-2025;03:10:00;2,7; m/s
14-08-2025;03:20:00;2; m/s
14-08-2025;03:30:00;0,7; m/s
14-08-2025;03:40:00;1,2; m/s
14-08-2025;03:50:00;1,5; m/s
14-08-2025;04:00:00;0,4; m/s
14-08-2025;04:10:00;0,9; m/s
14-08-2025;04:20:00;1,4; m/s
14-08-2025;04:30:00;2; m/s
14-08-2025;04:40:00;2,3; m/s
14-08-2025;04:50:00;1,8; m/s
14-08-2025;05:00:00;1,3; m/s
14-08-2025;05:10:00;2,6; m/s
14-08-2025;05:20:00;3; m/s
14-08-2025;05:30:00;2,7; m/s
14-08-2025;05:40:00;2,2; m/s
14-08-2025;05:50:00;2; m/s
14-08-2025;06:00:00;2,2; m/s
14-08-2025;06:10:00;1,6; m/s
14-08-2025;06:20:00;0,9; m/s
14-08-2025;06:30:00;1,9; m/s
14-08-2025;06:40:00;2; m/s
14-08-2025;06:50:00;1,9; m/s
14-08-2025;07:00:00;2,1; m/s
14-08-2025;07:10:00;2,1; m/s
14-08-2025;07:20:00;1; m/s
14-08-2025;07:30:00;1,4; m/s
14-08-2025;07:40:00;1,7; m/s
14-08-2025;07:50:00;1,6; m/s
14-08-2025;08:00:00;2,3; m/s
14-08-2025;08:10:00;1; m/s
14-08-2025;08:20:00;1,2; m/s
14-08-2025;08:30:00;1,3; m/s
14-08-2025;08:40:00;1; m/s
14-08-2025;08:50:00;1; m/s
14-08-2025;09:00:00;1,1; m/s
14-08-2025;09:10:00;1,8; m/s
14-08-2025;09:20:00;1,9; m/s
14-08-2025;09:30:00;1,8; m/s
14-08-2025;09:40:00;1,6; m/s
14-08-2025;09:50:00;1,6; m/s
14-08-2025;10:00:00;1,7; m/s
14-08-2025;10:10:00;1,8; m/s
14-08-2025;10:20:00;2; m/s
14-08-2025;10:30:00;2; m/s
14-08-2025;10:40:00;1,8; m/s
14-08-2025;10:50:00;1,8; m/s
14-08-2025;11:00:00;1,7; m/s
14-08-2025;11:10:00;1,7; m/s
14-08-2025;11:20:00;1,9; m/s
14-08-2025;11:30:00;2,2; m/s
14-08-2025;11:40:00;2,8; m/s
14-08-2025;11:50:00;3,5; m/s
14-08-2025;12:00:00;2,7; m/s
14-08-2025;12:10:00;2,3; m/s
14-08-2025;12:20:00;2,9; m/s
14-08-2025;12:30:00;2,6; m/s
14-08-2025;12:40:00;3,2; m/s
14-08-2025;12:50:00;3,7; m/s
14-08-2025;13:00:00;4,3; m/s
14-08-2025;13:10:00;4,1; m/s
14-08-2025;13:20:00;3,9; m/s
14-08-2025;13:30:00;3,7; m/s
14-08-2025;13:40:00;3,6; m/s
14-08-2025;13:50:00;4,5; m/s
14-08-2025;14:00:00;4,3; m/s
14-08-2025;14:10:00;4,1; m/s
14-08-2025;14:20:00;4,1; m/s
14-08-2025;14:30:00;4,5; m/s
14-08-2025;14:40:00;4,1; m/s
14-08-2025;14:50:00;4,1; m/s
14-08-2025;15:00:00;4; m/s
14-08-2025;15:10:00;4; m/s
14-08-2025;15:20:00;3,8; m/s
14-08-2025;15:30:00;4,4; m/s
14-08-2025;15:40:00;4,6; m/s
14-08-2025;15:50:00;5,1; m/s
14-08-2025;16:00:00;5,5; m/s
14-08-2025;16:10:00;4,8; m/s
14-08-2025;16:20:00;4,3; m/s
14-08-2025;16:30:00;2,9; m/s
14-08-2025;16:40:00;3,1; m/s
14-08-2025;16:50:00;1,8; m/s
14-08-2025;17:00:00;2; m/s
14-08-2025;17:10:00;1,7; m/s
14-08-2025;17:20:00;2,2; m/s
14-08-2025;17:30:00;1,8; m/s
14-08-2025;17:40:00;1,7; m/s
14-08-2025;17:50:00;3,5; m/s
14-08-2025;18:00:00;5,7; m/s
14-08-2025;18:10:00;5; m/s
14-08-2025;18:20:00;4,4; m/s
14-08-2025;18:30:00;5; m/s
14-08-2025;18:40:00;5,6; m/s
14-08-2025;18:50:00;5,5; m/s
14-08-2025;19:00:00;2,7; m/s
14-08-2025;19:10:00;3,7; m/s
14-08-2025;19:20:00;3; m/s
14-08-2025;19:30:00;5; m/s
14-08-2025;19:40:00;3,3; m/s
14-08-2025;19:50:00;3,2; m/s
14-08-2025;20:00:00;5,1; m/s
14-08-2025;20:10:00;3,6; m/s
14-08-2025;20:20:00;4,8; m/s
14-08-2025;20:30:00;4,8; m/s
14-08-2025;20:40:00;3,2; m/s
14-08-2025;20:50:00;4,6; m/s
14-08-2025;21:00:00;4,4; m/s
14-08-2025;21:10:00;5,3; m/s
14-08-2025;21:20:00;5,4; m/s
14-08-2025;21:30:00;4,6; m/s
14-08-2025;21:40:00;4,6; m/s
14-08-2025;21:50:00;5; m/s
14-08-2025;22:00:00;5,4; m/s
14-08-2025;22:10:00;4,8; m/s
14-08-2025;22:20:00;4,7; m/s
14-08-2025;22:30:00;4,8; m/s
14-08-2025;22:40:00;4,7; m/s
14-08-2025;22:50:00;4,4; m/s
14-08-2025;23:00:00;2,4; m/s
14-08-2025;23:10:00;3,2; m/s
14-08-2025;23:20:00;2,7; m/s
14-08-2025;23:30:00;2,8; m/s
14-08-2025;23:40:00;1,8; m/s
14-08-2025;23:50:00;2,8; m/s
15-08-2025;00:00:00;3,3; m/s
15-08-2025;00:10:00;4,1; m/s
15-08-2025;00:20:00;4,3; m/s
15-08-2025;00:30:00;3,7; m/s
15-08-2025;00:40:00;3,3; m/s
15-08-2025;00:50:00;2,8; m/s
15-08-2025;01:00:00;2,2; m/s
15-08-2025;01:10:00;1,2; m/s
15-08-2025;01:20:00;1,3; m/s
15-08-2025;01:30:00;2,9; m/s
15-08-2025;01:40:00;2,2; m/s
15-08-2025;01:50:00;2; m/s
15-08-2025;02:00:00;1,4; m/s
15-08-2025;02:10:00;2,2; m/s
15-08-2025;02:20:00;2,1; m/s
15-08-2025;02:30:00;2,3; m/s
15-08-2025;02:40:00;3,2; m/s
15-08-2025;02:50:00;2,2; m/s
15-08-2025;03:00:00;1,7; m/s
15-08-2025;03:10:00;1,7; m/s
15-08-2025;03:20:00;1,7; m/s
15-08-2025;03:30:00;1; m/s
15-08-2025;03:40:00;0,7; m/s
15-08-2025;03:50:00;0,6; m/s
15-08-2025;04:00:00;0,7; m/s
15-08-2025;04:10:00;0,4; m/s
15-08-2025;04:20:00;1,2; m/s
15-08-2025;04:30:00;1,2; m/s
15-08-2025;04:40:00;1,7; m/s
15-08-2025;04:50:00;2; m/s
15-08-2025;05:00:00;2,1; m/s
15-08-2025;05:10:00;1,6; m/s
15-08-2025;05:20:00;0,8; m/s
15-08-2025;05:30:00;1,7; m/s
15-08-2025;05:40:00;1,6; m/s
15-08-2025;05:50:00;1,3; m/s
15-08-2025;06:00:00;0,8; m/s
15-08-2025;06:10:00;0,9; m/s
15-08-2025;06:20:00;1,1; m/s
15-08-2025;06:30:00;1,2; m/s
15-08-2025;06:40:00;1,7; m/s
15-08-2025;06:50:00;1,1; m/s
15-08-2025;07:00:00;0,6; m/s
15-08-2025;07:10:00;1,8; m/s
15-08-2025;07:20:00;2,4; m/s
15-08-2025;07:30:00;3,6; m/s
15-08-2025;07:40:00;4; m/s
15-08-2025;07:50:00;2,9; m/s
15-08-2025;08:00:00;2,9; m/s
15-08-2025;08:10:00;2,3; m/s
15-08-2025;08:20:00;2,4; m/s
15-08-2025;08:30:00;1,5; m/s
15-08-2025;08:40:00;1,2; m/s
15-08-2025;08:50:00;1,8; m/s
15-08-2025;09:00:00;2,3; m/s
15-08-2025;09:10:00;2,5; m/s
15-08-2025;09:20:00;2,3; m/s
15-08-2025;09:30:00;2,4; m/s
15-08-2025;09:40:00;2,1; m/s
15-08-2025;09:50:00;2,8; m/s
15-08-2025;10:00:00;2,3; m/s
15-08-2025;10:10:00;2,4; m/s
15-08-2025;10:20:00;2,2; m/s
15-08-2025;10:30:00;2,4; m/s
15-08-2025;10:40:00;2,1; m/s
15-08-2025;10:50:00;1,9; m/s
15-08-2025;11:00:00;1,8; m/s
15-08-2025;11:10:00;1,8; m/s
15-08-2025;11:20:00;1,9; m/s
15-08-2025;11:30:00;2,1; m/s
15-08-2025;11:40:00;1,8; m/s
15-08-2025;11:50:00;1,7; m/s
15-08-2025;12:00:00;1,9; m/s
15-08-2025;12:10:00;2,1; m/s
15-08-2025;12:20:00;2,8; m/s
15-08-2025;12:30:00;2,1; m/s
15-08-2025;12:40:00;2,4; m/s
15-08-2025;12:50:00;3; m/s
15-08-2025;13:00:00;4,4; m/s
15-08-2025;13:10:00;4,5; m/s
15-08-2025;13:20:00;4,5; m/s
15-08-2025;13:30:00;5,2; m/s
15-08-2025;13:40:00;6,3; m/s
15-08-2025;13:50:00;7; m/s
15-08-2025;14:00:00;7,7; m/s
15-08-2025;14:10:00;8; m/s
15-08-2025;14:20:00;7,9; m/s
15-08-2025;14:30:00;7,7; m/s
15-08-2025;14:40:00;7; m/s
15-08-2025;14:50:00;6,1; m/s
15-08-2025;15:00:00;6,7; m/s
15-08-2025;15:10:00;6,3; m/s
15-08-2025;15:20:00;5,4; m/s
15-08-2025;15:30:00;5,1; m/s
15-08-2025;15:40:00;5,6; m/s
15-08-2025;15:50:00;5,6; m/s
15-08-2025;16:00:00;5,1; m/s
15-08-2025;16:10:00;4,8; m/s
15-08-2025;16:20:00;3,2; m/s
15-08-2025;16:30:00;3; m/s
15-08-2025;16:40:00;2,5; m/s
15-08-2025;16:50:00;2,1; m/s
15-08-2025;17:00:00;2,4; m/s
15-08-2025;17:10:00;1,4; m/s
15-08-2025;17:20:00;1,8; m/s
15-08-2025;17:30:00;2; m/s
15-08-2025;17:40:00;2,6; m/s
15-08-2025;17:50:00;2,1; m/s
15-08-2025;18:00:00;3; m/s
15-08-2025;18:10:00;4,1; m/s
15-08-2025;18:20:00;4,3; m/s
15-08-2025;18:30:00;4,1; m/s
15-08-2025;18:40:00;5,1; m/s
15-08-2025;18:50:00;4; m/s
15-08-2025;19:00:00;3,2; m/s
15-08-2025;19:10:00;2,8; m/s
15-08-2025;19:20:00;2,9; m/s
15-08-2025;19:30:00;3,2; m/s
15-08-2025;19:40:00;4; m/s
15-08-2025;19:50:00;4,1; m/s
15-08-2025;20:00:00;2,8; m/s
15-08-2025;20:10:00;2; m/s
15-08-2025;20:20:00;3,4; m/s
15-08-2025;20:30:00;2,7; m/s
15-08-2025;20:40:00;4,6; m/s
15-08-2025;20:50:00;4,4; m/s
15-08-2025;21:00:00;8,3; m/s
15-08-2025;21:10:00;8,4; m/s
15-08-2025;21:20:00;4,3; m/s
15-08-2025;21:30:00;4,3; m/s
15-08-2025;21:40:00;2,4; m/s
15-08-2025;21:50:00;2,1; m/s
15-08-2025;22:00:00;2,3; m/s
15-08-2025;22:10:00;1,9; m/s
15-08-2025;22:20:00;1,4; m/s
15-08-2025;22:30:00;3,9; m/s
15-08-2025;22:40:00;5,1; m/s
15-08-2025;22:50:00;5,1; m/s
15-08-2025;23:00:00;4,9; m/s
15-08-2025;23:10:00;4,1; m/s
15-08-2025;23:20:00;3,6; m/s
15-08-2025;23:30:00;2,3; m/s
15-08-2025;23:40:00;2,3; m/s
15-08-2025;23:50:00;2,7; m/s
16-08-2025;00:00:00;2; m/s
16-08-2025;00:10:00;2; m/s
16-08-2025;00:20:00;2; m/s
16-08-2025;00:30:00;2,9; m/s
16-08-2025;00:40:00;2,8; m/s
16-08-2025;00:50:00;2,4; m/s
16-08-2025;01:00:00;1,7; m/s
16-08-2025;01:10:00;2,1; m/s
16-08-2025;01:20:00;2,5; m/s
16-08-2025;01:30:00;3; m/s
16-08-2025;01:40:00;2,2; m/s
16-08-2025;01:50:00;1,2; m/s
16-08-2025;02:00:00;2; m/s
16-08-2025;02:10:00;1,6; m/s
16-08-2025;02:20:00;0,9; m/s
16-08-2025;02:30:00;2; m/s
16-08-2025;02:40:00;2,1; m/s
16-08-2025;02:50:00;0,9; m/s
16-08-2025;03:00:00;1; m/s
16-08-2025;03:10:00;1,1; m/s
16-08-2025;03:20:00;1; m/s
16-08-2025;03:30:00;0,6; m/s
16-08-2025;03:40:00;0,4; m/s
16-08-2025;03:50:00;1,2; m/s
16-08-2025;04:00:00;0,9; m/s
16-08-2025;04:10:00;1,4; m/s
16-08-2025;04:20:00;2,5; m/s
16-08-2025;04:30:00;2,6; m/s
16-08-2025;04:40:00;2,7; m/s
16-08-2025;04:50:00;2,7; m/s
16-08-2025;05:00:00;2,7; m/s
16-08-2025;05:10:00;3,2; m/s
16-08-2025;05:20:00;2,6; m/s
16-08-2025;05:30:00;3,1; m/s
16-08-2025;05:40:00;2; m/s
16-08-2025;05:50:00;1,7; m/s
16-08-2025;06:00:00;1,3; m/s
16-08-2025;06:10:00;1,3; m/s
16-08-2025;06:20:00;1; m/s
16-08-2025;06:30:00;0,5; m/s
16-08-2025;06:40:00;0,6; m/s
16-08-2025;06:50:00;0,6; m/s
16-08-2025;07:00:00;0,6; m/s
16-08-2025;07:10:00;0,7; m/s
16-08-2025;07:20:00;1; m/s
16-08-2025;07:30:00;0,7; m/s
16-08-2025;07:40:00;1,1; m/s
16-08-2025;07:50:00;1; m/s
16-08-2025;08:00:00;1,3; m/s
16-08-2025;08:10:00;1,2; m/s
16-08-2025;08:20:00;0,8; m/s
16-08-2025;08:30:00;1; m/s
16-08-2025;08:40:00;0,7; m/s
16-08-2025;08:50:00;0,8; m/s
16-08-2025;09:00:00;0,6; m/s
16-08-2025;09:10:00;0,6; m/s
16-08-2025;09:20:00;0,7; m/s
16-08-2025;09:30:00;0,9; m/s
16-08-2025;09:40:00;1,8; m/s
16-08-2025;09:50:00;1,6; m/s
16-08-2025;10:00:00;1,5; m/s
16-08-2025;10:10:00;1,6; m/s
16-08-2025;10:20:00;1,5; m/s
16-08-2025;10:30:00;2,5; m/s
16-08-2025;10:40:00;2,5; m/s
16-08-2025;10:50:00;2,1; m/s
16-08-2025;11:00:00;2; m/s
16-08-2025;11:10:00;2,6; m/s
16-08-2025;11:20:00;2,1; m/s
16-08-2025;11:30:00;2,4; m/s
16-08-2025;11:40:00;2,8; m/s
16-08-2025;11:50:00;2,4; m/s
16-08-2025;12:00:00;2,1; m/s
16-08-2025;12:10:00;1,9; m/s
16-08-2025;12:20:00;2,1; m/s
16-08-2025;12:30:00;2,1; m/s
16-08-2025;12:40:00;2,7; m/s
16-08-2025;12:50:00;3,1; m/s
16-08-2025;13:00:00;3,8; m/s
16-08-2025;13:10:00;3,8; m/s
16-08-2025;13:20:00;3,8; m/s
16-08-2025;13:30:00;4,4; m/s
16-08-2025;13:40:00;5; m/s
16-08-2025;13:50:00;4,4; m/s
16-08-2025;14:00:00;3,8; m/s
16-08-2025;14:10:00;5,2; m/s
16-08-2025;14:20:00;4,3; m/s
16-08-2025;14:30:00;4,5; m/s
16-08-2025;14:40:00;4,6; m/s
16-08-2025;14:50:00;6; m/s
16-08-2025;15:00:00;7,5; m/s
16-08-2025;15:10:00;7,7; m/s
16-08-2025;15:20:00;8; m/s
16-08-2025;15:30:00;6,7; m/s
16-08-2025;15:40:00;5,7; m/s
16-08-2025;15:50:00;4,3; m/s
16-08-2025;16:00:00;3,7; m/s
16-08-2025;16:10:00;4,7; m/s
16-08-2025;16:20:00;4; m/s
16-08-2025;16:30:00;2,2; m/s
16-08-2025;16:40:00;1,6; m/s
16-08-2025;16:50:00;1,9; m/s
16-08-2025;17:00:00;1,8; m/s
16-08-2025;17:10:00;2,1; m/s
16-08-2025;17:20:00;3,7; m/s
16-08-2025;17:30:00;3,7; m/s
16-08-2025;17:40:00;2,1; m/s
16-08-2025;17:50:00;4,1; m/s
16-08-2025;18:00:00;3,6; m/s
16-08-2025;18:10:00;3,1; m/s
16-08-2025;18:20:00;2,9; m/s
16-08-2025;18:30:00;3,4; m/s
16-08-2025;18:40:00;3; m/s
16-08-2025;18:50:00;1,9; m/s
16-08-2025;19:00:00;0,7; m/s
16-08-2025;19:10:00;0,5; m/s
16-08-2025;19:20:00;1,4; m/s
16-08-2025;19:30:00;2; m/s
16-08-2025;19:40:00;3,1; m/s
16-08-2025;19:50:00;2,7; m/s
16-08-2025;20:00:00;2,9; m/s
16-08-2025;20:10:00;3,1; m/s
16-08-2025;20:20:00;2,7; m/s
16-08-2025;20:30:00;2,7; m/s
16-08-2025;20:40:00;2; m/s
16-08-2025;20:50:00;2,2; m/s
16-08-2025;21:00:00;3,1; m/s
16-08-2025;21:10:00;3,5; m/s
16-08-2025;21:20:00;3,5; m/s
16-08-2025;21:30:00;3,5; m/s
16-08-2025;21:40:00;3,9; m/s
16-08-2025;21:50:00;3,1; m/s
16-08-2025;22:00:00;3; m/s
16-08-2025;22:10:00;3,1; m/s
16-08-2025;22:20:00;2,9; m/s
16-08-2025;22:30:00;3,6; m/s
16-08-2025;22:40:00;3,5; m/s
16-08-2025;22:50:00;4; m/s
16-08-2025;23:00:00;3,8; m/s
16-08-2025;23:10:00;2,9; m/s
16-08-2025;23:20:00;2; m/s
16-08-2025;23:30:00;2,6; m/s
16-08-2025;23:40:00;2,2; m/s
16-08-2025;23:50:00;1,5; m/s
17-08-2025;00:00:00;1,9; m/s
17-08-2025;00:10:00;1; m/s
17-08-2025;00:20:00;0,8; m/s
17-08-2025;00:30:00;0,2; m/s
17-08-2025;00:40:00;0,5; m/s
17-08-2025;00:50:00;1,7; m/s
17-08-2025;01:00:00;2,1; m/s
17-08-2025;01:10:00;1,6; m/s
17-08-2025;01:20:00;2,2; m/s
17-08-2025;01:30:00;2,3; m/s
17-08-2025;01:40:00;2,4; m/s
17-08-2025;01:50:00;1,3; m/s
17-08-2025;02:00:00;0,2; m/s
17-08-2025;02:10:00;1,1; m/s
17-08-2025;02:20:00;0,4; m/s
17-08-2025;02:30:00;1,1; m/s
17-08-2025;02:40:00;1,7; m/s
17-08-2025;02:50:00;1,9; m/s
17-08-2025;03:00:00;2,3; m/s
17-08-2025;03:10:00;2,2; m/s
17-08-2025;03:20:00;1,9; m/s
17-08-2025;03:30:00;1,4; m/s
17-08-2025;03:40:00;1,9; m/s
17-08-2025;03:50:00;2,5; m/s
17-08-2025;04:00:00;2,5; m/s
17-08-2025;04:10:00;2,9; m/s
17-08-2025;04:20:00;2,6; m/s
17-08-2025;04:30:00;1,7; m/s
17-08-2025;04:40:00;0,6; m/s
17-08-2025;04:50:00;1,3; m/s
17-08-2025;05:00:00;1,6; m/s
17-08-2025;05:10:00;2; m/s
17-08-2025;05:20:00;2,9; m/s
17-08-2025;05:30:00;2,4; m/s
17-08-2025;05:40:00;1,6; m/s
17-08-2025;05:50:00;2,5; m/s
17-08-2025;06:00:00;2,8; m/s
17-08-2025;06:10:00;2,5; m/s
17-08-2025;06:20:00;2,3; m/s
17-08-2025;06:30:00;1,9; m/s
17-08-2025;06:40:00;1,4; m/s
17-08-2025;06:50:00;1,6; m/s
17-08-2025;07:00:00;1,5; m/s
17-08-2025;07:10:00;1,5; m/s
17-08-2025;07:20:00;1,7; m/s
17-08-2025;07:30:00;2; m/s
17-08-2025;07:40:00;2,1; m/s
17-08-2025;07:50:00;2,1; m/s
17-08-2025;08:00:00;1,7; m/s
17-08-2025;08:10:00;1,5; m/s
17-08-2025;08:20:00;1,7; m/s
17-08-2025;08:30:00;1,9; m/s
17-08-2025;08:40:00;1,8; m/s
17-08-2025;08:50:00;1,5; m/s
17-08-2025;09:00:00;1,6; m/s
17-08-2025;09:10:00;1,5; m/s
17-08-2025;09:20:00;1,6; m/s
17-08-2025;09:30:00;1,5; m/s
17-08-2025;09:40:00;1,5; m/s
17-08-2025;09:50:00;1,5; m/s
17-08-2025;10:00:00;1,6; m/s
17-08-2025;10:10:00;1,8; m/s
17-08-2025;10:20:00;1,6; m/s
17-08-2025;10:30:00;1,9; m/s
17-08-2025;10:40:00;2,1; m/s
17-08-2025;10:50:00;2; m/s
17-08-2025;11:00:00;1,8; m/s
17-08-2025;11:10:00;2,3; m/s
17-08-2025;11:20:00;2,3; m/s
17-08-2025;11:30:00;2,3; m/s
17-08-2025;11:40:00;2,5; m/s
17-08-2025;11:50:00;2,5; m/s
17-08-2025;12:00:00;2,6; m/s
17-08-2025;12:10:00;2,5; m/s
17-08-2025;12:20:00;2,8; m/s
17-08-2025;12:30:00;2,4; m/s
17-08-2025;12:40:00;2,6; m/s
17-08-2025;12:50:00;2,7; m/s
17-08-2025;13:00:00;2,8; m/s
17-08-2025;13:10:00;3,5; m/s
17-08-2025;13:20:00;3,1; m/s
17-08-2025;13:30:00;3,4; m/s
17-08-2025;13:40:00;4; m/s
17-08-2025;13:50:00;4,6; m/s
17-08-2025;14:00:00;4,8; m/s
17-08-2025;14:10:00;5; m/s
17-08-2025;14:20:00;5; m/s
17-08-2025;14:30:00;4,4; m/s
17-08-2025;14:40:00;4,8; m/s
17-08-2025;14:50:00;4,5; m/s
17-08-2025;15:00:00;5,2; m/s
17-08-2025;15:10:00;4,8; m/s
17-08-2025;15:20:00;4,3; m/s
17-08-2025;15:30:00;3,7; m/s
17-08-2025;15:40:00;3,5; m/s
17-08-2025;15:50:00;2,8; m/s
17-08-2025;16:00:00;2,3; m/s
17-08-2025;16:10:00;1,7; m/s
17-08-2025;16:20:00;1,5; m/s
17-08-2025;16:30:00;2; m/s
17-08-2025;16:40:00;2,3; m/s
17-08-2025;16:50:00;2,6; m/s
17-08-2025;17:00:00;2; m/s
17-08-2025;17:10:00;2; m/s
17-08-2025;17:20:00;2,1; m/s
17-08-2025;17:30:00;2,6; m/s
17-08-2025;17:40:00;2,6; m/s
17-08-2025;17:50:00;2,3; m/s
17-08-2025;18:00:00;2,4; m/s
17-08-2025;18:10:00;3,1; m/s
17-08-2025;18:20:00;3,8; m/s
17-08-2025;18:30:00;4,3; m/s
17-08-2025;18:40:00;4,5; m/s
17-08-2025;18:50:00;4,3; m/s
17-08-2025;19:00:00;4,9; m/s
17-08-2025;19:10:00;4,8; m/s
17-08-2025;19:20:00;5,7; m/s
17-08-2025;19:30:00;5; m/s
17-08-2025;19:40:00;4; m/s
17-08-2025;19:50:00;4; m/s
17-08-2025;20:00:00;4,1; m/s
17-08-2025;20:10:00;3,2; m/s
17-08-2025;20:20:00;2,8; m/s
17-08-2025;20:30:00;3,5; m/s
17-08-2025;20:40:00;4,1; m/s
17-08-2025;20:50:00;3,9; m/s
17-08-2025;21:00:00;2,7; m/s
17-08-2025;21:10:00;2,5; m/s
17-08-2025;21:20:00;2,4; m/s
17-08-2025;21:30:00;2,8; m/s
17-08-2025;21:40:00;2; m/s
17-08-2025;21:50:00;2,1; m/s
17-08-2025;22:00:00;1,8; m/s
17-08-2025;22:10:00;1,5; m/s
17-08-2025;22:20:00;2,4; m/s
17-08-2025;22:30:00;2,3; m/s
17-08-2025;22:40:00;2,3; m/s
17-08-2025;22:50:00;2; m/s
17-08-2025;23:00:00;1,9; m/s
17-08-2025;23:10:00;1,8; m/s
17-08-2025;23:20:00;1,9; m/s
17-08-2025;23:30:00;2,6; m/s
17-08-2025;23:40:00;2,1; m/s
17-08-2025;23:50:00;1,4; m/s
18-08-2025;00:00:00;1,1; m/s
18-08-2025;00:10:00;0,2; m/s
18-08-2025;00:20:00;0,9; m/s
18-08-2025;00:30:00;0,8; m/s
18-08-2025;00:40:00;0,9; m/s
18-08-2025;00:50:00;0,8; m/s
18-08-2025;01:00:00;0,5; m/s
18-08-2025;01:10:00;0,6; m/s
18-08-2025;01:20:00;0,8; m/s
18-08-2025;01:30:00;1,4; m/s
18-08-2025;01:40:00;2,1; m/s
18-08-2025;01:50:00;2,4; m/s
18-08-2025;02:00:00;2,2; m/s
18-08-2025;02:10:00;2,1; m/s
18-08-2025;02:20:00;1,4; m/s
18-08-2025;02:30:00;0,4; m/s
18-08-2025;02:40:00;0,2; m/s
18-08-2025;02:50:00;0,5; m/s
18-08-2025;03:00:00;0,9; m/s
18-08-2025;03:10:00;1,4; m/s
18-08-2025;03:20:00;0,9; m/s
18-08-2025;03:30:00;0,9; m/s
18-08-2025;03:40:00;0,9; m/s
18-08-2025;03:50:00;1,1; m/s
18-08-2025;04:00:00;0,2; m/s
18-08-2025;04:10:00;0,3; m/s
18-08-2025;04:20:00;0,4; m/s
18-08-2025;04:30:00;0,4; m/s
18-08-2025;04:40:00;1,1; m/s
18-08-2025;04:50:00;0,9; m/s
18-08-2025;05:00:00;1,1; m/s
18-08-2025;05:10:00;0,6; m/s
18-08-2025;05:20:00;0,4; m/s
18-08-2025;05:30:00;0,7; m/s
18-08-2025;05:40:00;0,4; m/s
18-08-2025;05:50:00;2,1; m/s
18-08-2025;06:00:00;1,4; m/s
18-08-2025;06:10:00;0,7; m/s
18-08-2025;06:20:00;1,3; m/s
18-08-2025;06:30:00;2,2; m/s
18-08-2025;06:40:00;1,5; m/s
18-08-2025;06:50:00;1; m/s
18-08-2025;07:00:00;2,6; m/s
18-08-2025;07:10:00;1,8; m/s
18-08-2025;07:20:00;0,9; m/s
18-08-2025;07:30:00;0,5; m/s
18-08-2025;07:40:00;2,4; m/s
18-08-2025;07:50:00;2,9; m/s
18-08-2025;08:00:00;1,8; m/s
18-08-2025;08:10:00;1,2; m/s
18-08-2025;08:20:00;0,8; m/s
18-08-2025;08:30:00;0,7; m/s
18-08-2025;08:40:00;1; m/s
18-08-2025;08:50:00;1,6; m/s
18-08-2025;09:00:00;1,6; m/s
18-08-2025;09:10:00;1,7; m/s
18-08-2025;09:20:00;1,5; m/s
18-08-2025;09:30:00;1,5; m/s
18-08-2025;09:40:00;1,9; m/s
18-08-2025;09:50:00;2,2; m/s
18-08-2025;10:00:00;2,3; m/s
18-08-2025;10:10:00;2,7; m/s
18-08-2025;10:20:00;2,9; m/s
18-08-2025;10:30:00;3; m/s
18-08-2025;10:40:00;2,8; m/s
18-08-2025;10:50:00;3; m/s
18-08-2025;11:00:00;2,8; m/s
18-08-2025;11:10:00;3,5; m/s
18-08-2025;11:20:00;3,1; m/s
18-08-2025;11:30:00;3,5; m/s
18-08-2025;11:40:00;3,3; m/s
18-08-2025;11:50:00;3,8; m/s
18-08-2025;12:00:00;3,4; m/s
18-08-2025;12:10:00;3,5; m/s
18-08-2025;12:20:00;3,9; m/s
18-08-2025;12:30:00;4,2; m/s
18-08-2025;12:40:00;4,3; m/s
18-08-2025;12:50:00;4,5; m/s
18-08-2025;13:00:00;4,8; m/s
18-08-2025;13:10:00;4,3; m/s
18-08-2025;13:20:00;4,3; m/s
18-08-2025;13:30:00;4,4; m/s
18-08-2025;13:40:00;5; m/s
18-08-2025;13:50:00;5,1; m/s
18-08-2025;14:00:00;5,3; m/s
18-08-2025;14:10:00;5,3; m/s
18-08-2025;14:20:00;5; m/s
18-08-2025;14:30:00;5,5; m/s
18-08-2025;14:40:00;7,2; m/s
18-08-2025;14:50:00;6,9; m/s
18-08-2025;15:00:00;8,3; m/s
18-08-2025;15:10:00;7,7; m/s
18-08-2025;15:20:00;7,3; m/s
18-08-2025;15:30:00;7,2; m/s
18-08-2025;15:40:00;6,7; m/s
18-08-2025;15:50:00;4,8; m/s
18-08-2025;16:00:00;3,9; m/s
18-08-2025;16:10:00;3,7; m/s
18-08-2025;16:20:00;3,2; m/s
18-08-2025;16:30:00;3,3; m/s
18-08-2025;16:40:00;2,7; m/s
18-08-2025;16:50:00;3,1; m/s
18-08-2025;17:00:00;2,7; m/s
18-08-2025;17:10:00;1,9; m/s
18-08-2025;17:20:00;1,7; m/s
18-08-2025;17:30:00;1; m/s
18-08-2025;17:40:00;1,1; m/s
18-08-2025;17:50:00;1,4; m/s
18-08-2025;18:00:00;1,2; m/s
18-08-2025;18:10:00;1,8; m/s
18-08-2025;18:20:00;2,4; m/s
18-08-2025;18:30:00;3,1; m/s
18-08-2025;18:40:00;2,4; m/s
18-08-2025;18:50:00;1,5; m/s
18-08-2025;19:00:00;1,8; m/s
18-08-2025;19:10:00;2,3; m/s
18-08-2025;19:20:00;2,9; m/s
18-08-2025;19:30:00;3,5; m/s
18-08-2025;19:40:00;2; m/s
18-08-2025;19:50:00;2,4; m/s
18-08-2025;20:00:00;2,4; m/s
18-08-2025;20:10:00;1,4; m/s
18-08-2025;20:20:00;2,3; m/s
18-08-2025;20:30:00;1; m/s
18-08-2025;20:40:00;1; m/s
18-08-2025;20:50:00;1,1; m/s
18-08-2025;21:00:00;2; m/s
18-08-2025;21:10:00;2,1; m/s
18-08-2025;21:20:00;2,2; m/s
18-08-2025;21:30:00;2,7; m/s
18-08-2025;21:40:00;3,1; m/s
18-08-2025;21:50:00;2,9; m/s
18-08-2025;22:00:00;2; m/s
18-08-2025;22:10:00;2,2; m/s
18-08-2025;22:20:00;1,9; m/s
18-08-2025;22:30:00;2,2; m/s
18-08-2025;22:40:00;2,6; m/s
18-08-2025;22:50:00;2,5; m/s
18-08-2025;23:00:00;2,4; m/s
18-08-2025;23:10:00;2,3; m/s
18-08-2025;23:20:00;2; m/s
18-08-2025;23:30:00;1,4; m/s
18-08-2025;23:40:00;1,1; m/s
18-08-2025;23:50:00;1,4; m/s
19-08-2025;00:00:00;1,6; m/s
19-08-2025;00:10:00;0,8; m/s
19-08-2025;00:20:00;1,1; m/s
19-08-2025;00:30:00;1,4; m/s
19-08-2025;00:40:00;1,7; m/s
19-08-2025;00:50:00;1,8; m/s
19-08-2025;01:00:00;1,7; m/s
19-08-2025;01:10:00;0,7; m/s
19-08-2025;01:20:00;0,2; m/s
19-08-2025;01:30:00;1; m/s
19-08-2025;01:40:00;0,7; m/s
19-08-2025;01:50:00;1,1; m/s
19-08-2025;02:00:00;1,3; m/s
19-08-2025;02:10:00;1,7; m/s
19-08-2025;02:20:00;1,4; m/s
19-08-2025;02:30:00;1,5; m/s
19-08-2025;02:40:00;1,3; m/s
19-08-2025;02:50:00;1,6; m/s
19-08-2025;03:00:00;2,1; m/s
19-08-2025;03:10:00;1,8; m/s
19-08-2025;03:20:00;1,2; m/s
19-08-2025;03:30:00;1,1; m/s
19-08-2025;03:40:00;0,9; m/s
19-08-2025;03:50:00;1,1; m/s
19-08-2025;04:00:00;1; m/s
19-08-2025;04:10:00;0,9; m/s
19-08-2025;04:20:00;0,9; m/s
19-08-2025;04:30:00;1,3; m/s
19-08-2025;04:40:00;1,5; m/s
19-08-2025;04:50:00;1,7; m/s
19-08-2025;05:00:00;1,5; m/s
19-08-2025;05:10:00;1,9; m/s
19-08-2025;05:20:00;2,4; m/s
19-08-2025;05:30:00;2,7; m/s
19-08-2025;05:40:00;2,9; m/s
19-08-2025;05:50:00;3,1; m/s
19-08-2025;06:00:00;2,5; m/s
19-08-2025;06:10:00;2; m/s
19-08-2025;06:20:00;1,5; m/s
19-08-2025;06:30:00;0,7; m/s
19-08-2025;06:40:00;0,8; m/s
19-08-2025;06:50:00;0,9; m/s
19-08-2025;07:00:00;0,9; m/s
19-08-2025;07:10:00;1,7; m/s
19-08-2025;07:20:00;2; m/s
19-08-2025;07:30:00;1,7; m/s
19-08-2025;07:40:00;1,6; m/s
19-08-2025;07:50:00;1,8; m/s
19-08-2025;08:00:00;2,3; m/s
19-08-2025;08:10:00;2,2; m/s
19-08-2025;08:20:00;2,1; m/s
19-08-2025;08:30:00;1,7; m/s
19-08-2025;08:40:00;1,7; m/s
19-08-2025;08:50:00;1,4; m/s
19-08-2025;09:00:00;1,5; m/s
19-08-2025;09:10:00;1,4; m/s
19-08-2025;09:20:00;1,5; m/s
19-08-2025;09:30:00;1,5; m/s
19-08-2025;09:40:00;1,4; m/s
19-08-2025;09:50:00;1,6; m/s
19-08-2025;10:00:00;1,5; m/s
19-08-2025;10:10:00;1,6; m/s
19-08-2025;10:20:00;1,5; m/s
19-08-2025;10:30:00;1,5; m/s
19-08-2025;10:40:00;1,9; m/s
19-08-2025;10:50:00;1,8; m/s
19-08-2025;11:00:00;1,8; m/s
19-08-2025;11:10:00;2; m/s
19-08-2025;11:20:00;2; m/s
19-08-2025;11:30:00;2,2; m/s
19-08-2025;11:40:00;2,1; m/s
19-08-2025;11:50:00;2; m/s
19-08-2025;12:00:00;2; m/s
19-08-2025;12:10:00;2,6; m/s
19-08-2025;12:20:00;2,3; m/s
19-08-2025;12:30:00;2,5; m/s
19-08-2025;12:40:00;3,4; m/s
19-08-2025;12:50:00;3,5; m/s
19-08-2025;13:00:00;3,4; m/s
19-08-2025;13:10:00;4,7; m/s
19-08-2025;13:20:00;5,3; m/s
19-08-2025;13:30:00;4,4; m/s
19-08-2025;13:40:00;4,7; m/s
19-08-2025;13:50:00;4,2; m/s
19-08-2025;14:00:00;3,2; m/s
19-08-2025;14:10:00;2,7; m/s
19-08-2025;14:20:00;2,8; m/s
19-08-2025;14:30:00;2,8; m/s
19-08-2025;14:40:00;2,6; m/s
19-08-2025;14:50:00;3,7; m/s
19-08-2025;15:00:00;3,9; m/s
19-08-2025;15:10:00;4,5; m/s
19-08-2025;15:20:00;4,2; m/s
19-08-2025;15:30:00;3,7; m/s
19-08-2025;15:40:00;3; m/s
19-08-2025;15:50:00;3,4; m/s
19-08-2025;16:00:00;3,8; m/s
19-08-2025;16:10:00;3,5; m/s
19-08-2025;16:20:00;3,4; m/s
19-08-2025;16:30:00;3,4; m/s
19-08-2025;16:40:00;4; m/s
19-08-2025;16:50:00;3,7; m/s
19-08-2025;17:00:00;3,8; m/s
19-08-2025;17:10:00;4,2; m/s
19-08-2025;17:20:00;3,9; m/s
19-08-2025;17:30:00;4,7; m/s
19-08-2025;17:40:00;6,7; m/s
19-08-2025;17:50:00;6,7; m/s
19-08-2025;18:00:00;6,8; m/s
19-08-2025;18:10:00;7,1; m/s
19-08-2025;18:20:00;6,7; m/s
19-08-2025;18:30:00;7,2; m/s
19-08-2025;18:40:00;7; m/s
19-08-2025;18:50:00;5,5; m/s
19-08-2025;19:00:00;4,7; m/s
19-08-2025;19:10:00;2,6; m/s
19-08-2025;19:20:00;3,6; m/s
19-08-2025;19:30:00;2,5; m/s
19-08-2025;19:40:00;2,4; m/s
19-08-2025;19:50:00;2,2; m/s
19-08-2025;20:00:00;1,9; m/s
19-08-2025;20:10:00;1,7; m/s
19-08-2025;20:20:00;2,3; m/s
19-08-2025;20:30:00;3,4; m/s
19-08-2025;20:40:00;2,7; m/s
19-08-2025;20:50:00;2,7; m/s
19-08-2025;21:00:00;2,5; m/s
19-08-2025;21:10:00;2,5; m/s
19-08-2025;21:20:00;2,2; m/s
19-08-2025;21:30:00;2,3; m/s
19-08-2025;21:40:00;2,1; m/s
19-08-2025;21:50:00;2; m/s
19-08-2025;22:00:00;2,1; m/s
19-08-2025;22:10:00;2,2; m/s
19-08-2025;22:20:00;2,1; m/s
19-08-2025;22:30:00;1,9; m/s
19-08-2025;22:40:00;1,8; m/s
19-08-2025;22:50:00;1,8; m/s
19-08-2025;23:00:00;1,1; m/s
19-08-2025;23:10:00;1,8; m/s
19-08-2025;23:20:00;1,5; m/s
19-08-2025;23:30:00;1,5; m/s
19-08-2025;23:40:00;1,5; m/s
19-08-2025;23:50:00;1,3; m/s
20-08-2025;00:00:00;1,2; m/s
20-08-2025;00:10:00;1,3; m/s
20-08-2025;00:20:00;1,2; m/s
20-08-2025;00:30:00;0,8; m/s
20-08-2025;00:40:00;0,9; m/s
20-08-2025;00:50:00;1,4; m/s
20-08-2025;01:00:00;1,5; m/s
20-08-2025;01:10:00;1,8; m/s
20-08-2025;01:20:00;1,8; m/s
20-08-2025;01:30:00;1,9; m/s
20-08-2025;01:40:00;2,2; m/s
20-08-2025;01:50:00;2,4; m/s
20-08-2025;02:00:00;2,2; m/s
20-08-2025;02:10:00;1,8; m/s
20-08-2025;02:20:00;1,5; m/s
20-08-2025;02:30:00;2,1; m/s
20-08-2025;02:40:00;1,7; m/s
20-08-2025;02:50:00;2,1; m/s
20-08-2025;03:00:00;2,2; m/s
20-08-2025;03:10:00;1,3; m/s
20-08-2025;03:20:00;1,1; m/s
20-08-2025;03:30:00;1,2; m/s
20-08-2025;03:40:00;1,3; m/s
20-08-2025;03:50:00;1,2; m/s
20-08-2025;04:00:00;1,4; m/s
20-08-2025;04:10:00;1,8; m/s
20-08-2025;04:20:00;2,1; m/s
20-08-2025;04:30:00;2,3; m/s
20-08-2025;04:40:00;2,4; m/s
20-08-2025;04:50:00;2,6; m/s
20-08-2025;05:00:00;2,3; m/s
20-08-2025;05:10:00;2,1; m/s
20-08-2025;05:20:00;2,4; m/s
20-08-2025;05:30:00;2,4; m/s
20-08-2025;05:40:00;1,9; m/s
20-08-2025;05:50:00;2,3; m/s
20-08-2025;06:00:00;2,8; m/s
20-08-2025;06:10:00;2,8; m/s
20-08-2025;06:20:00;3; m/s
20-08-2025;06:30:00;2,8; m/s
20-08-2025;06:40:00;2,5; m/s
20-08-2025;06:50:00;2,7; m/s
20-08-2025;07:00:00;2,3; m/s
20-08-2025;07:10:00;2,7; m/s
20-08-2025;07:20:00;2,5; m/s
20-08-2025;07:30:00;2,3; m/s
20-08-2025;07:40:00;1,9; m/s
20-08-2025;07:50:00;1,8; m/s
20-08-2025;08:00:00;2; m/s
20-08-2025;08:10:00;2,3; m/s
20-08-2025;08:20:00;2,6; m/s
20-08-2025;08:30:00;3,2; m/s
20-08-2025;08:40:00;3,4; m/s
20-08-2025;08:50:00;3; m/s
20-08-2025;09:00:00;2,9; m/s
20-08-2025;09:10:00;2,8; m/s
20-08-2025;09:20:00;3,5; m/s
20-08-2025;09:30:00;3,7; m/s
20-08-2025;09:40:00;3; m/s
20-08-2025;09:50:00;2,6; m/s
20-08-2025;10:00:00;2,7; m/s
20-08-2025;10:10:00;3,1; m/s
20-08-2025;10:20:00;2,8; m/s
20-08-2025;10:30:00;2,7; m/s
20-08-2025;10:40:00;2,9; m/s
20-08-2025;10:50:00;2,6; m/s
20-08-2025;11:00:00;2,3; m/s
20-08-2025;11:10:00;2,6; m/s
20-08-2025;11:20:00;2,5; m/s
20-08-2025;11:30:00;2,5; m/s
20-08-2025;11:40:00;2,3; m/s
20-08-2025;11:50:00;2,5; m/s
20-08-2025;12:00:00;2,4; m/s
20-08-2025;12:10:00;2,3; m/s
20-08-2025;12:20:00;2,4; m/s
20-08-2025;12:30:00;2,6; m/s
20-08-2025;12:40:00;2,3; m/s
20-08-2025;12:50:00;2,5; m/s
20-08-2025;13:00:00;2,4; m/s
20-08-2025;13:10:00;2,5; m/s
20-08-2025;13:20:00;2,3; m/s
20-08-2025;13:30:00;2,4; m/s
20-08-2025;13:40:00;2,3; m/s
20-08-2025;13:50:00;2,5; m/s
20-08-2025;14:00:00;2,4; m/s
20-08-2025;14:10:00;2,3; m/s
20-08-2025;14:20:00;2,5; m/s
20-08-2025;14:30:00;2,4; m/s
20-08-2025;14:40:00;2,9; m/s
20-08-2025;14:50:00;2,2; m/s
20-08-2025;15:00:00;2,2; m/s
20-08-2025;15:10:00;2,3; m/s
20-08-2025;15:20:00;1,9; m/s
20-08-2025;15:30:00;2,1; m/s
20-08-2025;15:40:00;2; m/s
20-08-2025;15:50:00;2,1; m/s
20-08-2025;16:00:00;2,1; m/s
20-08-2025;16:10:00;2; m/s
20-08-2025;16:20:00;1,9; m/s
20-08-2025;16:30:00;2; m/s
20-08-2025;16:50:00;1,9; m/s
20-08-2025;17:00:00;1,9; m/s
20-08-2025;17:10:00;1,6; m/s
20-08-2025;17:20:00;1,9; m/s
20-08-2025;17:30:00;1,9; m/s
20-08-2025;17:40:00;2,1; m/s
20-08-2025;17:50:00;2,4; m/s
20-08-2025;18:00:00;2,2; m/s
20-08-2025;18:10:00;2; m/s
20-08-2025;18:20:00;2,3; m/s
20-08-2025;18:30:00;1,7; m/s
20-08-2025;18:40:00;1,9; m/s
20-08-2025;18:50:00;2,3; m/s
20-08-2025;19:00:00;2,7; m/s
20-08-2025;19:10:00;2,5; m/s
20-08-2025;19:20:00;1,8; m/s
20-08-2025;19:30:00;2; m/s
20-08-2025;19:40:00;1,8; m/s
20-08-2025;19:50:00;2; m/s
20-08-2025;20:00:00;2,8; m/s
20-08-2025;20:10:00;1,9; m/s
20-08-2025;20:20:00;2; m/s
20-08-2025;20:30:00;2; m/s
20-08-2025;20:40:00;3,4; m/s
20-08-2025;20:50:00;2; m/s
20-08-2025;21:00:00;1,7; m/s
20-08-2025;21:10:00;1,7; m/s
20-08-2025;21:20:00;1,4; m/s
20-08-2025;21:30:00;0,4; m/s
20-08-2025;21:40:00;0,5; m/s
20-08-2025;21:50:00;0,1; m/s
20-08-2025;22:00:00;0,6; m/s
20-08-2025;22:10:00;1,6; m/s
20-08-2025;22:20:00;2,4; m/s
20-08-2025;22:30:00;3,6; m/s
20-08-2025;22:40:00;4; m/s
20-08-2025;22:50:00;3,4; m/s
20-08-2025;23:00:00;3,5; m/s
20-08-2025;23:10:00;4,5; m/s
20-08-2025;23:20:00;4,6; m/s
20-08-2025;23:30:00;4,4; m/s
20-08-2025;23:40:00;3,3; m/s
20-08-2025;23:50:00;3,7; m/s
21-08-2025;00:00:00;3,5; m/s
21-08-2025;00:10:00;3; m/s
21-08-2025;00:20:00;2,8; m/s
21-08-2025;00:30:00;2,8; m/s
21-08-2025;00:40:00;2,8; m/s
21-08-2025;00:50:00;2,7; m/s
21-08-2025;01:00:00;2,7; m/s
21-08-2025;01:10:00;3,2; m/s
21-08-2025;01:20:00;3,3; m/s
21-08-2025;01:30:00;3,3; m/s
21-08-2025;01:40:00;2,8; m/s
21-08-2025;01:50:00;3; m/s
21-08-2025;02:00:00;3,2; m/s
21-08-2025;02:10:00;3,1; m/s
21-08-2025;02:20:00;3,4; m/s
21-08-2025;02:30:00;3; m/s
21-08-2025;02:40:00;3,9; m/s
21-08-2025;02:50:00;3,7; m/s
21-08-2025;03:00:00;3,6; m/s
21-08-2025;03:10:00;3,8; m/s
21-08-2025;03:20:00;3,4; m/s
21-08-2025;03:30:00;3,7; m/s
21-08-2025;03:40:00;3,7; m/s
21-08-2025;03:50:00;3,5; m/s
21-08-2025;04:00:00;3; m/s
21-08-2025;04:10:00;3,2; m/s
21-08-2025;04:20:00;3; m/s
21-08-2025;04:30:00;3,4; m/s
21-08-2025;04:40:00;3,1; m/s
21-08-2025;04:50:00;3; m/s
21-08-2025;05:00:00;2,8; m/s
21-08-2025;05:10:00;3; m/s
21-08-2025;05:20:00;3,3; m/s
21-08-2025;05:30:00;3,4; m/s
21-08-2025;05:40:00;3,1; m/s
21-08-2025;05:50:00;3,6; m/s
21-08-2025;06:00:00;2,8; m/s
21-08-2025;06:10:00;3,1; m/s
21-08-2025;06:20:00;2,9; m/s
21-08-2025;06:30:00;2,9; m/s
21-08-2025;06:40:00;3,4; m/s
21-08-2025;06:50:00;3,6; m/s
21-08-2025;07:00:00;3,4; m/s
21-08-2025;07:10:00;3,1; m/s
21-08-2025;07:20:00;2,8; m/s
21-08-2025;07:30:00;3,4; m/s
21-08-2025;07:40:00;3,2; m/s
21-08-2025;07:50:00;3; m/s
21-08-2025;08:00:00;3,2; m/s
21-08-2025;08:10:00;3,4; m/s
21-08-2025;08:20:00;4,1; m/s
21-08-2025;08:30:00;3,3; m/s
21-08-2025;08:40:00;3,5; m/s
21-08-2025;08:50:00;3,7; m/s
21-08-2025;09:00:00;3; m/s
21-08-2025;09:10:00;3,3; m/s
21-08-2025;09:20:00;4,9; m/s
21-08-2025;09:30:00;7; m/s
21-08-2025;09:40:00;7,5; m/s
21-08-2025;09:50:00;8,1; m/s
21-08-2025;10:00:00;7,7; m/s
21-08-2025;10:10:00;7,1; m/s
21-08-2025;10:20:00;6; m/s
21-08-2025;10:30:00;6,1; m/s
21-08-2025;10:40:00;6,6; m/s
21-08-2025;10:50:00;5,8; m/s
21-08-2025;11:00:00;6,5; m/s
21-08-2025;11:10:00;7,1; m/s
21-08-2025;11:20:00;6,4; m/s
21-08-2025;11:30:00;5,6; m/s
21-08-2025;11:40:00;7,1; m/s
21-08-2025;11:50:00;7,8; m/s
21-08-2025;12:00:00;7; m/s
21-08-2025;12:10:00;6; m/s
21-08-2025;12:20:00;5,8; m/s
21-08-2025;12:30:00;6,7; m/s
21-08-2025;12:40:00;5,6; m/s
21-08-2025;12:50:00;5,3; m/s
21-08-2025;13:00:00;5,5; m/s
21-08-2025;13:10:00;6,4; m/s
21-08-2025;13:20:00;6,1; m/s
21-08-2025;13:30:00;6,2; m/s
21-08-2025;13:40:00;6,3; m/s
21-08-2025;13:50:00;5,7; m/s
21-08-2025;14:00:00;5,6; m/s
21-08-2025;14:10:00;5,1; m/s
21-08-2025;14:20:00;5,3; m/s
21-08-2025;14:30:00;4,8; m/s
21-08-2025;14:40:00;3,9; m/s
21-08-2025;14:50:00;4,3; m/s
21-08-2025;15:00:00;3,8; m/s
21-08-2025;15:10:00;5,1; m/s
21-08-2025;15:20:00;5,8; m/s
21-08-2025;15:30:00;6; m/s
21-08-2025;15:40:00;5,7; m/s
21-08-2025;15:50:00;4,9; m/s
21-08-2025;16:00:00;5; m/s
21-08-2025;16:10:00;5; m/s
21-08-2025;16:20:00;6; m/s
21-08-2025;16:30:00;6,6; m/s
21-08-2025;16:40:00;5,3; m/s
21-08-2025;16:50:00;5,3; m/s
21-08-2025;17:00:00;4,9; m/s
21-08-2025;17:10:00;5; m/s
21-08-2025;17:20:00;5,1; m/s
21-08-2025;17:30:00;5; m/s
21-08-2025;17:40:00;4,9; m/s
21-08-2025;17:50:00;5; m/s
21-08-2025;18:00:00;5,5; m/s
21-08-2025;18:10:00;5,4; m/s
21-08-2025;18:20:00;5,4; m/s
21-08-2025;18:30:00;5,7; m/s
21-08-2025;18:40:00;5,5; m/s
21-08-2025;18:50:00;5,1; m/s
21-08-2025;19:00:00;4,4; m/s
21-08-2025;19:10:00;4,5; m/s
21-08-2025;19:20:00;3,9; m/s
21-08-2025;19:30:00;4,1; m/s
21-08-2025;19:40:00;4,4; m/s
21-08-2025;19:50:00;4,4; m/s
21-08-2025;20:00:00;4,2; m/s
21-08-2025;20:10:00;4,1; m/s
21-08-2025;20:20:00;4,1; m/s
21-08-2025;20:30:00;3,3; m/s
21-08-2025;20:40:00;3,8; m/s
21-08-2025;20:50:00;4; m/s
21-08-2025;21:00:00;3,4; m/s
21-08-2025;21:10:00;3,7; m/s
21-08-2025;21:20:00;3,6; m/s
21-08-2025;21:30:00;3,7; m/s
21-08-2025;21:40:00;3,3; m/s
21-08-2025;21:50:00;3,7; m/s
21-08-2025;22:00:00;3,8; m/s
21-08-2025;22:10:00;3,4; m/s
21-08-2025;22:20:00;3,1; m/s
21-08-2025;22:30:00;3,6; m/s
21-08-2025;22:40:00;3,1; m/s
21-08-2025;22:50:00;3,8; m/s
21-08-2025;23:00:00;3,5; m/s
21-08-2025;23:10:00;3,5; m/s
21-08-2025;23:20:00;3,8; m/s
21-08-2025;23:30:00;3,8; m/s
21-08-2025;23:40:00;4,1; m/s
21-08-2025;23:50:00;4,4; m/s
22-08-2025;00:00:00;4,3; m/s
22-08-2025;00:10:00;4,4; m/s
22-08-2025;00:20:00;4,4; m/s
22-08-2025;00:30:00;4,5; m/s
22-08-2025;00:40:00;5,1; m/s
22-08-2025;00:50:00;4,7; m/s
22-08-2025;01:00:00;4,9; m/s
22-08-2025;01:10:00;4,7; m/s
22-08-2025;01:20:00;5,4; m/s
22-08-2025;01:30:00;6,1; m/s
22-08-2025;01:40:00;6,2; m/s
22-08-2025;01:50:00;6,6; m/s
22-08-2025;02:00:00;9; m/s
22-08-2025;02:10:00;8,7; m/s
22-08-2025;02:20:00;8,6; m/s
22-08-2025;02:30:00;9,7; m/s
22-08-2025;02:40:00;9,3; m/s
22-08-2025;02:50:00;8,1; m/s
22-08-2025;03:00:00;9,1; m/s
22-08-2025;03:10:00;9,3; m/s
22-08-2025;03:20:00;8,1; m/s
22-08-2025;03:30:00;8,5; m/s
22-08-2025;03:40:00;8,2; m/s
22-08-2025;03:50:00;8,5; m/s
22-08-2025;04:00:00;9,2; m/s
22-08-2025;04:10:00;7,2; m/s
22-08-2025;04:20:00;8,7; m/s
22-08-2025;04:30:00;7,9; m/s
22-08-2025;04:40:00;6,9; m/s
22-08-2025;04:50:00;5,1; m/s
22-08-2025;05:00:00;4,7; m/s
22-08-2025;05:10:00;3,6; m/s
22-08-2025;05:20:00;3,2; m/s
22-08-2025;05:30:00;3,2; m/s
22-08-2025;05:40:00;3,7; m/s
22-08-2025;05:50:00;3,1; m/s
22-08-2025;06:00:00;2,3; m/s
22-08-2025;06:10:00;1,8; m/s
22-08-2025;06:20:00;1,6; m/s
22-08-2025;06:30:00;1,5; m/s
22-08-2025;06:40:00;1,5; m/s
22-08-2025;06:50:00;1,2; m/s
22-08-2025;07:00:00;2,3; m/s
22-08-2025;07:10:00;2,1; m/s
22-08-2025;07:20:00;1,4; m/s
22-08-2025;07:30:00;1,8; m/s
22-08-2025;07:40:00;1; m/s
22-08-2025;07:50:00;1,2; m/s
22-08-2025;08:00:00;4,4; m/s
22-08-2025;08:20:00;3,1; m/s
22-08-2025;08:30:00;4,6; m/s
22-08-2025;08:40:00;6,8; m/s
22-08-2025;08:50:00;5,9; m/s
22-08-2025;09:00:00;6; m/s
22-08-2025;09:10:00;6; m/s
22-08-2025;09:20:00;5,9; m/s
22-08-2025;09:30:00;6,1; m/s
22-08-2025;09:40:00;5,6; m/s
22-08-2025;09:50:00;5; m/s
22-08-2025;10:00:00;4,4; m/s
22-08-2025;10:10:00;4,4; m/s
22-08-2025;10:20:00;8,3; m/s
22-08-2025;10:30:00;4,9; m/s
22-08-2025;10:40:00;3,4; m/s
22-08-2025;10:50:00;4,1; m/s
22-08-2025;11:00:00;3,4; m/s
22-08-2025;11:10:00;3,8; m/s
22-08-2025;11:20:00;4,1; m/s
22-08-2025;11:30:00;5,6; m/s
22-08-2025;11:40:00;5,3; m/s
22-08-2025;11:50:00;5,8; m/s
22-08-2025;12:00:00;8,1; m/s
22-08-2025;12:10:00;5,6; m/s
22-08-2025;12:20:00;6,5; m/s
22-08-2025;12:30:00;6,8; m/s
22-08-2025;12:40:00;6,1; m/s
22-08-2025;12:50:00;6,8; m/s
22-08-2025;13:00:00;6,6; m/s
22-08-2025;13:10:00;6,5; m/s
22-08-2025;13:20:00;7,1; m/s
22-08-2025;13:30:00;7,4; m/s
22-08-2025;13:40:00;7,7; m/s
22-08-2025;13:50:00;7,9; m/s
22-08-2025;14:00:00;7,9; m/s
22-08-2025;14:10:00;8,2; m/s
22-08-2025;14:20:00;7,8; m/s
22-08-2025;14:30:00;7,7; m/s
22-08-2025;14:40:00;7,3; m/s
22-08-2025;14:50:00;7,6; m/s
22-08-2025;15:00:00;7,4; m/s
22-08-2025;15:10:00;7,2; m/s
22-08-2025;15:20:00;7,1; m/s
22-08-2025;15:30:00;6,9; m/s
22-08-2025;15:40:00;6,5; m/s
22-08-2025;15:50:00;7,2; m/s
22-08-2025;16:00:00;6,7; m/s
22-08-2025;16:10:00;6,2; m/s
22-08-2025;16:20:00;6,1; m/s
22-08-2025;16:30:00;5,1; m/s
22-08-2025;16:40:00;5,6; m/s
22-08-2025;16:50:00;6; m/s
22-08-2025;17:00:00;7,4; m/s
22-08-2025;17:10:00;7,5; m/s
22-08-2025;17:20:00;7,3; m/s
22-08-2025;17:30:00;6,6; m/s
22-08-2025;17:40:00;6,5; m/s
22-08-2025;17:50:00;6,3; m/s
22-08-2025;18:00:00;6,5; m/s
22-08-2025;18:10:00;7,2; m/s
22-08-2025;18:20:00;6,6; m/s
22-08-2025;18:30:00;5,9; m/s
22-08-2025;18:40:00;5,3; m/s
22-08-2025;18:50:00;5,7; m/s
22-08-2025;19:00:00;5; m/s
22-08-2025;19:10:00;5,1; m/s
22-08-2025;19:20:00;4,5; m/s
22-08-2025;19:30:00;3,6; m/s
22-08-2025;19:40:00;3,7; m/s
22-08-2025;19:50:00;3,8; m/s
22-08-2025;20:00:00;3,6; m/s
22-08-2025;20:10:00;4,5; m/s
22-08-2025;20:20:00;5,4; m/s
22-08-2025;20:30:00;5,8; m/s
22-08-2025;20:40:00;6; m/s
22-08-2025;20:50:00;5,7; m/s
22-08-2025;21:00:00;6,5; m/s
22-08-2025;21:10:00;6; m/s
22-08-2025;21:20:00;6; m/s
22-08-2025;21:30:00;5,6; m/s
22-08-2025;21:40:00;5,4; m/s
22-08-2025;21:50:00;6,1; m/s
22-08-2025;22:00:00;5,5; m/s
22-08-2025;22:10:00;5; m/s
22-08-2025;22:20:00;5,2; m/s
22-08-2025;22:30:00;4,2; m/s
22-08-2025;22:40:00;5,1; m/s
22-08-2025;22:50:00;4,8; m/s
22-08-2025;23:00:00;5,3; m/s
22-08-2025;23:10:00;5,3; m/s
22-08-2025;23:20:00;4,8; m/s
22-08-2025;23:30:00;4,4; m/s
22-08-2025;23:40:00;4,7; m/s
22-08-2025;23:50:00;4,7; m/s
23-08-2025;00:00:00;4,5; m/s
23-08-2025;00:10:00;4,5; m/s
23-08-2025;00:20:00;4,3; m/s
23-08-2025;00:30:00;4,6; m/s
23-08-2025;00:40:00;5,2; m/s
23-08-2025;00:50:00;4,8; m/s
23-08-2025;01:00:00;4,6; m/s
23-08-2025;01:10:00;4,8; m/s
23-08-2025;01:20:00;5,2; m/s
23-08-2025;01:30:00;4,8; m/s
23-08-2025;01:40:00;4; m/s
23-08-2025;01:50:00;2,8; m/s
23-08-2025;02:00:00;3,4; m/s
23-08-2025;02:10:00;2,9; m/s
23-08-2025;02:20:00;3,1; m/s
23-08-2025;02:30:00;2,3; m/s
23-08-2025;02:40:00;2,8; m/s
23-08-2025;02:50:00;2,5; m/s
23-08-2025;03:00:00;2; m/s
23-08-2025;03:10:00;2,2; m/s
23-08-2025;03:20:00;2,5; m/s
23-08-2025;03:30:00;2,7; m/s
23-08-2025;03:40:00;2; m/s
23-08-2025;03:50:00;2,2; m/s
23-08-2025;04:00:00;2,1; m/s
23-08-2025;04:10:00;2,1; m/s
23-08-2025;04:20:00;1,7; m/s
23-08-2025;04:30:00;1,8; m/s
23-08-2025;04:40:00;2,3; m/s
23-08-2025;04:50:00;1,7; m/s
23-08-2025;05:00:00;1,7; m/s
23-08-2025;05:10:00;1; m/s
23-08-2025;05:20:00;1,7; m/s
23-08-2025;05:30:00;1,8; m/s
23-08-2025;05:40:00;2,1; m/s
23-08-2025;05:50:00;1,6; m/s
23-08-2025;06:00:00;1,7; m/s
23-08-2025;06:10:00;1,5; m/s
23-08-2025;06:20:00;2; m/s
23-08-2025;06:30:00;1,4; m/s
23-08-2025;06:40:00;1,8; m/s
23-08-2025;06:50:00;1,6; m/s
23-08-2025;07:00:00;2; m/s
23-08-2025;07:10:00;1,5; m/s
23-08-2025;07:20:00;2,6; m/s
23-08-2025;07:30:00;3,7; m/s
23-08-2025;07:40:00;1,7; m/s
23-08-2025;07:50:00;0,9; m/s
23-08-2025;08:00:00;1,3; m/s
23-08-2025;08:10:00;1,5; m/s
23-08-2025;08:20:00;0,8; m/s
23-08-2025;08:30:00;1,6; m/s
23-08-2025;08:40:00;1,7; m/s
23-08-2025;08:50:00;0,9; m/s
23-08-2025;09:00:00;1,3; m/s
23-08-2025;09:10:00;0,9; m/s
23-08-2025;09:20:00;0,7; m/s
23-08-2025;09:30:00;1,3; m/s
23-08-2025;09:40:00;1,2; m/s
23-08-2025;09:50:00;2,3; m/s
23-08-2025;10:00:00;2,1; m/s
23-08-2025;10:10:00;1,8; m/s
23-08-2025;10:20:00;2; m/s
23-08-2025;10:30:00;2,2; m/s
23-08-2025;10:40:00;2,3; m/s
23-08-2025;10:50:00;2,3; m/s
23-08-2025;11:00:00;2; m/s
23-08-2025;11:10:00;2,2; m/s
23-08-2025;11:20:00;2,1; m/s
23-08-2025;11:30:00;2,2; m/s
23-08-2025;11:40:00;2,9; m/s
23-08-2025;11:50:00;3,1; m/s
23-08-2025;12:00:00;3,7; m/s
23-08-2025;12:10:00;3,6; m/s
23-08-2025;12:20:00;4,1; m/s
23-08-2025;12:30:00;4,4; m/s
23-08-2025;12:40:00;4,6; m/s
23-08-2025;12:50:00;5,1; m/s
23-08-2025;13:00:00;5,2; m/s
23-08-2025;13:10:00;5,7; m/s
23-08-2025;13:20:00;5,3; m/s
23-08-2025;13:30:00;5,1; m/s
23-08-2025;13:40:00;5,3; m/s
23-08-2025;13:50:00;5,5; m/s
23-08-2025;14:00:00;4,9; m/s
23-08-2025;14:10:00;5; m/s
23-08-2025;14:20:00;5,6; m/s
23-08-2025;14:30:00;6,2; m/s
23-08-2025;14:40:00;5,6; m/s
23-08-2025;14:50:00;5,6; m/s
23-08-2025;15:00:00;5,8; m/s
23-08-2025;15:10:00;5,7; m/s
23-08-2025;15:20:00;6,3; m/s
23-08-2025;15:30:00;6; m/s
23-08-2025;15:40:00;6,2; m/s
23-08-2025;15:50:00;5,6; m/s
23-08-2025;16:00:00;5,1; m/s
23-08-2025;16:10:00;4,7; m/s
23-08-2025;16:20:00;4,5; m/s
23-08-2025;16:30:00;4,9; m/s
23-08-2025;16:40:00;5,9; m/s
23-08-2025;16:50:00;5,7; m/s
23-08-2025;17:00:00;5; m/s
23-08-2025;17:10:00;4,9; m/s
23-08-2025;17:20:00;3,8; m/s
23-08-2025;17:30:00;4,2; m/s
23-08-2025;17:40:00;4,8; m/s
23-08-2025;17:50:00;4,8; m/s
23-08-2025;18:00:00;4,8; m/s
23-08-2025;18:10:00;5,4; m/s
23-08-2025;18:20:00;5,1; m/s
23-08-2025;18:30:00;5; m/s
23-08-2025;18:40:00;6,1; m/s
23-08-2025;18:50:00;5,4; m/s
23-08-2025;19:00:00;4,9; m/s
23-08-2025;19:10:00;4,5; m/s
23-08-2025;19:20:00;4,9; m/s
23-08-2025;19:30:00;5,6; m/s
23-08-2025;19:40:00;3,7; m/s
23-08-2025;19:50:00;2,9; m/s
23-08-2025;20:00:00;4; m/s
23-08-2025;20:10:00;3,3; m/s
23-08-2025;20:20:00;2,2; m/s
23-08-2025;20:30:00;2,7; m/s
23-08-2025;20:40:00;3,4; m/s
23-08-2025;20:50:00;3,3; m/s
23-08-2025;21:00:00;2,2; m/s
23-08-2025;21:10:00;2,6; m/s
23-08-2025;21:20:00;3; m/s
23-08-2025;21:30:00;2,3; m/s
23-08-2025;21:40:00;2,5; m/s
23-08-2025;21:50:00;2,7; m/s
23-08-2025;22:00:00;2,3; m/s
23-08-2025;22:10:00;1,6; m/s
23-08-2025;22:20:00;2,3; m/s
23-08-2025;22:30:00;1,5; m/s
23-08-2025;22:40:00;1; m/s
23-08-2025;22:50:00;0,2; m/s
23-08-2025;23:00:00;0,3; m/s
23-08-2025;23:10:00;1,1; m/s
23-08-2025;23:20:00;1,3; m/s
23-08-2025;23:30:00;1,8; m/s
23-08-2025;23:40:00;1,3; m/s
23-08-2025;23:50:00;1,5; m/s
24-08-2025;00:00:00;2,2; m/s
24-08-2025;00:10:00;2,5; m/s
24-08-2025;00:20:00;2,2; m/s
24-08-2025;00:30:00;2,4; m/s
24-08-2025;00:40:00;2; m/s
24-08-2025;00:50:00;2,4; m/s
24-08-2025;01:00:00;2,5; m/s
24-08-2025;01:10:00;2,2; m/s
24-08-2025;01:20:00;2,5; m/s
24-08-2025;01:30:00;2,8; m/s
24-08-2025;01:40:00;2,5; m/s
24-08-2025;01:50:00;2,8; m/s
24-08-2025;02:00:00;2; m/s
24-08-2025;02:10:00;1,7; m/s
24-08-2025;02:20:00;2,2; m/s
24-08-2025;02:30:00;2,5; m/s
24-08-2025;02:40:00;2,4; m/s
24-08-2025;02:50:00;2,4; m/s
24-08-2025;03:00:00;2,4; m/s
24-08-2025;03:10:00;2,4; m/s
24-08-2025;03:20:00;2,7; m/s
24-08-2025;03:30:00;2,7; m/s
24-08-2025;03:40:00;2,8; m/s
24-08-2025;03:50:00;2,6; m/s
24-08-2025;04:00:00;2; m/s
24-08-2025;04:10:00;2; m/s
24-08-2025;04:20:00;2,4; m/s
24-08-2025;04:30:00;2,9; m/s
24-08-2025;04:40:00;2,7; m/s
24-08-2025;04:50:00;2,3; m/s
24-08-2025;05:00:00;2,5; m/s
24-08-2025;05:10:00;2,9; m/s
24-08-2025;05:20:00;2,3; m/s
24-08-2025;05:30:00;3,2; m/s
24-08-2025;05:40:00;3,3; m/s
24-08-2025;05:50:00;2,9; m/s
24-08-2025;06:00:00;2,6; m/s
24-08-2025;06:10:00;2,4; m/s
24-08-2025;06:20:00;2,7; m/s
24-08-2025;06:30:00;2,5; m/s
24-08-2025;06:40:00;2,5; m/s
24-08-2025;06:50:00;3; m/s
24-08-2025;07:00:00;3,3; m/s
24-08-2025;07:10:00;2,6; m/s
24-08-2025;07:20:00;2,5; m/s
24-08-2025;07:30:00;2,5; m/s
24-08-2025;07:40:00;2,5; m/s
24-08-2025;07:50:00;2,5; m/s
24-08-2025;08:00:00;2,8; m/s
24-08-2025;08:10:00;2,9; m/s
24-08-2025;08:20:00;3,3; m/s
24-08-2025;08:30:00;3,1; m/s
24-08-2025;08:40:00;2,8; m/s
24-08-2025;08:50:00;2,8; m/s
24-08-2025;09:00:00;2,4; m/s
24-08-2025;09:10:00;2,6; m/s
24-08-2025;09:20:00;3,1; m/s
24-08-2025;09:30:00;2,1; m/s
24-08-2025;09:40:00;2,4; m/s
24-08-2025;09:50:00;3,1; m/s
24-08-2025;10:00:00;3,6; m/s
24-08-2025;10:10:00;3,9; m/s
24-08-2025;10:20:00;4,2; m/s
24-08-2025;10:30:00;4,6; m/s
24-08-2025;10:40:00;4,8; m/s
24-08-2025;10:50:00;5,1; m/s
24-08-2025;11:00:00;4,8; m/s
24-08-2025;11:10:00;4,3; m/s
24-08-2025;11:20:00;4,4; m/s
24-08-2025;11:30:00;4,5; m/s
24-08-2025;11:40:00;6,1; m/s
24-08-2025;11:50:00;5,8; m/s
24-08-2025;12:00:00;5,9; m/s
24-08-2025;12:10:00;5,3; m/s
24-08-2025;12:20:00;5,5; m/s
24-08-2025;12:30:00;5,5; m/s
24-08-2025;12:40:00;5,9; m/s
24-08-2025;12:50:00;6,2; m/s
24-08-2025;13:00:00;5,8; m/s
24-08-2025;13:10:00;5,8; m/s
24-08-2025;13:20:00;5,7; m/s
24-08-2025;13:30:00;5,8; m/s
24-08-2025;13:40:00;5,6; m/s
24-08-2025;13:50:00;5,3; m/s
24-08-2025;14:00:00;5,1; m/s
24-08-2025;14:10:00;4,8; m/s
24-08-2025;14:20:00;4,6; m/s
24-08-2025;14:30:00;4,5; m/s
24-08-2025;14:40:00;4,9; m/s
24-08-2025;14:50:00;4,5; m/s
24-08-2025;15:00:00;5,3; m/s
24-08-2025;15:10:00;5,7; m/s
24-08-2025;15:20:00;7; m/s
24-08-2025;15:30:00;6,4; m/s
24-08-2025;15:40:00;5,3; m/s
24-08-2025;15:50:00;5,2; m/s
24-08-2025;16:00:00;4,8; m/s
24-08-2025;16:10:00;4,6; m/s
24-08-2025;16:20:00;4,9; m/s
24-08-2025;16:30:00;5,4; m/s
24-08-2025;16:40:00;5,1; m/s
24-08-2025;16:50:00;5,9; m/s
24-08-2025;17:00:00;5,8; m/s
24-08-2025;17:10:00;6; m/s
24-08-2025;17:20:00;6,2; m/s
24-08-2025;17:30:00;5,6; m/s
24-08-2025;17:40:00;6; m/s
24-08-2025;17:50:00;5,9; m/s
24-08-2025;18:00:00;6,1; m/s
24-08-2025;18:10:00;5,4; m/s
24-08-2025;18:20:00;5,2; m/s
24-08-2025;18:30:00;5,2; m/s
24-08-2025;18:40:00;4,5; m/s
24-08-2025;18:50:00;4,6; m/s
24-08-2025;19:00:00;5,1; m/s
24-08-2025;19:10:00;5,1; m/s
24-08-2025;19:20:00;4,8; m/s
24-08-2025;19:30:00;4,9; m/s
24-08-2025;19:40:00;5,2; m/s
24-08-2025;19:50:00;4,7; m/s
24-08-2025;20:00:00;4,4; m/s
24-08-2025;20:10:00;4,5; m/s
24-08-2025;20:20:00;4,3; m/s
24-08-2025;20:30:00;3,9; m/s
24-08-2025;20:40:00;3,6; m/s
24-08-2025;20:50:00;3,5; m/s
24-08-2025;21:00:00;3,2; m/s
24-08-2025;21:10:00;2,7; m/s
24-08-2025;21:20:00;3; m/s
24-08-2025;21:30:00;3,2; m/s
24-08-2025;21:40:00;2,2; m/s
24-08-2025;21:50:00;1,5; m/s
24-08-2025;22:00:00;2,5; m/s
24-08-2025;22:10:00;2,9; m/s
24-08-2025;22:20:00;2,7; m/s
24-08-2025;22:30:00;2,5; m/s
24-08-2025;22:40:00;2,4; m/s
24-08-2025;22:50:00;2,4; m/s
24-08-2025;23:00:00;2,3; m/s
24-08-2025;23:10:00;2,2; m/s
24-08-2025;23:20:00;1,9; m/s
24-08-2025;23:30:00;1,8; m/s
24-08-2025;23:40:00;2,1; m/s
24-08-2025;23:50:00;2,1; m/s
25-08-2025;00:00:00;2,4; m/s
25-08-2025;00:10:00;2,1; m/s
25-08-2025;00:20:00;1,9; m/s
25-08-2025;00:30:00;2,3; m/s
25-08-2025;00:40:00;2,4; m/s
25-08-2025;00:50:00;2; m/s
25-08-2025;01:00:00;2,7; m/s
25-08-2025;01:10:00;2,5; m/s
25-08-2025;01:20:00;2,3; m/s
25-08-2025;01:30:00;2; m/s
25-08-2025;01:40:00;2,2; m/s
25-08-2025;01:50:00;2,1; m/s
25-08-2025;02:00:00;2,1; m/s
25-08-2025;02:10:00;2,2; m/s
25-08-2025;02:20:00;1,7; m/s
25-08-2025;02:30:00;1,6; m/s
25-08-2025;02:40:00;2,3; m/s
25-08-2025;02:50:00;2,4; m/s
25-08-2025;03:00:00;2,4; m/s
25-08-2025;03:10:00;2; m/s
25-08-2025;03:20:00;2,2; m/s
25-08-2025;03:30:00;2,2; m/s
25-08-2025;03:40:00;2; m/s
25-08-2025;03:50:00;1,9; m/s
25-08-2025;04:00:00;2,1; m/s
25-08-2025;04:10:00;2,1; m/s
25-08-2025;04:20:00;2,2; m/s
25-08-2025;04:30:00;2,1; m/s
25-08-2025;04:40:00;1,9; m/s
25-08-2025;04:50:00;1,9; m/s
25-08-2025;05:00:00;2,1; m/s
25-08-2025;05:10:00;2,4; m/s
25-08-2025;05:20:00;2,5; m/s
25-08-2025;05:30:00;2,4; m/s
25-08-2025;05:40:00;2,4; m/s
25-08-2025;05:50:00;2,5; m/s
25-08-2025;06:00:00;2,6; m/s
25-08-2025;06:10:00;2,8; m/s
25-08-2025;06:20:00;2,7; m/s
25-08-2025;06:30:00;2,5; m/s
25-08-2025;06:40:00;2,3; m/s
25-08-2025;06:50:00;1,9; m/s
25-08-2025;07:00:00;1,6; m/s
25-08-2025;07:10:00;2,2; m/s
25-08-2025;07:20:00;1,7; m/s
25-08-2025;07:30:00;1,7; m/s
25-08-2025;07:40:00;2,2; m/s
25-08-2025;07:50:00;1,3; m/s
25-08-2025;08:00:00;2,4; m/s
25-08-2025;08:10:00;2,1; m/s
25-08-2025;08:20:00;0,9; m/s
25-08-2025;08:30:00;1,9; m/s
25-08-2025;08:40:00;2,2; m/s
25-08-2025;08:50:00;2; m/s
25-08-2025;09:00:00;2,2; m/s
25-08-2025;09:10:00;2,2; m/s
25-08-2025;09:20:00;2,5; m/s
25-08-2025;09:30:00;2,2; m/s
25-08-2025;09:40:00;2,3; m/s
25-08-2025;09:50:00;2; m/s
25-08-2025;10:00:00;2; m/s
25-08-2025;10:10:00;2,1; m/s
25-08-2025;10:20:00;2,1; m/s
25-08-2025;10:30:00;1,9; m/s
25-08-2025;10:40:00;1,8; m/s
25-08-2025;10:50:00;1,8; m/s
25-08-2025;11:00:00;2,1; m/s
25-08-2025;11:10:00;2; m/s
25-08-2025;11:20:00;2,1; m/s
25-08-2025;11:30:00;1,9; m/s
25-08-2025;11:40:00;2,7; m/s
25-08-2025;11:50:00;3,9; m/s
25-08-2025;12:00:00;5,7; m/s
25-08-2025;12:10:00;5,5; m/s
25-08-2025;12:20:00;5,3; m/s
25-08-2025;12:30:00;4,7; m/s
25-08-2025;12:40:00;4,7; m/s
25-08-2025;12:50:00;5,7; m/s
25-08-2025;13:00:00;5,5; m/s
25-08-2025;13:10:00;5,9; m/s
25-08-2025;13:20:00;5,8; m/s
25-08-2025;13:30:00;6,1; m/s
25-08-2025;13:40:00;5,7; m/s
25-08-2025;13:50:00;5,6; m/s
25-08-2025;14:00:00;5,4; m/s
25-08-2025;14:10:00;6; m/s
25-08-2025;14:20:00;6,4; m/s
25-08-2025;14:30:00;6,4; m/s
25-08-2025;14:40:00;5,3; m/s
25-08-2025;14:50:00;6; m/s
25-08-2025;15:00:00;6,3; m/s
25-08-2025;15:10:00;6,2; m/s
25-08-2025;15:20:00;6,7; m/s
25-08-2025;15:30:00;6,8; m/s
25-08-2025;15:40:00;7,4; m/s
25-08-2025;15:50:00;6,2; m/s
25-08-2025;16:00:00;6,4; m/s
25-08-2025;16:10:00;7,2; m/s
25-08-2025;16:20:00;6,6; m/s
25-08-2025;16:30:00;7; m/s
25-08-2025;16:40:00;6,9; m/s
25-08-2025;16:50:00;7; m/s
25-08-2025;17:00:00;7,1; m/s
25-08-2025;17:10:00;6,6; m/s
25-08-2025;17:20:00;6,4; m/s
25-08-2025;17:30:00;7; m/s
25-08-2025;17:40:00;6,7; m/s
25-08-2025;17:50:00;7,1; m/s
25-08-2025;18:00:00;7,3; m/s
25-08-2025;18:10:00;6,7; m/s
25-08-2025;18:20:00;6,9; m/s
25-08-2025;18:30:00;7; m/s
25-08-2025;18:40:00;5,8; m/s
25-08-2025;18:50:00;4,9; m/s
25-08-2025;19:00:00;5,2; m/s
25-08-2025;19:10:00;4,7; m/s
25-08-2025;19:20:00;4,9; m/s
25-08-2025;19:30:00;4,5; m/s
25-08-2025;19:40:00;4; m/s
25-08-2025;19:50:00;2,3; m/s
25-08-2025;20:00:00;2,1; m/s
25-08-2025;20:10:00;1,8; m/s
25-08-2025;20:20:00;2,4; m/s
25-08-2025;20:30:00;2,6; m/s
25-08-2025;20:40:00;2,4; m/s
25-08-2025;20:50:00;3,1; m/s
25-08-2025;21:00:00;2,1; m/s
25-08-2025;21:10:00;1,4; m/s
25-08-2025;21:20:00;1,9; m/s
25-08-2025;21:30:00;2; m/s
25-08-2025;21:40:00;2,3; m/s
25-08-2025;21:50:00;2,6; m/s
25-08-2025;22:00:00;2,3; m/s
25-08-2025;22:10:00;2,2; m/s
25-08-2025;22:20:00;2,2; m/s
25-08-2025;22:30:00;2,3; m/s
25-08-2025;22:40:00;2,3; m/s
25-08-2025;22:50:00;2,2; m/s
25-08-2025;23:00:00;2,3; m/s
25-08-2025;23:10:00;2; m/s
25-08-2025;23:20:00;2,1; m/s
25-08-2025;23:30:00;1,8; m/s
25-08-2025;23:40:00;1,3; m/s
25-08-2025;23:50:00;0,2; m/s
26-08-2025;00:00:00;0; m/s
26-08-2025;00:10:00;0; m/s
26-08-2025;00:20:00;0,6; m/s
26-08-2025;00:30:00;0,2; m/s
26-08-2025;00:40:00;0,2; m/s
26-08-2025;00:50:00;0,6; m/s
26-08-2025;01:00:00;0,5; m/s
26-08-2025;01:10:00;0,7; m/s
26-08-2025;01:20:00;0,8; m/s
26-08-2025;01:30:00;0,7; m/s
26-08-2025;01:40:00;0,9; m/s
26-08-2025;01:50:00;0,8; m/s
26-08-2025;02:00:00;1,2; m/s
26-08-2025;02:10:00;1,6; m/s
26-08-2025;02:20:00;1,3; m/s
26-08-2025;02:30:00;0,7; m/s
26-08-2025;02:40:00;1,1; m/s
26-08-2025;02:50:00;0,9; m/s
26-08-2025;03:00:00;1,4; m/s
26-08-2025;03:10:00;1,4; m/s
26-08-2025;03:20:00;1,3; m/s
26-08-2025;03:30:00;1,3; m/s
26-08-2025;03:40:00;1,3; m/s
26-08-2025;03:50:00;1,9; m/s
26-08-2025;04:00:00;1,7; m/s
26-08-2025;04:10:00;1,5; m/s
26-08-2025;04:20:00;1,5; m/s
26-08-2025;04:30:00;0,9; m/s
26-08-2025;04:40:00;1,3; m/s
26-08-2025;04:50:00;1,6; m/s
26-08-2025;05:00:00;1,5; m/s
26-08-2025;05:10:00;1,1; m/s
26-08-2025;05:20:00;0,6; m/s
26-08-2025;05:30:00;1,2; m/s
26-08-2025;05:40:00;1,9; m/s
26-08-2025;05:50:00;2,9; m/s
26-08-2025;06:00:00;1,6; m/s
26-08-2025;06:10:00;1,6; m/s
26-08-2025;06:20:00;0,9; m/s
26-08-2025;06:30:00;0,9; m/s
26-08-2025;06:40:00;0,6; m/s
26-08-2025;06:50:00;1,4; m/s
26-08-2025;07:00:00;0,9; m/s
26-08-2025;07:10:00;0,5; m/s
26-08-2025;07:20:00;0,3; m/s
26-08-2025;07:30:00;0,5; m/s
26-08-2025;07:40:00;1,2; m/s
26-08-2025;07:50:00;1,5; m/s
26-08-2025;08:00:00;1; m/s
26-08-2025;08:10:00;1,1; m/s
26-08-2025;08:20:00;1,2; m/s
26-08-2025;08:30:00;1,6; m/s
26-08-2025;08:40:00;2,2; m/s
26-08-2025;08:50:00;1,6; m/s
26-08-2025;09:00:00;1,3; m/s
26-08-2025;09:10:00;1,5; m/s
26-08-2025;09:20:00;1,9; m/s
26-08-2025;09:30:00;2; m/s
26-08-2025;09:40:00;1,7; m/s
26-08-2025;09:50:00;1,8; m/s
26-08-2025;10:00:00;2,1; m/s
26-08-2025;10:10:00;1,9; m/s
26-08-2025;10:20:00;2,1; m/s
26-08-2025;10:30:00;1,8; m/s
26-08-2025;10:40:00;1,5; m/s
26-08-2025;10:50:00;2; m/s
26-08-2025;11:00:00;2,2; m/s
26-08-2025;11:10:00;2,2; m/s
26-08-2025;11:20:00;2,3; m/s
26-08-2025;11:30:00;2,1; m/s
26-08-2025;11:40:00;2,2; m/s
26-08-2025;11:50:00;3; m/s
26-08-2025;12:00:00;2,5; m/s
26-08-2025;12:10:00;3; m/s
26-08-2025;12:20:00;2,7; m/s
26-08-2025;12:30:00;2,6; m/s
26-08-2025;12:40:00;2,3; m/s
26-08-2025;12:50:00;2,4; m/s
26-08-2025;13:00:00;2,6; m/s
26-08-2025;13:10:00;2,7; m/s
26-08-2025;13:20:00;3; m/s
26-08-2025;13:30:00;2,9; m/s
26-08-2025;13:40:00;2,8; m/s
26-08-2025;13:50:00;3; m/s
26-08-2025;14:00:00;3,1; m/s
26-08-2025;14:10:00;3,2; m/s
26-08-2025;14:20:00;2,7; m/s
26-08-2025;14:30:00;2,8; m/s
26-08-2025;14:40:00;2,9; m/s
26-08-2025;14:50:00;4,5; m/s
26-08-2025;15:00:00;3,8; m/s
26-08-2025;15:10:00;4,3; m/s
26-08-2025;15:20:00;3,7; m/s
26-08-2025;15:30:00;4,7; m/s
26-08-2025;15:40:00;6,5; m/s
26-08-2025;15:50:00;5,1; m/s
26-08-2025;16:00:00;4,1; m/s
26-08-2025;16:10:00;4,3; m/s
26-08-2025;16:20:00;4; m/s
26-08-2025;16:30:00;3; m/s
26-08-2025;16:40:00;3,1; m/s
26-08-2025;16:50:00;2,1; m/s
26-08-2025;17:00:00;2,2; m/s
26-08-2025;17:10:00;1,9; m/s
26-08-2025;17:20:00;1,7; m/s
26-08-2025;17:30:00;2,4; m/s
26-08-2025;17:40:00;2,1; m/s
26-08-2025;17:50:00;1,9; m/s
26-08-2025;18:00:00;3,4; m/s
26-08-2025;18:10:00;4,6; m/s
26-08-2025;18:20:00;2,9; m/s
26-08-2025;18:30:00;3,2; m/s
26-08-2025;18:40:00;3,8; m/s
26-08-2025;18:50:00;3,7; m/s
26-08-2025;19:00:00;3; m/s
26-08-2025;19:10:00;2,7; m/s
26-08-2025;19:20:00;2,6; m/s
26-08-2025;19:30:00;2,2; m/s
26-08-2025;19:40:00;2,1; m/s
26-08-2025;19:50:00;2,3; m/s
26-08-2025;20:00:00;1; m/s
26-08-2025;20:10:00;1,6; m/s
26-08-2025;20:20:00;1,6; m/s
26-08-2025;20:30:00;1,9; m/s
26-08-2025;20:40:00;1,5; m/s
26-08-2025;20:50:00;1,4; m/s
26-08-2025;21:00:00;1,2; m/s
26-08-2025;21:10:00;1,5; m/s
26-08-2025;21:20:00;1,5; m/s
26-08-2025;21:30:00;1,1; m/s
26-08-2025;21:40:00;1,3; m/s
26-08-2025;21:50:00;1,9; m/s
26-08-2025;22:00:00;2,1; m/s
26-08-2025;22:10:00;2,2; m/s
26-08-2025;22:20:00;2,1; m/s
26-08-2025;22:30:00;1,7; m/s
26-08-2025;22:40:00;1,9; m/s
26-08-2025;22:50:00;1,5; m/s
26-08-2025;23:00:00;2; m/s
26-08-2025;23:10:00;2,3; m/s
26-08-2025;23:20:00;2,2; m/s
26-08-2025;23:30:00;2,2; m/s
26-08-2025;23:40:00;1,5; m/s
26-08-2025;23:50:00;2; m/s
27-08-2025;00:00:00;2,4; m/s
27-08-2025;00:10:00;2,2; m/s
27-08-2025;00:20:00;1,8; m/s
27-08-2025;00:30:00;1,6; m/s
27-08-2025;00:40:00;1,5; m/s
27-08-2025;00:50:00;1,6; m/s
27-08-2025;01:00:00;1,6; m/s
27-08-2025;01:10:00;0,9; m/s
27-08-2025;01:20:00;0,7; m/s
27-08-2025;01:30:00;0,8; m/s
27-08-2025;01:40:00;1,1; m/s
27-08-2025;01:50:00;1,6; m/s
27-08-2025;02:00:00;1,4; m/s
27-08-2025;02:10:00;2,1; m/s
27-08-2025;02:20:00;2,4; m/s
27-08-2025;02:30:00;2,7; m/s
27-08-2025;02:40:00;1,4; m/s
27-08-2025;02:50:00;1,1; m/s
27-08-2025;03:00:00;0,9; m/s
27-08-2025;03:10:00;1,6; m/s
27-08-2025;03:20:00;2,2; m/s
27-08-2025;03:30:00;2; m/s
27-08-2025;03:40:00;2; m/s
27-08-2025;03:50:00;2,1; m/s
27-08-2025;04:00:00;2,1; m/s
27-08-2025;04:10:00;2,4; m/s
27-08-2025;04:20:00;2,5; m/s
27-08-2025;04:30:00;2,4; m/s
27-08-2025;04:40:00;2,2; m/s
27-08-2025;04:50:00;2,1; m/s
27-08-2025;05:00:00;2,4; m/s
27-08-2025;05:10:00;2,1; m/s
27-08-2025;05:20:00;2,1; m/s
27-08-2025;05:30:00;1,8; m/s
27-08-2025;05:40:00;2,7; m/s
27-08-2025;05:50:00;2,6; m/s
27-08-2025;06:00:00;2; m/s
27-08-2025;06:10:00;1,3; m/s
27-08-2025;06:20:00;1,2; m/s
27-08-2025;06:30:00;0,6; m/s
27-08-2025;06:40:00;1; m/s
27-08-2025;06:50:00;1,2; m/s
27-08-2025;07:00:00;1,3; m/s
27-08-2025;07:10:00;1,1; m/s
27-08-2025;07:20:00;1,6; m/s
27-08-2025;07:30:00;1,7; m/s
27-08-2025;07:40:00;1,7; m/s
27-08-2025;07:50:00;1,7; m/s
27-08-2025;08:00:00;2; m/s
27-08-2025;08:10:00;2; m/s
27-08-2025;08:20:00;1,9; m/s
27-08-2025;08:30:00;1,6; m/s
27-08-2025;08:40:00;2,1; m/s
27-08-2025;08:50:00;2,3; m/s
27-08-2025;09:00:00;2,1; m/s
27-08-2025;09:10:00;2,1; m/s
27-08-2025;09:20:00;2,1; m/s
27-08-2025;09:30:00;1,7; m/s
27-08-2025;09:40:00;1,5; m/s
27-08-2025;09:50:00;1,7; m/s
27-08-2025;10:00:00;1,6; m/s
27-08-2025;10:10:00;1,9; m/s
27-08-2025;10:20:00;1,9; m/s
27-08-2025;10:30:00;1,6; m/s
27-08-2025;10:40:00;1,8; m/s
27-08-2025;10:50:00;2,1; m/s
27-08-2025;11:00:00;2; m/s
27-08-2025;11:10:00;2,1; m/s
27-08-2025;11:20:00;2,2; m/s
27-08-2025;11:30:00;2,1; m/s
27-08-2025;11:40:00;2,9; m/s
27-08-2025;11:50:00;3,2; m/s
27-08-2025;12:00:00;2,6; m/s
27-08-2025;12:10:00;2,5; m/s
27-08-2025;12:20:00;2,4; m/s
27-08-2025;12:30:00;2,6; m/s
27-08-2025;12:40:00;2,7; m/s
27-08-2025;12:50:00;3,5; m/s
27-08-2025;13:00:00;3; m/s
27-08-2025;13:10:00;3,5; m/s
27-08-2025;13:20:00;3,9; m/s
27-08-2025;13:30:00;3,4; m/s
27-08-2025;13:40:00;4,1; m/s
27-08-2025;13:50:00;4,9; m/s
27-08-2025;14:00:00;4,9; m/s
27-08-2025;14:10:00;4,4; m/s
27-08-2025;14:20:00;3,9; m/s
27-08-2025;14:30:00;4,3; m/s
27-08-2025;14:40:00;4,8; m/s
27-08-2025;14:50:00;4,7; m/s
27-08-2025;15:00:00;4,2; m/s
27-08-2025;15:10:00;4,3; m/s
27-08-2025;15:20:00;4,4; m/s
27-08-2025;15:30:00;3,6; m/s
27-08-2025;15:40:00;3,3; m/s
27-08-2025;15:50:00;3,3; m/s
27-08-2025;16:00:00;3,2; m/s
27-08-2025;16:10:00;3,7; m/s
27-08-2025;16:20:00;3,7; m/s
27-08-2025;16:30:00;4,1; m/s
27-08-2025;16:40:00;3,5; m/s
27-08-2025;16:50:00;3,6; m/s
27-08-2025;17:00:00;3,9; m/s
27-08-2025;17:10:00;3,4; m/s
27-08-2025;17:20:00;3,7; m/s
27-08-2025;17:30:00;3,4; m/s
27-08-2025;17:40:00;3,5; m/s
27-08-2025;17:50:00;3,9; m/s
27-08-2025;18:00:00;3,3; m/s
27-08-2025;18:10:00;3,4; m/s
27-08-2025;18:20:00;3,7; m/s
27-08-2025;18:30:00;3,6; m/s
27-08-2025;18:40:00;2,4; m/s
27-08-2025;18:50:00;2,6; m/s
27-08-2025;19:00:00;2,2; m/s
27-08-2025;19:10:00;2,4; m/s
27-08-2025;19:20:00;2,2; m/s
27-08-2025;19:30:00;2,5; m/s
27-08-2025;19:40:00;2,9; m/s
27-08-2025;19:50:00;2,4; m/s
27-08-2025;20:00:00;2,2; m/s
27-08-2025;20:10:00;2,1; m/s
27-08-2025;20:20:00;1,4; m/s
27-08-2025;20:30:00;1,9; m/s
27-08-2025;20:40:00;1,9; m/s
27-08-2025;20:50:00;1,7; m/s
27-08-2025;21:00:00;1,9; m/s
27-08-2025;21:10:00;2,2; m/s
27-08-2025;21:20:00;2,2; m/s
27-08-2025;21:30:00;2,8; m/s
27-08-2025;21:40:00;1,9; m/s
27-08-2025;21:50:00;2,3; m/s
27-08-2025;22:00:00;2,4; m/s
27-08-2025;22:10:00;2,2; m/s
27-08-2025;22:20:00;2,5; m/s
27-08-2025;22:30:00;2,1; m/s
27-08-2025;22:40:00;2; m/s
27-08-2025;22:50:00;2,4; m/s
27-08-2025;23:00:00;1,9; m/s
27-08-2025;23:10:00;1,5; m/s
27-08-2025;23:20:00;1,2; m/s
27-08-2025;23:30:00;2; m/s
27-08-2025;23:40:00;2,1; m/s
27-08-2025;23:50:00;1,9; m/s
28-08-2025;00:00:00;1,6; m/s
28-08-2025;00:10:00;1,3; m/s
28-08-2025;00:20:00;1; m/s
28-08-2025;00:30:00;1; m/s
28-08-2025;00:40:00;1,3; m/s
28-08-2025;00:50:00;1,5; m/s
28-08-2025;01:00:00;1,1; m/s
28-08-2025;01:10:00;1,2; m/s
28-08-2025;01:20:00;1,3; m/s
28-08-2025;01:30:00;0,8; m/s
28-08-2025;01:40:00;0,7; m/s
28-08-2025;01:50:00;0,3; m/s
28-08-2025;02:00:00;0,9; m/s
28-08-2025;02:10:00;1; m/s
28-08-2025;02:20:00;1,6; m/s
28-08-2025;02:30:00;1,6; m/s
28-08-2025;02:40:00;1,7; m/s
28-08-2025;02:50:00;2,5; m/s
28-08-2025;03:00:00;3,4; m/s
28-08-2025;03:10:00;3,5; m/s
28-08-2025;03:20:00;3,3; m/s
28-08-2025;03:30:00;2,6; m/s
28-08-2025;03:40:00;1,7; m/s
28-08-2025;03:50:00;1,9; m/s
28-08-2025;04:00:00;1,5; m/s
28-08-2025;04:10:00;1,5; m/s
28-08-2025;04:20:00;1; m/s
28-08-2025;04:30:00;1,1; m/s
28-08-2025;04:40:00;1,3; m/s
28-08-2025;04:50:00;2,7; m/s
28-08-2025;05:00:00;3,1; m/s
28-08-2025;05:10:00;1,9; m/s
28-08-2025;05:20:00;2; m/s
28-08-2025;05:30:00;2,9; m/s
28-08-2025;05:40:00;2,3; m/s
28-08-2025;05:50:00;1,6; m/s
28-08-2025;06:00:00;1,7; m/s
28-08-2025;06:10:00;2,9; m/s
28-08-2025;06:20:00;3,2; m/s
28-08-2025;06:30:00;2,5; m/s
28-08-2025;06:40:00;2,1; m/s
28-08-2025;06:50:00;1,7; m/s
28-08-2025;07:00:00;2; m/s
28-08-2025;07:10:00;1,6; m/s
28-08-2025;07:20:00;1,6; m/s
28-08-2025;07:30:00;1,7; m/s
28-08-2025;07:40:00;2; m/s
28-08-2025;07:50:00;3; m/s
28-08-2025;08:00:00;2; m/s
28-08-2025;08:10:00;1,4; m/s
28-08-2025;08:20:00;2,4; m/s
28-08-2025;08:30:00;3; m/s
28-08-2025;08:40:00;2,4; m/s
28-08-2025;08:50:00;1,9; m/s
28-08-2025;09:00:00;1,6; m/s
28-08-2025;09:10:00;1,5; m/s
28-08-2025;09:20:00;1,6; m/s
28-08-2025;09:30:00;1,4; m/s
28-08-2025;09:40:00;1,6; m/s
28-08-2025;09:50:00;2; m/s
28-08-2025;10:00:00;2,1; m/s
28-08-2025;10:10:00;1,9; m/s
28-08-2025;10:20:00;2,1; m/s
28-08-2025;10:30:00;1,3; m/s
28-08-2025;10:40:00;1,1; m/s
28-08-2025;10:50:00;1,4; m/s
28-08-2025;11:00:00;1,6; m/s
28-08-2025;11:10:00;1,6; m/s
28-08-2025;11:20:00;1,2; m/s
28-08-2025;11:30:00;1,4; m/s
28-08-2025;11:40:00;1,6; m/s
28-08-2025;11:50:00;1,6; m/s
28-08-2025;12:00:00;1,7; m/s
28-08-2025;12:10:00;1,9; m/s
28-08-2025;12:20:00;2,7; m/s
28-08-2025;12:30:00;3,1; m/s
28-08-2025;12:40:00;3,1; m/s
28-08-2025;12:50:00;3,5; m/s
28-08-2025;13:00:00;3,1; m/s
28-08-2025;13:10:00;3,5; m/s
28-08-2025;13:20:00;3,5; m/s
28-08-2025;13:30:00;3,7; m/s
28-08-2025;13:40:00;3,7; m/s
28-08-2025;13:50:00;3,7; m/s
28-08-2025;14:00:00;4; m/s
28-08-2025;14:10:00;3,8; m/s
28-08-2025;14:20:00;4,3; m/s
28-08-2025;14:30:00;3,3; m/s
28-08-2025;14:40:00;2,9; m/s
28-08-2025;14:50:00;3,9; m/s
28-08-2025;15:00:00;4,6; m/s
28-08-2025;15:10:00;3,5; m/s
28-08-2025;15:20:00;2,5; m/s
28-08-2025;15:30:00;3,1; m/s
28-08-2025;15:40:00;3; m/s
28-08-2025;15:50:00;2,9; m/s
28-08-2025;16:00:00;2,8; m/s
28-08-2025;16:10:00;2,8; m/s
28-08-2025;16:20:00;3,1; m/s
28-08-2025;16:30:00;3,4; m/s
28-08-2025;16:40:00;3,7; m/s
28-08-2025;16:50:00;4; m/s
28-08-2025;17:00:00;3,2; m/s
28-08-2025;17:10:00;3,2; m/s
28-08-2025;17:20:00;3,7; m/s
28-08-2025;17:30:00;4,7; m/s
28-08-2025;17:40:00;4; m/s
28-08-2025;17:50:00;2,7; m/s
28-08-2025;18:00:00;3,1; m/s
28-08-2025;18:10:00;2,5; m/s
28-08-2025;18:20:00;3,5; m/s
28-08-2025;18:30:00;3,8; m/s
28-08-2025;18:40:00;4,1; m/s
28-08-2025;18:50:00;3,8; m/s
28-08-2025;19:00:00;3,1; m/s
28-08-2025;19:10:00;2,8; m/s
28-08-2025;19:20:00;3,9; m/s
28-08-2025;19:30:00;2,9; m/s
28-08-2025;19:40:00;2,1; m/s
28-08-2025;19:50:00;2; m/s
28-08-2025;20:00:00;2,4; m/s
28-08-2025;20:10:00;2,5; m/s
28-08-2025;20:20:00;2,7; m/s
28-08-2025;20:30:00;2,5; m/s
28-08-2025;20:40:00;2,8; m/s
28-08-2025;20:50:00;2,8; m/s
28-08-2025;21:00:00;3,5; m/s
28-08-2025;21:10:00;3,2; m/s
28-08-2025;21:20:00;3,2; m/s
28-08-2025;21:30:00;2,7; m/s
28-08-2025;21:40:00;3,1; m/s
28-08-2025;21:50:00;3,5; m/s
28-08-2025;22:00:00;3,2; m/s
28-08-2025;22:10:00;4; m/s
28-08-2025;22:20:00;4; m/s
28-08-2025;22:30:00;4,3; m/s
28-08-2025;22:40:00;4,4; m/s
28-08-2025;22:50:00;4,9; m/s
28-08-2025;23:00:00;4; m/s
28-08-2025;23:10:00;3,7; m/s
28-08-2025;23:20:00;3,4; m/s
28-08-2025;23:30:00;3,3; m/s
28-08-2025;23:40:00;3,5; m/s
28-08-2025;23:50:00;3,6; m/s
29-08-2025;00:00:00;4,3; m/s
29-08-2025;00:10:00;4,5; m/s
29-08-2025;00:20:00;3,7; m/s
29-08-2025;00:30:00;3,8; m/s
29-08-2025;00:40:00;3,4; m/s
29-08-2025;00:50:00;3,6; m/s
29-08-2025;01:00:00;3,5; m/s
29-08-2025;01:10:00;3,2; m/s
29-08-2025;01:20:00;3,2; m/s
29-08-2025;01:30:00;2,8; m/s
29-08-2025;01:40:00;2,9; m/s
29-08-2025;01:50:00;3; m/s
29-08-2025;02:00:00;3,1; m/s
29-08-2025;02:10:00;2,7; m/s
29-08-2025;02:20:00;2,9; m/s
29-08-2025;02:30:00;2,6; m/s
29-08-2025;02:40:00;2,7; m/s
29-08-2025;02:50:00;3; m/s
29-08-2025;03:00:00;2,7; m/s
29-08-2025;03:10:00;3; m/s
29-08-2025;03:20:00;2,5; m/s
29-08-2025;03:30:00;2,7; m/s
29-08-2025;03:40:00;2,3; m/s
29-08-2025;03:50:00;2,5; m/s
29-08-2025;04:00:00;2,4; m/s
29-08-2025;04:10:00;2,7; m/s
29-08-2025;04:20:00;3; m/s
29-08-2025;04:30:00;3; m/s
29-08-2025;04:40:00;3,4; m/s
29-08-2025;04:50:00;3,1; m/s
29-08-2025;05:00:00;2,8; m/s
29-08-2025;05:10:00;2,6; m/s
29-08-2025;05:20:00;1,9; m/s
29-08-2025;05:30:00;1,5; m/s
29-08-2025;05:40:00;2,1; m/s
29-08-2025;05:50:00;2,1; m/s
29-08-2025;06:00:00;1,9; m/s
29-08-2025;06:10:00;2; m/s
29-08-2025;06:20:00;2,8; m/s
29-08-2025;06:30:00;2,6; m/s
29-08-2025;06:40:00;2,3; m/s
29-08-2025;06:50:00;2,8; m/s
29-08-2025;07:00:00;3; m/s
29-08-2025;07:10:00;2,8; m/s
29-08-2025;07:20:00;1,7; m/s
29-08-2025;07:30:00;3,2; m/s
29-08-2025;07:40:00;2,4; m/s
29-08-2025;07:50:00;2; m/s
29-08-2025;08:00:00;2,2; m/s
29-08-2025;08:10:00;2,5; m/s
29-08-2025;08:20:00;2,5; m/s
29-08-2025;08:30:00;2,6; m/s
29-08-2025;08:40:00;2,3; m/s
29-08-2025;08:50:00;1,9; m/s
29-08-2025;09:00:00;2,1; m/s
29-08-2025;09:10:00;1,9; m/s
29-08-2025;09:20:00;2,3; m/s
29-08-2025;09:30:00;2,3; m/s
29-08-2025;09:40:00;3,2; m/s
29-08-2025;09:50:00;3,2; m/s
29-08-2025;10:00:00;3,2; m/s
29-08-2025;10:10:00;3,6; m/s
29-08-2025;10:20:00;4,7; m/s
29-08-2025;10:30:00;3,5; m/s
29-08-2025;10:40:00;2,9; m/s
29-08-2025;10:50:00;3,2; m/s
29-08-2025;11:00:00;2,8; m/s
29-08-2025;11:10:00;2,9; m/s
29-08-2025;11:20:00;3,1; m/s
29-08-2025;11:30:00;3,2; m/s
29-08-2025;11:40:00;4,2; m/s
29-08-2025;11:50:00;4; m/s
29-08-2025;12:00:00;4; m/s
29-08-2025;12:10:00;3,7; m/s
29-08-2025;12:20:00;3,2; m/s
29-08-2025;12:30:00;4,7; m/s
29-08-2025;12:40:00;7; m/s
29-08-2025;12:50:00;6,1; m/s
29-08-2025;13:00:00;4,3; m/s
29-08-2025;13:10:00;6,7; m/s
29-08-2025;13:20:00;6,8; m/s
29-08-2025;13:30:00;8,4; m/s
29-08-2025;13:40:00;6,5; m/s
29-08-2025;13:50:00;6; m/s
29-08-2025;14:00:00;7,1; m/s
29-08-2025;14:10:00;6,2; m/s
29-08-2025;14:20:00;5,5; m/s
29-08-2025;14:30:00;7,2; m/s
29-08-2025;14:40:00;7,8; m/s
29-08-2025;14:50:00;6,2; m/s
29-08-2025;15:00:00;7; m/s
29-08-2025;15:10:00;7,2; m/s
29-08-2025;15:20:00;5,7; m/s
29-08-2025;15:30:00;5,4; m/s
29-08-2025;15:40:00;6,3; m/s
29-08-2025;15:50:00;6,5; m/s
29-08-2025;16:00:00;6,6; m/s
29-08-2025;16:10:00;6,4; m/s
29-08-2025;16:20:00;5,7; m/s
29-08-2025;16:30:00;6; m/s
29-08-2025;16:40:00;5,4; m/s
29-08-2025;16:50:00;3,9; m/s
29-08-2025;17:00:00;6,4; m/s
29-08-2025;17:10:00;5,8; m/s
29-08-2025;17:20:00;5,3; m/s
29-08-2025;17:30:00;5; m/s
29-08-2025;17:40:00;5,1; m/s
29-08-2025;17:50:00;5,6; m/s
29-08-2025;18:00:00;5,5; m/s
29-08-2025;18:10:00;5,7; m/s
29-08-2025;18:20:00;5,3; m/s
29-08-2025;18:30:00;3,8; m/s
29-08-2025;18:40:00;3,3; m/s
29-08-2025;18:50:00;3,3; m/s
29-08-2025;19:00:00;5,6; m/s
29-08-2025;19:10:00;4,9; m/s
29-08-2025;19:20:00;4; m/s
29-08-2025;19:30:00;3,6; m/s
29-08-2025;19:40:00;3; m/s
29-08-2025;19:50:00;3,2; m/s
29-08-2025;20:00:00;2,2; m/s
29-08-2025;20:10:00;2,8; m/s
29-08-2025;20:20:00;2,8; m/s
29-08-2025;20:30:00;2,9; m/s
29-08-2025;20:40:00;3,4; m/s
29-08-2025;20:50:00;3,8; m/s
29-08-2025;21:00:00;4,4; m/s
29-08-2025;21:10:00;3,7; m/s
29-08-2025;21:20:00;3,2; m/s
29-08-2025;21:30:00;2,6; m/s
29-08-2025;21:40:00;2; m/s
29-08-2025;21:50:00;2,1; m/s
29-08-2025;22:00:00;2,3; m/s
29-08-2025;22:10:00;1,1; m/s
29-08-2025;22:20:00;1,2; m/s
29-08-2025;22:30:00;1,7; m/s
29-08-2025;22:40:00;3,2; m/s
29-08-2025;22:50:00;3,6; m/s
29-08-2025;23:00:00;2,4; m/s
29-08-2025;23:10:00;3,1; m/s
29-08-2025;23:20:00;3,6; m/s
29-08-2025;23:30:00;2,3; m/s
29-08-2025;23:40:00;1,8; m/s
29-08-2025;23:50:00;0,6; m/s
30-08-2025;00:00:00;1,6; m/s
30-08-2025;00:10:00;1,4; m/s
30-08-2025;00:20:00;2,2; m/s
30-08-2025;00:30:00;1,8; m/s
30-08-2025;00:40:00;1,4; m/s
30-08-2025;00:50:00;1,9; m/s
30-08-2025;01:00:00;2,2; m/s
30-08-2025;01:10:00;1,7; m/s
30-08-2025;01:20:00;2,1; m/s
30-08-2025;01:30:00;1,6; m/s
30-08-2025;01:40:00;2; m/s
30-08-2025;01:50:00;1,4; m/s
30-08-2025;02:00:00;2,9; m/s
30-08-2025;02:10:00;1,9; m/s
30-08-2025;02:20:00;2,4; m/s
30-08-2025;02:30:00;1,6; m/s
30-08-2025;02:40:00;4,5; m/s
30-08-2025;02:50:00;4,2; m/s
30-08-2025;03:00:00;3,7; m/s
30-08-2025;03:10:00;3,7; m/s
30-08-2025;03:20:00;3; m/s
30-08-2025;03:30:00;2,3; m/s
30-08-2025;03:40:00;3,7; m/s
30-08-2025;03:50:00;2,5; m/s
30-08-2025;04:00:00;2,1; m/s
30-08-2025;04:10:00;2,3; m/s
30-08-2025;04:20:00;4,3; m/s
30-08-2025;04:30:00;9; m/s
30-08-2025;04:40:00;11; m/s
30-08-2025;04:50:00;6,7; m/s
30-08-2025;05:00:00;5; m/s
30-08-2025;05:10:00;2,8; m/s
30-08-2025;05:20:00;3; m/s
30-08-2025;05:30:00;4,4; m/s
30-08-2025;05:40:00;2; m/s
30-08-2025;05:50:00;1,6; m/s
30-08-2025;06:00:00;2,8; m/s
30-08-2025;06:10:00;2,1; m/s
30-08-2025;06:20:00;2,2; m/s
30-08-2025;06:30:00;2,2; m/s
30-08-2025;06:40:00;2,2; m/s
30-08-2025;06:50:00;2,3; m/s
30-08-2025;07:00:00;2,8; m/s
30-08-2025;07:10:00;2,5; m/s
30-08-2025;07:20:00;2; m/s
30-08-2025;07:30:00;2,5; m/s
30-08-2025;07:40:00;2,7; m/s
30-08-2025;07:50:00;2,3; m/s
30-08-2025;08:00:00;1,4; m/s
30-08-2025;08:10:00;1,4; m/s
30-08-2025;08:20:00;0,5; m/s
30-08-2025;08:30:00;1,5; m/s
30-08-2025;08:40:00;0,7; m/s
30-08-2025;08:50:00;1,6; m/s
30-08-2025;09:00:00;1,7; m/s
30-08-2025;09:10:00;1,6; m/s
30-08-2025;09:20:00;1,1; m/s
30-08-2025;09:30:00;2; m/s
30-08-2025;09:40:00;1,8; m/s
30-08-2025;09:50:00;2,4; m/s
30-08-2025;10:00:00;2,2; m/s
30-08-2025;10:10:00;2,3; m/s
30-08-2025;10:20:00;2,2; m/s
30-08-2025;10:30:00;1,8; m/s
30-08-2025;10:40:00;2; m/s
30-08-2025;10:50:00;2,2; m/s
30-08-2025;11:00:00;2,3; m/s
30-08-2025;11:10:00;1,8; m/s
30-08-2025;11:20:00;2,7; m/s
30-08-2025;11:30:00;2,4; m/s
30-08-2025;11:40:00;2,3; m/s
30-08-2025;11:50:00;2,5; m/s
30-08-2025;12:00:00;2,8; m/s
30-08-2025;12:10:00;2,8; m/s
30-08-2025;12:20:00;3; m/s
30-08-2025;12:30:00;3; m/s
30-08-2025;12:40:00;4,6; m/s
30-08-2025;12:50:00;3,1; m/s
30-08-2025;13:00:00;4,3; m/s
30-08-2025;13:10:00;7,7; m/s
30-08-2025;13:20:00;8,2; m/s
30-08-2025;13:30:00;8,2; m/s
30-08-2025;13:40:00;7,5; m/s
30-08-2025;13:50:00;8; m/s
30-08-2025;14:00:00;7,3; m/s
30-08-2025;14:10:00;7,3; m/s
30-08-2025;14:20:00;8,5; m/s
30-08-2025;14:30:00;9; m/s
30-08-2025;14:40:00;7,2; m/s
30-08-2025;14:50:00;7,2; m/s
30-08-2025;15:00:00;8,1; m/s
30-08-2025;15:10:00;8,7; m/s
30-08-2025;15:20:00;8; m/s
30-08-2025;15:30:00;6,6; m/s
30-08-2025;15:40:00;6,3; m/s
30-08-2025;15:50:00;5,5; m/s
30-08-2025;16:00:00;6,1; m/s
30-08-2025;16:10:00;8,6; m/s
30-08-2025;16:20:00;8,1; m/s
30-08-2025;16:30:00;8,8; m/s
30-08-2025;16:40:00;8,1; m/s
30-08-2025;16:50:00;9,1; m/s
30-08-2025;17:00:00;8,7; m/s
30-08-2025;17:10:00;9; m/s
30-08-2025;17:20:00;8,6; m/s
30-08-2025;17:30:00;8; m/s
30-08-2025;17:40:00;8,4; m/s
30-08-2025;17:50:00;7,9; m/s
30-08-2025;18:00:00;8,5; m/s
30-08-2025;18:10:00;8,7; m/s
30-08-2025;18:20:00;7,6; m/s
30-08-2025;18:30:00;8,8; m/s
30-08-2025;18:40:00;8,6; m/s
30-08-2025;18:50:00;8,8; m/s
30-08-2025;19:00:00;8,9; m/s
30-08-2025;19:10:00;9; m/s
30-08-2025;19:20:00;10; m/s
30-08-2025;19:30:00;9,2; m/s
30-08-2025;19:40:00;8,3; m/s
30-08-2025;19:50:00;8,1; m/s
30-08-2025;20:00:00;8,3; m/s
30-08-2025;20:10:00;8,6; m/s
30-08-2025;20:20:00;6,9; m/s
30-08-2025;20:30:00;7,3; m/s
30-08-2025;20:40:00;7,4; m/s
30-08-2025;20:50:00;7,3; m/s
30-08-2025;21:00:00;8,1; m/s
30-08-2025;21:10:00;7,7; m/s
30-08-2025;21:20:00;7,1; m/s
30-08-2025;21:30:00;8,4; m/s
30-08-2025;21:40:00;7,6; m/s
30-08-2025;21:50:00;8,9; m/s
30-08-2025;22:00:00;8,6; m/s
30-08-2025;22:10:00;9,3; m/s
30-08-2025;22:20:00;8,1; m/s
30-08-2025;22:30:00;8,3; m/s
30-08-2025;22:40:00;8,3; m/s
30-08-2025;22:50:00;7,8; m/s
30-08-2025;23:00:00;6,1; m/s
30-08-2025;23:10:00;3,7; m/s
30-08-2025;23:20:00;3,6; m/s
30-08-2025;23:30:00;3,7; m/s
30-08-2025;23:40:00;4,2; m/s
30-08-2025;23:50:00;4,1; m/s
31-08-2025;00:00:00;4,4; m/s
31-08-2025;00:10:00;3; m/s
31-08-2025;00:20:00;3,5; m/s
31-08-2025;00:30:00;3,6; m/s
31-08-2025;00:40:00;3,4; m/s
31-08-2025;00:50:00;3,9; m/s
31-08-2025;01:00:00;4; m/s
31-08-2025;01:10:00;4; m/s
31-08-2025;01:20:00;4,4; m/s
31-08-2025;01:30:00;3,6; m/s
31-08-2025;01:40:00;3,1; m/s
31-08-2025;01:50:00;3,6; m/s
31-08-2025;02:00:00;3,9; m/s
31-08-2025;02:10:00;2,4; m/s
31-08-2025;02:20:00;1,9; m/s
31-08-2025;02:30:00;1,4; m/s
31-08-2025;02:40:00;1,8; m/s
31-08-2025;02:50:00;1,4; m/s
31-08-2025;03:00:00;2; m/s
31-08-2025;03:10:00;2,8; m/s
31-08-2025;03:20:00;2,6; m/s
31-08-2025;03:30:00;2,5; m/s
31-08-2025;03:40:00;3,2; m/s
31-08-2025;03:50:00;3,3; m/s
31-08-2025;04:00:00;3,3; m/s
31-08-2025;04:10:00;3,7; m/s
31-08-2025;04:20:00;3,2; m/s
31-08-2025;04:30:00;3,9; m/s
31-08-2025;04:40:00;3,8; m/s
31-08-2025;04:50:00;3,9; m/s
31-08-2025;05:00:00;3,7; m/s
31-08-2025;05:10:00;3,7; m/s
31-08-2025;05:20:00;3,7; m/s
31-08-2025;05:30:00;3,2; m/s
31-08-2025;05:40:00;3,7; m/s
31-08-2025;05:50:00;3,6; m/s
31-08-2025;06:00:00;3; m/s
31-08-2025;06:10:00;2,5; m/s
31-08-2025;06:20:00;2,2; m/s
31-08-2025;06:30:00;3,5; m/s
31-08-2025;06:40:00;3,1; m/s
31-08-2025;06:50:00;2; m/s
31-08-2025;07:00:00;1,6; m/s
31-08-2025;07:10:00;2; m/s
31-08-2025;07:20:00;1,5; m/s
31-08-2025;07:30:00;1,7; m/s
31-08-2025;07:40:00;1,6; m/s
31-08-2025;07:50:00;1,7; m/s
31-08-2025;08:00:00;2,4; m/s
31-08-2025;08:10:00;2,4; m/s
31-08-2025;08:20:00;1,3; m/s
31-08-2025;08:30:00;2,7; m/s
31-08-2025;08:40:00;1,8; m/s
31-08-2025;08:50:00;1,9; m/s
31-08-2025;09:00:00;1,3; m/s
31-08-2025;09:10:00;1,1; m/s
31-08-2025;09:20:00;1,2; m/s
31-08-2025;09:30:00;1,4; m/s
31-08-2025;09:40:00;1,4; m/s
31-08-2025;09:50:00;1,7; m/s
31-08-2025;10:00:00;1,7; m/s
31-08-2025;10:10:00;1,8; m/s
31-08-2025;10:20:00;2,3; m/s
31-08-2025;10:30:00;2,4; m/s
31-08-2025;10:40:00;2,9; m/s
31-08-2025;10:50:00;3,1; m/s
31-08-2025;11:00:00;2,5; m/s
31-08-2025;11:10:00;4,7; m/s
31-08-2025;11:20:00;5,1; m/s
31-08-2025;11:30:00;5,5; m/s
31-08-2025;11:40:00;5,2; m/s
31-08-2025;11:50:00;5,3; m/s
31-08-2025;12:00:00;5,2; m/s
31-08-2025;12:10:00;5,1; m/s
31-08-2025;12:20:00;4,5; m/s
31-08-2025;12:30:00;4,1; m/s
31-08-2025;12:40:00;3,5; m/s
31-08-2025;12:50:00;3,4; m/s
31-08-2025;13:00:00;3,5; m/s
31-08-2025;13:10:00;2,5; m/s
31-08-2025;13:20:00;2,7; m/s
31-08-2025;13:30:00;3,3; m/s
31-08-2025;13:40:00;3,8; m/s
31-08-2025;13:50:00;3,9; m/s
31-08-2025;14:00:00;3,8; m/s
31-08-2025;14:10:00;3,6; m/s
31-08-2025;14:20:00;3,7; m/s
31-08-2025;14:30:00;3,7; m/s
31-08-2025;14:40:00;3,5; m/s
31-08-2025;14:50:00;3,9; m/s
31-08-2025;15:00:00;3,8; m/s
31-08-2025;15:10:00;3,7; m/s
31-08-2025;15:20:00;3,6; m/s
31-08-2025;15:30:00;3,5; m/s
31-08-2025;15:40:00;3,2; m/s
31-08-2025;15:50:00;3,6; m/s
31-08-2025;16:00:00;3,7; m/s
31-08-2025;16:10:00;4,3; m/s
31-08-2025;16:20:00;3,8; m/s
31-08-2025;16:30:00;4; m/s
31-08-2025;16:40:00;4,7; m/s
31-08-2025;16:50:00;5,1; m/s
31-08-2025;17:00:00;5,3; m/s
31-08-2025;17:10:00;5,2; m/s
31-08-2025;17:20:00;5,1; m/s
31-08-2025;17:30:00;5,1; m/s
31-08-2025;17:40:00;5; m/s
31-08-2025;17:50:00;4,9; m/s
31-08-2025;18:00:00;5; m/s
31-08-2025;18:10:00;5; m/s
31-08-2025;18:20:00;4,7; m/s
31-08-2025;18:30:00;5; m/s
31-08-2025;18:40:00;4,5; m/s
31-08-2025;18:50:00;4,9; m/s
31-08-2025;19:00:00;4,4; m/s
31-08-2025;19:10:00;3,7; m/s
31-08-2025;19:20:00;3,7; m/s
31-08-2025;19:30:00;3,6; m/s
31-08-2025;19:40:00;4; m/s
31-08-2025;19:50:00;3,2; m/s
31-08-2025;20:00:00;3; m/s
31-08-2025;20:10:00;3,1; m/s
31-08-2025;20:20:00;3,3; m/s
31-08-2025;20:30:00;2,7; m/s
31-08-2025;20:40:00;2,7; m/s
31-08-2025;20:50:00;2,4; m/s
31-08-2025;21:00:00;2,5; m/s
31-08-2025;21:10:00;2,4; m/s
31-08-2025;21:20:00;2; m/s
31-08-2025;21:30:00;2,7; m/s
31-08-2025;21:40:00;2,6; m/s
31-08-2025;21:50:00;2,4; m/s
31-08-2025;22:00:00;2,5; m/s
31-08-2025;22:10:00;2,6; m/s
31-08-2025;22:20:00;2,6; m/s
31-08-2025;22:30:00;2,6; m/s
31-08-2025;22:40:00;2,2; m/s
31-08-2025;22:50:00;2,7; m/s
31-08-2025;23:00:00;2,3; m/s
31-08-2025;23:10:00;2,2; m/s
31-08-2025;23:20:00;2; m/s
31-08-2025;23:30:00;1,9; m/s
31-08-2025;23:40:00;1,7; m/s
31-08-2025;23:50:00;1,5; m/s
01-09-2025;00:00:00;1,4; m/s
01-09-2025;00:10:00;1,5; m/s
01-09-2025;00:20:00;2; m/s
01-09-2025;00:30:00;1,7; m/s
01-09-2025;00:40:00;1,5; m/s
01-09-2025;00:50:00;2; m/s
01-09-2025;01:00:00;2,5; m/s
01-09-2025;01:10:00;2,1; m/s
01-09-2025;01:20:00;2,1; m/s
01-09-2025;01:30:00;2,3; m/s
01-09-2025;01:40:00;2,2; m/s
01-09-2025;01:50:00;2,5; m/s
01-09-2025;02:00:00;2,8; m/s
01-09-2025;02:10:00;3,1; m/s
01-09-2025;02:20:00;2,5; m/s
01-09-2025;02:30:00;2,4; m/s
01-09-2025;02:40:00;2,2; m/s
01-09-2025;02:50:00;2,3; m/s
01-09-2025;03:00:00;2,4; m/s
01-09-2025;03:10:00;2,4; m/s
01-09-2025;03:20:00;2,3; m/s
01-09-2025;03:30:00;2,4; m/s
01-09-2025;03:40:00;2,5; m/s
01-09-2025;03:50:00;2,4; m/s
01-09-2025;04:00:00;2,2; m/s
01-09-2025;04:10:00;2,3; m/s
01-09-2025;04:20:00;2,5; m/s
01-09-2025;04:30:00;2,6; m/s
01-09-2025;04:40:00;2,9; m/s
01-09-2025;04:50:00;2,8; m/s
01-09-2025;05:00:00;3; m/s
01-09-2025;05:10:00;2,8; m/s
01-09-2025;05:20:00;2,8; m/s
01-09-2025;05:30:00;2,7; m/s
01-09-2025;05:40:00;2,7; m/s
01-09-2025;05:50:00;2,9; m/s
01-09-2025;06:00:00;3,1; m/s
01-09-2025;06:10:00;2,4; m/s
01-09-2025;06:20:00;2,2; m/s
01-09-2025;06:30:00;2,1; m/s
01-09-2025;06:40:00;2,4; m/s
01-09-2025;06:50:00;2,5; m/s
01-09-2025;07:00:00;2,5; m/s
01-09-2025;07:10:00;2,7; m/s
01-09-2025;07:20:00;2,7; m/s
01-09-2025;07:30:00;2,6; m/s
01-09-2025;07:40:00;2,7; m/s
01-09-2025;07:50:00;2,4; m/s
01-09-2025;08:00:00;2,5; m/s
01-09-2025;08:10:00;2; m/s
01-09-2025;08:20:00;2,3; m/s
01-09-2025;08:30:00;2,7; m/s
01-09-2025;08:40:00;2,9; m/s
01-09-2025;08:50:00;2,8; m/s
01-09-2025;09:00:00;2,8; m/s
01-09-2025;09:10:00;2,9; m/s
01-09-2025;09:20:00;2,5; m/s
01-09-2025;09:30:00;2,2; m/s
01-09-2025;09:40:00;2,2; m/s
01-09-2025;09:50:00;2,3; m/s
01-09-2025;10:00:00;2,7; m/s
01-09-2025;10:10:00;2,6; m/s
01-09-2025;10:20:00;2,4; m/s
01-09-2025;10:30:00;2,4; m/s
01-09-2025;10:40:00;2,3; m/s
01-09-2025;10:50:00;2,1; m/s
01-09-2025;11:00:00;2,4; m/s
01-09-2025;11:10:00;2; m/s
01-09-2025;11:20:00;2,4; m/s
01-09-2025;11:30:00;2,3; m/s
01-09-2025;11:40:00;2,2; m/s
01-09-2025;11:50:00;2,5; m/s
01-09-2025;12:00:00;2,2; m/s
01-09-2025;12:10:00;2,2; m/s
01-09-2025;12:20:00;2,1; m/s
01-09-2025;12:30:00;2; m/s
01-09-2025;12:40:00;2,4; m/s
01-09-2025;12:50:00;2,1; m/s
01-09-2025;13:00:00;2,2; m/s
01-09-2025;13:10:00;2,4; m/s
01-09-2025;13:20:00;2,4; m/s
01-09-2025;13:30:00;2,6; m/s
01-09-2025;13:40:00;2,6; m/s
01-09-2025;13:50:00;2,7; m/s
01-09-2025;14:00:00;3,3; m/s
01-09-2025;14:10:00;2,8; m/s
01-09-2025;14:20:00;2,7; m/s
01-09-2025;14:30:00;2,7; m/s
01-09-2025;14:40:00;2,4; m/s
01-09-2025;14:50:00;2,6; m/s
01-09-2025;15:00:00;2,5; m/s
01-09-2025;15:10:00;2,3; m/s
01-09-2025;15:20:00;2,4; m/s
01-09-2025;15:30:00;2,2; m/s
01-09-2025;15:40:00;2,9; m/s
01-09-2025;15:50:00;2,3; m/s
01-09-2025;16:00:00;2,4; m/s
01-09-2025;16:10:00;2,3; m/s
01-09-2025;16:20:00;2,3; m/s
01-09-2025;16:30:00;2,2; m/s
01-09-2025;16:40:00;1,9; m/s
01-09-2025;16:50:00;1,9; m/s
01-09-2025;17:00:00;2; m/s
01-09-2025;17:10:00;2,2; m/s
01-09-2025;17:20:00;2,1; m/s
01-09-2025;17:30:00;2; m/s
01-09-2025;17:40:00;2; m/s
01-09-2025;17:50:00;1,8; m/s
01-09-2025;18:00:00;1,8; m/s
01-09-2025;18:10:00;1,8; m/s
01-09-2025;18:20:00;1,4; m/s
01-09-2025;18:30:00;1,5; m/s
01-09-2025;18:40:00;1,8; m/s
01-09-2025;18:50:00;2,2; m/s
01-09-2025;19:00:00;2,1; m/s
01-09-2025;19:10:00;2; m/s
01-09-2025;19:20:00;2,3; m/s
01-09-2025;19:30:00;1,6; m/s
01-09-2025;19:40:00;1,8; m/s
01-09-2025;19:50:00;1,4; m/s
01-09-2025;20:00:00;1,9; m/s
01-09-2025;20:10:00;1,8; m/s
01-09-2025;20:20:00;1,9; m/s
01-09-2025;20:30:00;1,8; m/s
01-09-2025;20:40:00;1,5; m/s
01-09-2025;20:50:00;1,8; m/s
01-09-2025;21:00:00;2,3; m/s
01-09-2025;21:10:00;2,1; m/s
01-09-2025;21:20:00;2,2; m/s
01-09-2025;21:30:00;1,5; m/s
01-09-2025;21:40:00;1,5; m/s
01-09-2025;21:50:00;1,8; m/s
01-09-2025;22:00:00;1,1; m/s
01-09-2025;22:10:00;1,7; m/s
01-09-2025;22:20:00;2,1; m/s
01-09-2025;22:30:00;2,5; m/s
01-09-2025;22:40:00;3,1; m/s
01-09-2025;22:50:00;2,2; m/s
01-09-2025;23:00:00;1,9; m/s
01-09-2025;23:10:00;1,7; m/s
01-09-2025;23:20:00;2; m/s
01-09-2025;23:30:00;2; m/s
01-09-2025;23:40:00;1,5; m/s
01-09-2025;23:50:00;1,7; m/s
02-09-2025;00:00:00;1,8; m/s
02-09-2025;00:10:00;2; m/s
02-09-2025;00:20:00;2,1; m/s
02-09-2025;00:30:00;2; m/s
02-09-2025;00:40:00;2,2; m/s
02-09-2025;00:50:00;2,2; m/s
02-09-2025;01:00:00;2; m/s
02-09-2025;01:10:00;2,4; m/s
02-09-2025;01:20:00;1,7; m/s
02-09-2025;01:30:00;2,1; m/s
02-09-2025;01:40:00;1,6; m/s
02-09-2025;01:50:00;1,4; m/s
02-09-2025;02:00:00;0,1; m/s
02-09-2025;02:10:00;0,6; m/s
02-09-2025;02:20:00;0,3; m/s
02-09-2025;02:30:00;1,1; m/s
02-09-2025;02:40:00;2; m/s
02-09-2025;02:50:00;2,2; m/s
02-09-2025;03:00:00;2,5; m/s
02-09-2025;03:10:00;1,8; m/s
02-09-2025;03:20:00;1,7; m/s
02-09-2025;03:30:00;1,5; m/s
02-09-2025;03:40:00;1,9; m/s
02-09-2025;03:50:00;2,1; m/s
02-09-2025;04:00:00;2,7; m/s
02-09-2025;04:10:00;3,2; m/s
02-09-2025;04:20:00;3,7; m/s
02-09-2025;04:30:00;3; m/s
02-09-2025;04:40:00;3; m/s
02-09-2025;04:50:00;2,9; m/s
02-09-2025;05:00:00;2; m/s
02-09-2025;05:10:00;1; m/s
02-09-2025;05:20:00;1,3; m/s
02-09-2025;05:30:00;2,4; m/s
02-09-2025;05:40:00;3,8; m/s
02-09-2025;05:50:00;2,7; m/s
02-09-2025;06:00:00;2,2; m/s
02-09-2025;06:10:00;2,9; m/s
02-09-2025;06:20:00;3,3; m/s
02-09-2025;06:30:00;3,5; m/s
02-09-2025;06:40:00;3,2; m/s
02-09-2025;06:50:00;4,3; m/s
02-09-2025;07:00:00;5; m/s
02-09-2025;07:10:00;3,7; m/s
02-09-2025;07:20:00;3,5; m/s
02-09-2025;07:30:00;3,7; m/s
02-09-2025;07:40:00;4,5; m/s
02-09-2025;07:50:00;4,6; m/s
02-09-2025;08:00:00;4,1; m/s
02-09-2025;08:10:00;4; m/s
02-09-2025;08:20:00;4,4; m/s
02-09-2025;08:30:00;4,4; m/s
02-09-2025;08:40:00;4,2; m/s
02-09-2025;08:50:00;2,8; m/s
02-09-2025;09:00:00;3,6; m/s
02-09-2025;09:10:00;3,4; m/s
02-09-2025;09:20:00;3,6; m/s
02-09-2025;09:30:00;4; m/s
02-09-2025;09:40:00;4,5; m/s
02-09-2025;09:50:00;4,5; m/s
02-09-2025;10:00:00;3,7; m/s
02-09-2025;10:10:00;3,7; m/s
02-09-2025;10:20:00;4; m/s
02-09-2025;10:30:00;4,6; m/s
02-09-2025;10:40:00;4,8; m/s
02-09-2025;10:50:00;4,3; m/s
02-09-2025;11:00:00;3,3; m/s
02-09-2025;11:10:00;3,8; m/s
02-09-2025;11:20:00;3,7; m/s
02-09-2025;11:30:00;3,3; m/s
02-09-2025;11:40:00;3,5; m/s
02-09-2025;11:50:00;3,1; m/s
02-09-2025;12:00:00;2,8; m/s
02-09-2025;12:10:00;2,8; m/s
02-09-2025;12:20:00;5; m/s
02-09-2025;12:30:00;6,6; m/s
02-09-2025;12:40:00;5,7; m/s
02-09-2025;12:50:00;3; m/s
02-09-2025;13:00:00;3,2; m/s
02-09-2025;13:10:00;3,5; m/s
02-09-2025;13:20:00;4,6; m/s
02-09-2025;13:30:00;5,1; m/s
02-09-2025;13:40:00;5,2; m/s
02-09-2025;13:50:00;5,5; m/s
02-09-2025;14:00:00;4,5; m/s
02-09-2025;14:10:00;2,9; m/s
02-09-2025;14:20:00;2,6; m/s
02-09-2025;14:30:00;2,6; m/s
02-09-2025;14:40:00;3,3; m/s
02-09-2025;14:50:00;3,3; m/s
02-09-2025;15:00:00;6,2; m/s
02-09-2025;15:10:00;6,5; m/s
02-09-2025;15:20:00;4,4; m/s
02-09-2025;15:30:00;4,6; m/s
02-09-2025;15:40:00;6,3; m/s
02-09-2025;15:50:00;8,8; m/s
02-09-2025;16:00:00;6,6; m/s
02-09-2025;16:10:00;5,1; m/s
02-09-2025;16:20:00;3,7; m/s
02-09-2025;16:30:00;2,6; m/s
02-09-2025;16:40:00;2; m/s
02-09-2025;16:50:00;1,2; m/s
02-09-2025;17:00:00;0,7; m/s
02-09-2025;17:10:00;1; m/s
02-09-2025;17:20:00;0,6; m/s
02-09-2025;17:30:00;1,2; m/s
02-09-2025;17:40:00;0,7; m/s
02-09-2025;17:50:00;2,6; m/s
02-09-2025;18:00:00;4,6; m/s
02-09-2025;18:10:00;5,4; m/s
02-09-2025;18:20:00;5,7; m/s
02-09-2025;18:30:00;6,1; m/s
02-09-2025;18:40:00;6,4; m/s
02-09-2025;18:50:00;6,3; m/s
02-09-2025;19:00:00;6,1; m/s
02-09-2025;19:10:00;6,5; m/s
02-09-2025;19:20:00;6,5; m/s
02-09-2025;19:30:00;6,5; m/s
02-09-2025;19:40:00;6; m/s
02-09-2025;19:50:00;6,2; m/s
02-09-2025;20:00:00;7; m/s
02-09-2025;20:10:00;6,3; m/s
02-09-2025;20:20:00;6,1; m/s
02-09-2025;20:30:00;6,1; m/s
02-09-2025;20:40:00;6,6; m/s
02-09-2025;20:50:00;5,9; m/s
02-09-2025;21:00:00;6; m/s
02-09-2025;21:10:00;7; m/s
02-09-2025;21:20:00;6,9; m/s
02-09-2025;21:30:00;7,4; m/s
02-09-2025;21:40:00;8; m/s
02-09-2025;21:50:00;7,1; m/s
02-09-2025;22:00:00;7,2; m/s
02-09-2025;22:10:00;7,2; m/s
02-09-2025;22:20:00;6,5; m/s
02-09-2025;22:30:00;6,6; m/s
02-09-2025;22:40:00;6; m/s
02-09-2025;22:50:00;6,5; m/s
02-09-2025;23:00:00;5,8; m/s
02-09-2025;23:10:00;6,8; m/s
02-09-2025;23:20:00;6,4; m/s
02-09-2025;23:30:00;6,7; m/s
02-09-2025;23:40:00;7,3; m/s
02-09-2025;23:50:00;7,4; m/s
03-09-2025;00:00:00;8,1; m/s
03-09-2025;00:10:00;8,2; m/s
03-09-2025;00:20:00;7,4; m/s
03-09-2025;00:30:00;6,7; m/s
03-09-2025;00:40:00;5,8; m/s
03-09-2025;00:50:00;5,8; m/s
03-09-2025;01:00:00;5,6; m/s
03-09-2025;01:10:00;6,1; m/s
03-09-2025;01:20:00;6,6; m/s
03-09-2025;01:30:00;6,4; m/s
03-09-2025;01:40:00;6,7; m/s
03-09-2025;01:50:00;6,6; m/s
03-09-2025;02:00:00;5,7; m/s
03-09-2025;02:10:00;5,3; m/s
03-09-2025;02:20:00;4,4; m/s
03-09-2025;02:30:00;2,8; m/s
03-09-2025;02:40:00;3,1; m/s
03-09-2025;02:50:00;4,4; m/s
03-09-2025;03:00:00;5,1; m/s
03-09-2025;03:10:00;4,9; m/s
03-09-2025;03:20:00;5,3; m/s
03-09-2025;03:30:00;5,1; m/s
03-09-2025;03:40:00;4,3; m/s
03-09-2025;03:50:00;4,6; m/s
03-09-2025;04:00:00;4,8; m/s
03-09-2025;04:10:00;4,7; m/s
03-09-2025;04:20:00;4,4; m/s
03-09-2025;04:30:00;4,7; m/s
03-09-2025;04:40:00;4,3; m/s
03-09-2025;04:50:00;4,1; m/s
03-09-2025;05:00:00;3,9; m/s
03-09-2025;05:10:00;3; m/s
03-09-2025;05:20:00;1,7; m/s
03-09-2025;05:30:00;1,7; m/s
03-09-2025;05:40:00;1,8; m/s
03-09-2025;05:50:00;2,3; m/s
03-09-2025;06:00:00;2,3; m/s
03-09-2025;06:10:00;2; m/s
03-09-2025;06:20:00;1,2; m/s
03-09-2025;06:30:00;1,2; m/s
03-09-2025;06:40:00;0,9; m/s
03-09-2025;06:50:00;0,4; m/s
03-09-2025;07:00:00;0,9; m/s
03-09-2025;07:10:00;0,5; m/s
03-09-2025;07:20:00;0,7; m/s
03-09-2025;07:30:00;1,4; m/s
03-09-2025;07:40:00;1,1; m/s
03-09-2025;07:50:00;1; m/s
03-09-2025;08:00:00;1,3; m/s
03-09-2025;08:10:00;1,7; m/s
03-09-2025;08:20:00;1,1; m/s
03-09-2025;08:30:00;1,3; m/s
03-09-2025;08:40:00;1,5; m/s
03-09-2025;08:50:00;1,6; m/s
03-09-2025;09:00:00;1,7; m/s
03-09-2025;09:10:00;1,4; m/s
03-09-2025;09:20:00;1,8; m/s
03-09-2025;09:30:00;1,3; m/s
03-09-2025;09:40:00;1,1; m/s
03-09-2025;09:50:00;1,3; m/s
03-09-2025;10:00:00;1,5; m/s
03-09-2025;10:10:00;1,5; m/s
03-09-2025;10:20:00;1,7; m/s
03-09-2025;10:30:00;1,6; m/s
03-09-2025;10:40:00;1,7; m/s
03-09-2025;10:50:00;1,6; m/s
03-09-2025;11:00:00;2; m/s
03-09-2025;11:10:00;1,9; m/s
03-09-2025;11:20:00;2,3; m/s
03-09-2025;11:30:00;2; m/s
03-09-2025;11:40:00;2; m/s
03-09-2025;11:50:00;2,3; m/s
03-09-2025;12:00:00;2; m/s
03-09-2025;12:10:00;2,2; m/s
03-09-2025;12:20:00;2,3; m/s
03-09-2025;12:30:00;2,2; m/s
03-09-2025;12:40:00;2,4; m/s
03-09-2025;12:50:00;2,9; m/s
03-09-2025;13:00:00;3; m/s
03-09-2025;13:10:00;3,7; m/s
03-09-2025;13:20:00;2,9; m/s
03-09-2025;13:30:00;3; m/s
03-09-2025;13:40:00;3,2; m/s
03-09-2025;13:50:00;3,9; m/s
03-09-2025;14:00:00;4; m/s
03-09-2025;14:10:00;4,3; m/s
03-09-2025;14:20:00;5; m/s
03-09-2025;14:30:00;4,5; m/s
03-09-2025;14:40:00;4,6; m/s
03-09-2025;14:50:00;6,5; m/s
03-09-2025;15:00:00;6,4; m/s
03-09-2025;15:10:00;6,4; m/s
03-09-2025;15:20:00;5,4; m/s
03-09-2025;15:30:00;5,1; m/s
03-09-2025;15:40:00;5,4; m/s
03-09-2025;15:50:00;6,3; m/s
03-09-2025;16:00:00;6,5; m/s
03-09-2025;16:10:00;7,3; m/s
03-09-2025;16:20:00;6,8; m/s
03-09-2025;16:30:00;6,2; m/s
03-09-2025;16:40:00;6,5; m/s
03-09-2025;16:50:00;6,5; m/s
03-09-2025;17:00:00;7,4; m/s
03-09-2025;17:10:00;7,6; m/s
03-09-2025;17:20:00;7,9; m/s
03-09-2025;17:30:00;7,2; m/s
03-09-2025;17:40:00;7,5; m/s
03-09-2025;17:50:00;7,3; m/s
03-09-2025;18:00:00;6,8; m/s
03-09-2025;18:10:00;7,1; m/s
03-09-2025;18:20:00;7; m/s
03-09-2025;18:30:00;6,3; m/s
03-09-2025;18:40:00;6,5; m/s
03-09-2025;18:50:00;4,7; m/s
03-09-2025;19:00:00;5,1; m/s
03-09-2025;19:10:00;4,3; m/s
03-09-2025;19:20:00;3,6; m/s
03-09-2025;19:30:00;2,6; m/s
03-09-2025;19:40:00;3,5; m/s
03-09-2025;19:50:00;3,3; m/s
03-09-2025;20:00:00;3,7; m/s
03-09-2025;20:10:00;3,9; m/s
03-09-2025;20:20:00;3,5; m/s
03-09-2025;20:30:00;3,6; m/s
03-09-2025;20:40:00;3,8; m/s
03-09-2025;20:50:00;3,6; m/s
03-09-2025;21:00:00;3,6; m/s
03-09-2025;21:10:00;3,2; m/s
03-09-2025;21:20:00;3,2; m/s
03-09-2025;21:30:00;3,4; m/s
03-09-2025;21:40:00;4; m/s
03-09-2025;21:50:00;3,5; m/s
03-09-2025;22:00:00;3,5; m/s
03-09-2025;22:10:00;3,6; m/s
03-09-2025;22:20:00;3,5; m/s
03-09-2025;22:30:00;3,6; m/s
03-09-2025;22:40:00;3,1; m/s
03-09-2025;22:50:00;2,7; m/s
03-09-2025;23:00:00;2,3; m/s
03-09-2025;23:10:00;2; m/s
03-09-2025;23:20:00;1,7; m/s
03-09-2025;23:30:00;1,3; m/s
03-09-2025;23:40:00;1,3; m/s
03-09-2025;23:50:00;1,4; m/s
04-09-2025;00:00:00;1,9; m/s
04-09-2025;00:10:00;2,5; m/s
04-09-2025;00:20:00;2,5; m/s
04-09-2025;00:30:00;2,5; m/s
04-09-2025;00:40:00;2,6; m/s
04-09-2025;00:50:00;2,3; m/s
04-09-2025;01:00:00;2,6; m/s
04-09-2025;01:10:00;2,2; m/s
04-09-2025;01:20:00;2,7; m/s
04-09-2025;01:30:00;2,8; m/s
04-09-2025;01:40:00;3,2; m/s
04-09-2025;01:50:00;3; m/s
04-09-2025;02:00:00;2,2; m/s
04-09-2025;02:10:00;3; m/s
04-09-2025;02:20:00;2,8; m/s
04-09-2025;02:30:00;2,2; m/s
04-09-2025;02:40:00;2,1; m/s
04-09-2025;02:50:00;2; m/s
04-09-2025;03:00:00;2,3; m/s
04-09-2025;03:10:00;3; m/s
04-09-2025;03:20:00;3,4; m/s
04-09-2025;03:30:00;2,8; m/s
04-09-2025;03:40:00;2,9; m/s
04-09-2025;03:50:00;2,8; m/s
04-09-2025;04:00:00;2,9; m/s
04-09-2025;04:10:00;3,1; m/s
04-09-2025;04:20:00;2,7; m/s
04-09-2025;04:30:00;2,8; m/s
04-09-2025;04:40:00;2,8; m/s
04-09-2025;04:50:00;2,9; m/s
04-09-2025;05:00:00;2,9; m/s
04-09-2025;05:10:00;2,9; m/s
04-09-2025;05:20:00;3; m/s
04-09-2025;05:30:00;2,9; m/s
04-09-2025;05:40:00;2,6; m/s
04-09-2025;05:50:00;2,5; m/s
04-09-2025;06:00:00;2,7; m/s
04-09-2025;06:10:00;2,3; m/s
04-09-2025;06:20:00;1,8; m/s
04-09-2025;06:30:00;1,9; m/s
04-09-2025;06:40:00;2; m/s
04-09-2025;06:50:00;1,8; m/s
04-09-2025;07:00:00;2,3; m/s
04-09-2025;07:10:00;2,9; m/s
04-09-2025;07:20:00;2,4; m/s
04-09-2025;07:30:00;2,1; m/s
04-09-2025;07:40:00;2,1; m/s
04-09-2025;07:50:00;2,5; m/s
04-09-2025;08:00:00;1,7; m/s
04-09-2025;08:10:00;1,6; m/s
04-09-2025;08:20:00;2,2; m/s
04-09-2025;08:30:00;1,8; m/s
04-09-2025;08:40:00;2,2; m/s
04-09-2025;08:50:00;2,3; m/s
04-09-2025;09:00:00;2,1; m/s
04-09-2025;09:10:00;1,6; m/s
04-09-2025;09:20:00;1,4; m/s
04-09-2025;09:30:00;1,5; m/s
04-09-2025;09:40:00;1,4; m/s
04-09-2025;09:50:00;1,5; m/s
04-09-2025;10:00:00;1,7; m/s
04-09-2025;10:10:00;1,6; m/s
04-09-2025;10:20:00;1,6; m/s
04-09-2025;10:30:00;1,6; m/s
04-09-2025;10:40:00;1,7; m/s
04-09-2025;10:50:00;1,8; m/s
04-09-2025;11:00:00;2,1; m/s
04-09-2025;11:10:00;1,9; m/s
04-09-2025;11:20:00;1,8; m/s
04-09-2025;11:30:00;1,9; m/s
04-09-2025;11:40:00;2,1; m/s
04-09-2025;11:50:00;2,2; m/s
04-09-2025;12:00:00;2; m/s
04-09-2025;12:10:00;2,1; m/s
04-09-2025;12:20:00;2,3; m/s
04-09-2025;12:30:00;2,1; m/s
04-09-2025;12:40:00;2,3; m/s
04-09-2025;12:50:00;2,6; m/s
04-09-2025;13:00:00;3; m/s
04-09-2025;13:10:00;3,2; m/s
04-09-2025;13:20:00;4,1; m/s
04-09-2025;13:30:00;4,8; m/s
04-09-2025;13:40:00;4,8; m/s
04-09-2025;13:50:00;3,9; m/s
04-09-2025;14:00:00;4,7; m/s
04-09-2025;14:10:00;4,7; m/s
04-09-2025;14:20:00;4,4; m/s
04-09-2025;14:30:00;4,7; m/s
04-09-2025;14:40:00;4,8; m/s
04-09-2025;14:50:00;4,3; m/s
04-09-2025;15:00:00;4,7; m/s
04-09-2025;15:10:00;5; m/s
04-09-2025;15:20:00;5,2; m/s
04-09-2025;15:30:00;5,1; m/s
04-09-2025;15:40:00;5,4; m/s
04-09-2025;15:50:00;5,2; m/s
04-09-2025;16:00:00;5,2; m/s
04-09-2025;16:10:00;5,4; m/s
04-09-2025;16:20:00;5,6; m/s
04-09-2025;16:30:00;5,9; m/s
04-09-2025;16:40:00;6,4; m/s
04-09-2025;16:50:00;6,1; m/s
04-09-2025;17:00:00;6,4; m/s
04-09-2025;17:10:00;6,8; m/s
04-09-2025;17:20:00;6,5; m/s
04-09-2025;17:30:00;6,4; m/s
04-09-2025;17:40:00;6,4; m/s
04-09-2025;17:50:00;6,3; m/s
04-09-2025;18:00:00;6,5; m/s
04-09-2025;18:10:00;6,1; m/s
04-09-2025;18:20:00;6,1; m/s
04-09-2025;18:30:00;6,4; m/s
04-09-2025;18:40:00;6,1; m/s
04-09-2025;18:50:00;5,4; m/s
04-09-2025;19:00:00;5,5; m/s
04-09-2025;19:10:00;5,2; m/s
04-09-2025;19:20:00;4,1; m/s
04-09-2025;19:30:00;3,4; m/s
04-09-2025;19:40:00;3; m/s
04-09-2025;19:50:00;2,7; m/s
04-09-2025;20:00:00;3,2; m/s
04-09-2025;20:10:00;3,7; m/s
04-09-2025;20:20:00;3,2; m/s
04-09-2025;20:30:00;3,8; m/s
04-09-2025;20:40:00;3,2; m/s
04-09-2025;20:50:00;3,1; m/s
04-09-2025;21:00:00;2,7; m/s
04-09-2025;21:10:00;2,8; m/s
04-09-2025;21:20:00;2,8; m/s
04-09-2025;21:30:00;2,7; m/s
04-09-2025;21:40:00;3; m/s
04-09-2025;21:50:00;3,1; m/s
04-09-2025;22:00:00;2,8; m/s
04-09-2025;22:10:00;3; m/s
04-09-2025;22:20:00;3; m/s
04-09-2025;22:30:00;2,9; m/s
04-09-2025;22:40:00;2,9; m/s
04-09-2025;22:50:00;3; m/s
04-09-2025;23:00:00;2,9; m/s
04-09-2025;23:10:00;2,9; m/s
04-09-2025;23:20:00;3; m/s
04-09-2025;23:30:00;2,9; m/s
04-09-2025;23:40:00;3,1; m/s
04-09-2025;23:50:00;3,1; m/s
05-09-2025;00:00:00;2,8; m/s
05-09-2025;00:10:00;2,9; m/s
05-09-2025;00:20:00;2,8; m/s
05-09-2025;00:30:00;2; m/s
05-09-2025;00:40:00;2,6; m/s
05-09-2025;00:50:00;2,4; m/s
05-09-2025;01:00:00;2,3; m/s
05-09-2025;01:10:00;2; m/s
05-09-2025;01:20:00;1,4; m/s
05-09-2025;01:30:00;1,5; m/s
05-09-2025;01:40:00;2,1; m/s
05-09-2025;01:50:00;1,3; m/s
05-09-2025;02:00:00;0,4; m/s
05-09-2025;02:10:00;0; m/s
05-09-2025;02:20:00;0,1; m/s
05-09-2025;02:30:00;0,3; m/s
05-09-2025;02:40:00;0,5; m/s
05-09-2025;02:50:00;1; m/s
05-09-2025;03:00:00;0,3; m/s
05-09-2025;03:10:00;0,6; m/s
05-09-2025;03:20:00;0,8; m/s
05-09-2025;03:30:00;1,1; m/s
05-09-2025;03:40:00;1,3; m/s
05-09-2025;03:50:00;1,5; m/s
05-09-2025;04:00:00;1,6; m/s
05-09-2025;04:10:00;0,8; m/s
05-09-2025;04:20:00;0,5; m/s
05-09-2025;04:30:00;0,4; m/s
05-09-2025;04:40:00;0,4; m/s
05-09-2025;04:50:00;0,8; m/s
05-09-2025;05:00:00;1,3; m/s
05-09-2025;05:10:00;2,1; m/s
05-09-2025;05:20:00;2,3; m/s
05-09-2025;05:30:00;2,6; m/s
05-09-2025;05:40:00;2,6; m/s
05-09-2025;05:50:00;2,8; m/s
05-09-2025;06:00:00;2,9; m/s
05-09-2025;06:10:00;2,7; m/s
05-09-2025;06:20:00;2,7; m/s
05-09-2025;06:30:00;2,7; m/s
05-09-2025;06:40:00;2,3; m/s
05-09-2025;06:50:00;2,4; m/s
05-09-2025;07:00:00;2,4; m/s
05-09-2025;07:10:00;2,3; m/s
05-09-2025;07:20:00;2; m/s
05-09-2025;07:30:00;2; m/s
05-09-2025;07:40:00;1,8; m/s
05-09-2025;07:50:00;1,4; m/s
05-09-2025;08:00:00;1,6; m/s
05-09-2025;08:10:00;1,5; m/s
05-09-2025;08:20:00;1,6; m/s
05-09-2025;08:30:00;1,7; m/s
05-09-2025;08:40:00;1,8; m/s
05-09-2025;08:50:00;2,1; m/s
05-09-2025;09:00:00;1,7; m/s
05-09-2025;09:10:00;1,4; m/s
05-09-2025;09:20:00;1,5; m/s
05-09-2025;09:30:00;1,8; m/s
05-09-2025;09:40:00;1,8; m/s
05-09-2025;09:50:00;1,8; m/s
05-09-2025;10:00:00;1,8; m/s
05-09-2025;10:10:00;2,1; m/s
05-09-2025;10:20:00;2; m/s
05-09-2025;10:30:00;1,9; m/s
05-09-2025;10:40:00;1,9; m/s
05-09-2025;10:50:00;2,1; m/s
05-09-2025;11:00:00;2,1; m/s
05-09-2025;11:10:00;2,9; m/s
05-09-2025;11:20:00;3,6; m/s
05-09-2025;11:30:00;3,4; m/s
05-09-2025;11:40:00;3,7; m/s
05-09-2025;11:50:00;4,3; m/s
05-09-2025;12:00:00;4,2; m/s
05-09-2025;12:10:00;4,5; m/s
05-09-2025;12:20:00;4,6; m/s
05-09-2025;12:30:00;5,3; m/s
05-09-2025;12:40:00;6,3; m/s
05-09-2025;12:50:00;6; m/s
05-09-2025;13:00:00;6,3; m/s
05-09-2025;13:10:00;6,3; m/s
05-09-2025;13:20:00;5,6; m/s
05-09-2025;13:30:00;5,2; m/s
05-09-2025;13:40:00;5,1; m/s
05-09-2025;13:50:00;5,4; m/s
05-09-2025;14:00:00;5,1; m/s
05-09-2025;14:10:00;5,9; m/s
05-09-2025;14:20:00;6,2; m/s
05-09-2025;14:30:00;6,2; m/s
05-09-2025;14:40:00;5,5; m/s
05-09-2025;14:50:00;6,4; m/s
05-09-2025;15:00:00;7,2; m/s
05-09-2025;15:10:00;7,1; m/s
05-09-2025;15:20:00;6,9; m/s
05-09-2025;15:30:00;6,5; m/s
05-09-2025;15:40:00;6,9; m/s
05-09-2025;15:50:00;6,8; m/s
05-09-2025;16:00:00;6,9; m/s
05-09-2025;16:10:00;6,6; m/s
05-09-2025;16:20:00;6,7; m/s
05-09-2025;16:30:00;5,6; m/s
05-09-2025;16:40:00;5,5; m/s
05-09-2025;16:50:00;5,1; m/s
05-09-2025;17:00:00;4,8; m/s
05-09-2025;17:10:00;4,8; m/s
05-09-2025;17:20:00;5; m/s
05-09-2025;17:30:00;5,8; m/s
05-09-2025;17:40:00;6,4; m/s
05-09-2025;17:50:00;7,3; m/s
05-09-2025;18:00:00;7,2; m/s
05-09-2025;18:10:00;5,5; m/s
05-09-2025;18:20:00;5,2; m/s
05-09-2025;18:30:00;6; m/s
05-09-2025;18:40:00;5,6; m/s
05-09-2025;18:50:00;5,4; m/s
05-09-2025;19:00:00;5,4; m/s
05-09-2025;19:10:00;5; m/s
05-09-2025;19:20:00;5,1; m/s
05-09-2025;19:30:00;5,1; m/s
05-09-2025;19:40:00;5,6; m/s
05-09-2025;19:50:00;5,3; m/s
05-09-2025;20:00:00;4,4; m/s
05-09-2025;20:10:00;4,4; m/s
05-09-2025;20:20:00;4,7; m/s
05-09-2025;20:30:00;4,5; m/s
05-09-2025;20:40:00;4,3; m/s
05-09-2025;20:50:00;2,8; m/s
05-09-2025;21:00:00;1,7; m/s
05-09-2025;21:10:00;2,7; m/s
05-09-2025;21:20:00;2,6; m/s
05-09-2025;21:30:00;2,3; m/s
05-09-2025;21:40:00;2,4; m/s
05-09-2025;21:50:00;2,8; m/s
05-09-2025;22:00:00;2,8; m/s
05-09-2025;22:10:00;2,7; m/s
05-09-2025;22:20:00;2,6; m/s
05-09-2025;22:30:00;2,6; m/s
05-09-2025;22:40:00;2,9; m/s
05-09-2025;22:50:00;2,7; m/s
05-09-2025;23:00:00;2,7; m/s
05-09-2025;23:10:00;2,8; m/s
05-09-2025;23:20:00;2,6; m/s
05-09-2025;23:30:00;2,6; m/s
05-09-2025;23:40:00;2,5; m/s
05-09-2025;23:50:00;2,3; m/s
06-09-2025;00:00:00;2,6; m/s
06-09-2025;00:10:00;2,3; m/s
06-09-2025;00:20:00;1,9; m/s
06-09-2025;00:30:00;1,1; m/s
06-09-2025;00:40:00;1,1; m/s
06-09-2025;00:50:00;1,3; m/s
06-09-2025;01:00:00;1,4; m/s
06-09-2025;01:10:00;1,2; m/s
06-09-2025;01:20:00;1,7; m/s
06-09-2025;01:30:00;1,6; m/s
06-09-2025;01:40:00;1,6; m/s
06-09-2025;01:50:00;1,7; m/s
06-09-2025;02:00:00;1,3; m/s
06-09-2025;02:10:00;1,4; m/s
06-09-2025;02:20:00;1,3; m/s
06-09-2025;02:30:00;1,3; m/s
06-09-2025;02:40:00;1,4; m/s
06-09-2025;02:50:00;1,9; m/s
06-09-2025;03:00:00;2,1; m/s
06-09-2025;03:10:00;1,2; m/s
06-09-2025;03:20:00;1,1; m/s
06-09-2025;03:30:00;0,9; m/s
06-09-2025;03:40:00;0,4; m/s
06-09-2025;03:50:00;0,8; m/s
06-09-2025;04:00:00;1,4; m/s
06-09-2025;04:10:00;1,7; m/s
06-09-2025;04:20:00;1,3; m/s
06-09-2025;04:30:00;1,6; m/s
06-09-2025;04:40:00;1,9; m/s
06-09-2025;04:50:00;1,8; m/s
06-09-2025;05:00:00;1,9; m/s
06-09-2025;05:10:00;2,2; m/s
06-09-2025;05:20:00;2,8; m/s
06-09-2025;05:30:00;2,6; m/s
06-09-2025;05:40:00;2,4; m/s
06-09-2025;05:50:00;2,1; m/s
06-09-2025;06:00:00;2,2; m/s
06-09-2025;06:10:00;2,3; m/s
06-09-2025;06:20:00;2,4; m/s
06-09-2025;06:30:00;2,7; m/s
06-09-2025;06:40:00;2,5; m/s
06-09-2025;06:50:00;2,4; m/s
06-09-2025;07:00:00;2,4; m/s
06-09-2025;07:10:00;2,1; m/s
06-09-2025;07:20:00;1,8; m/s
06-09-2025;07:30:00;2,2; m/s
06-09-2025;07:40:00;2,8; m/s
06-09-2025;07:50:00;2,9; m/s
06-09-2025;08:00:00;2,8; m/s
06-09-2025;08:10:00;2,2; m/s
06-09-2025;08:20:00;2,3; m/s
06-09-2025;08:30:00;2,1; m/s
06-09-2025;08:40:00;2,5; m/s
06-09-2025;08:50:00;2,3; m/s
06-09-2025;09:00:00;2,5; m/s
06-09-2025;09:10:00;2,6; m/s
06-09-2025;09:20:00;2,5; m/s
06-09-2025;09:30:00;2,6; m/s
06-09-2025;09:40:00;2,5; m/s
06-09-2025;09:50:00;2,6; m/s
06-09-2025;10:00:00;2,4; m/s
06-09-2025;10:10:00;2,6; m/s
06-09-2025;10:20:00;2,6; m/s
06-09-2025;10:30:00;2; m/s
06-09-2025;10:40:00;1,9; m/s
06-09-2025;10:50:00;2; m/s
06-09-2025;11:00:00;2; m/s
06-09-2025;11:10:00;1,9; m/s
06-09-2025;11:20:00;2; m/s
06-09-2025;11:30:00;2,2; m/s
06-09-2025;11:40:00;2,2; m/s
06-09-2025;11:50:00;2,5; m/s
06-09-2025;12:00:00;2,4; m/s
06-09-2025;12:10:00;2,6; m/s
06-09-2025;12:20:00;3; m/s
06-09-2025;12:30:00;4,2; m/s
06-09-2025;12:40:00;4,6; m/s
06-09-2025;12:50:00;4,9; m/s
06-09-2025;13:00:00;4,8; m/s
06-09-2025;13:10:00;4,6; m/s
06-09-2025;13:20:00;4,4; m/s
06-09-2025;13:30:00;4,4; m/s
06-09-2025;13:40:00;4,4; m/s
06-09-2025;13:50:00;4,4; m/s
06-09-2025;14:00:00;4; m/s
06-09-2025;14:10:00;4; m/s
06-09-2025;14:20:00;4,1; m/s
06-09-2025;14:30:00;4,6; m/s
06-09-2025;14:40:00;5,6; m/s
06-09-2025;14:50:00;5,2; m/s
06-09-2025;15:00:00;5,7; m/s
06-09-2025;15:10:00;5,7; m/s
06-09-2025;15:20:00;5,8; m/s
06-09-2025;15:30:00;6; m/s
06-09-2025;15:40:00;5,9; m/s
06-09-2025;15:50:00;5,3; m/s
06-09-2025;16:00:00;5,3; m/s
06-09-2025;16:10:00;5,8; m/s
06-09-2025;16:20:00;5,5; m/s
06-09-2025;16:30:00;5,7; m/s
06-09-2025;16:40:00;6,4; m/s
06-09-2025;16:50:00;6,3; m/s
06-09-2025;17:00:00;5,9; m/s
06-09-2025;17:10:00;5,3; m/s
06-09-2025;17:20:00;5,4; m/s
06-09-2025;17:30:00;6,2; m/s
06-09-2025;17:40:00;6; m/s
06-09-2025;17:50:00;5,4; m/s
06-09-2025;18:00:00;5,4; m/s
06-09-2025;18:10:00;5,5; m/s
06-09-2025;18:20:00;5,3; m/s
06-09-2025;18:30:00;5,6; m/s
06-09-2025;18:40:00;5,7; m/s
06-09-2025;18:50:00;5,8; m/s
06-09-2025;19:00:00;5,4; m/s
06-09-2025;19:10:00;3,5; m/s
06-09-2025;19:20:00;1,9; m/s
06-09-2025;19:30:00;2,5; m/s
06-09-2025;19:40:00;2,7; m/s
06-09-2025;19:50:00;2,8; m/s
06-09-2025;20:00:00;3,5; m/s
06-09-2025;20:10:00;3,5; m/s
06-09-2025;20:20:00;3,6; m/s
06-09-2025;20:30:00;3,1; m/s
06-09-2025;20:40:00;3,1; m/s
06-09-2025;20:50:00;3,3; m/s
06-09-2025;21:00:00;3,1; m/s
06-09-2025;21:10:00;3,5; m/s
06-09-2025;21:20:00;3,9; m/s
06-09-2025;21:30:00;3,7; m/s
06-09-2025;21:40:00;3,4; m/s
06-09-2025;21:50:00;3,1; m/s
06-09-2025;22:00:00;2,8; m/s
06-09-2025;22:10:00;2,7; m/s
06-09-2025;22:20:00;3; m/s
06-09-2025;22:30:00;3,2; m/s
06-09-2025;22:40:00;3,1; m/s
06-09-2025;22:50:00;3,1; m/s
06-09-2025;23:00:00;2,7; m/s
06-09-2025;23:10:00;2,5; m/s
06-09-2025;23:20:00;2,6; m/s
06-09-2025;23:30:00;2,8; m/s
06-09-2025;23:40:00;3,1; m/s
06-09-2025;23:50:00;3,2; m/s
07-09-2025;00:00:00;3,1; m/s
07-09-2025;00:10:00;3,4; m/s
07-09-2025;00:20:00;3,5; m/s
07-09-2025;00:30:00;3,5; m/s
07-09-2025;00:40:00;3,7; m/s
07-09-2025;00:50:00;3,8; m/s
07-09-2025;01:00:00;3,9; m/s
07-09-2025;01:10:00;3,9; m/s
07-09-2025;01:20:00;3,8; m/s
07-09-2025;01:30:00;4,1; m/s
07-09-2025;01:40:00;3,5; m/s
07-09-2025;01:50:00;3,2; m/s
07-09-2025;02:00:00;3,5; m/s
07-09-2025;02:10:00;3,6; m/s
07-09-2025;02:20:00;4,1; m/s
07-09-2025;02:30:00;4; m/s
07-09-2025;02:40:00;4,4; m/s
07-09-2025;02:50:00;4; m/s
07-09-2025;03:00:00;3; m/s
07-09-2025;03:10:00;2,1; m/s
07-09-2025;03:20:00;2; m/s
07-09-2025;03:30:00;1,6; m/s
07-09-2025;03:40:00;2,1; m/s
07-09-2025;03:50:00;1,6; m/s
07-09-2025;04:00:00;1,9; m/s
07-09-2025;04:10:00;1,9; m/s
07-09-2025;04:20:00;1,4; m/s
07-09-2025;04:30:00;1,4; m/s
07-09-2025;04:40:00;1,6; m/s
07-09-2025;04:50:00;0,8; m/s
07-09-2025;05:00:00;0,6; m/s
07-09-2025;05:10:00;0,7; m/s
07-09-2025;05:20:00;0,6; m/s
07-09-2025;05:30:00;0; m/s
07-09-2025;05:40:00;0,3; m/s
07-09-2025;05:50:00;0,6; m/s
07-09-2025;06:00:00;1,3; m/s
07-09-2025;06:10:00;1; m/s
07-09-2025;06:20:00;1,3; m/s
07-09-2025;06:30:00;1,7; m/s
07-09-2025;06:40:00;1,7; m/s
07-09-2025;06:50:00;1,6; m/s
07-09-2025;07:00:00;1,9; m/s
07-09-2025;07:10:00;1,4; m/s
07-09-2025;07:20:00;1,6; m/s
07-09-2025;07:30:00;1,7; m/s
07-09-2025;07:40:00;1,5; m/s
07-09-2025;07:50:00;0,7; m/s
07-09-2025;08:00:00;0,4; m/s
07-09-2025;08:10:00;0,9; m/s
07-09-2025;08:20:00;1,4; m/s
07-09-2025;08:30:00;1,9; m/s
07-09-2025;08:40:00;1,8; m/s
07-09-2025;08:50:00;1,8; m/s
07-09-2025;09:00:00;2; m/s
07-09-2025;09:10:00;2,5; m/s
07-09-2025;09:20:00;2,1; m/s
07-09-2025;09:30:00;2,5; m/s
07-09-2025;09:40:00;2,5; m/s
07-09-2025;09:50:00;3,2; m/s
07-09-2025;10:00:00;3,4; m/s
07-09-2025;10:10:00;3,3; m/s
07-09-2025;10:20:00;3,2; m/s
07-09-2025;10:30:00;3,2; m/s
07-09-2025;10:40:00;3,2; m/s
07-09-2025;10:50:00;3,5; m/s
07-09-2025;11:00:00;3,2; m/s
07-09-2025;11:10:00;3,3; m/s
07-09-2025;11:20:00;3,8; m/s
07-09-2025;11:30:00;4; m/s
07-09-2025;11:40:00;4,8; m/s
07-09-2025;11:50:00;5,3; m/s
07-09-2025;12:00:00;4,8; m/s
07-09-2025;12:10:00;4,1; m/s
07-09-2025;12:20:00;4,3; m/s
07-09-2025;12:30:00;4,8; m/s
07-09-2025;12:40:00;4,2; m/s
07-09-2025;12:50:00;4,3; m/s
07-09-2025;13:00:00;4,5; m/s
07-09-2025;13:10:00;4,7; m/s
07-09-2025;13:20:00;5; m/s
07-09-2025;13:30:00;5,1; m/s
07-09-2025;13:40:00;4,5; m/s
07-09-2025;13:50:00;4,2; m/s
07-09-2025;14:00:00;4,9; m/s
07-09-2025;14:10:00;4,8; m/s
07-09-2025;14:20:00;4,7; m/s
07-09-2025;14:30:00;4,4; m/s
07-09-2025;14:40:00;4,6; m/s
07-09-2025;14:50:00;5,2; m/s
07-09-2025;15:00:00;5,7; m/s
07-09-2025;15:10:00;5,7; m/s
07-09-2025;15:20:00;5,8; m/s
07-09-2025;15:30:00;5; m/s
07-09-2025;15:40:00;5; m/s
07-09-2025;15:50:00;4,9; m/s
07-09-2025;16:00:00;4,7; m/s
07-09-2025;16:10:00;4,2; m/s
07-09-2025;16:20:00;4,1; m/s
07-09-2025;16:30:00;4,6; m/s
07-09-2025;16:40:00;4,4; m/s
07-09-2025;16:50:00;5; m/s
07-09-2025;17:00:00;4,5; m/s
07-09-2025;17:10:00;5; m/s
07-09-2025;17:20:00;5,4; m/s
07-09-2025;17:30:00;6,6; m/s
07-09-2025;17:40:00;6,7; m/s
07-09-2025;17:50:00;6,4; m/s
07-09-2025;18:00:00;6,8; m/s
07-09-2025;18:10:00;6,7; m/s
07-09-2025;18:20:00;7,1; m/s
07-09-2025;18:30:00;6,9; m/s
07-09-2025;18:40:00;6,7; m/s
07-09-2025;18:50:00;6,6; m/s
07-09-2025;19:00:00;6,1; m/s
07-09-2025;19:10:00;4,3; m/s
07-09-2025;19:20:00;3,2; m/s
07-09-2025;19:30:00;2,4; m/s
07-09-2025;19:40:00;3,2; m/s
07-09-2025;19:50:00;3,7; m/s
07-09-2025;20:00:00;3,8; m/s
07-09-2025;20:10:00;3; m/s
07-09-2025;20:20:00;2,7; m/s
07-09-2025;20:30:00;2,9; m/s
07-09-2025;20:40:00;3,1; m/s
07-09-2025;20:50:00;3,1; m/s
07-09-2025;21:00:00;3,3; m/s
07-09-2025;21:10:00;2,7; m/s
07-09-2025;21:20:00;2,6; m/s
07-09-2025;21:30:00;2,3; m/s
07-09-2025;21:40:00;2,1; m/s
07-09-2025;21:50:00;1,7; m/s
07-09-2025;22:00:00;1,9; m/s
07-09-2025;22:10:00;2,5; m/s
07-09-2025;22:20:00;2,1; m/s
07-09-2025;22:30:00;1,9; m/s
07-09-2025;22:40:00;2,3; m/s
07-09-2025;22:50:00;2,5; m/s
07-09-2025;23:00:00;2,7; m/s
07-09-2025;23:10:00;3,1; m/s
07-09-2025;23:20:00;2,6; m/s
07-09-2025;23:30:00;2,8; m/s
07-09-2025;23:40:00;2,6; m/s
07-09-2025;23:50:00;2,4; m/s
08-09-2025;00:00:00;2,7; m/s
08-09-2025;00:10:00;2,6; m/s
08-09-2025;00:20:00;1,7; m/s
08-09-2025;00:30:00;0,6; m/s
08-09-2025;00:40:00;1,2; m/s
08-09-2025;00:50:00;1,2; m/s
08-09-2025;01:00:00;0,7; m/s
08-09-2025;01:10:00;0,2; m/s
08-09-2025;01:20:00;1,2; m/s
08-09-2025;01:30:00;0,8; m/s
08-09-2025;01:40:00;0,1; m/s
08-09-2025;01:50:00;0,5; m/s
08-09-2025;02:00:00;0,4; m/s
08-09-2025;02:10:00;0,6; m/s
08-09-2025;02:20:00;0; m/s
08-09-2025;02:30:00;0,7; m/s
08-09-2025;02:40:00;1,5; m/s
08-09-2025;02:50:00;2,3; m/s
08-09-2025;03:00:00;2,3; m/s
08-09-2025;03:10:00;1,8; m/s
08-09-2025;03:20:00;2; m/s
08-09-2025;03:30:00;2,1; m/s
08-09-2025;03:40:00;2,2; m/s
08-09-2025;03:50:00;2,3; m/s
08-09-2025;04:00:00;2,4; m/s
08-09-2025;04:10:00;2,2; m/s
08-09-2025;04:20:00;2; m/s
08-09-2025;04:30:00;2,1; m/s
08-09-2025;04:40:00;2,1; m/s
08-09-2025;04:50:00;1; m/s
08-09-2025;05:00:00;2,8; m/s
08-09-2025;05:10:00;2,7; m/s
08-09-2025;05:20:00;2,5; m/s
08-09-2025;05:30:00;2,9; m/s
08-09-2025;05:40:00;3,4; m/s
08-09-2025;05:50:00;3; m/s
08-09-2025;06:00:00;2,9; m/s
08-09-2025;06:10:00;2,8; m/s
08-09-2025;06:20:00;2,7; m/s
08-09-2025;06:30:00;2,5; m/s
08-09-2025;06:40:00;2,1; m/s
08-09-2025;06:50:00;2,5; m/s
08-09-2025;07:00:00;2,7; m/s
08-09-2025;07:10:00;2,5; m/s
08-09-2025;07:20:00;2; m/s
08-09-2025;07:30:00;1,8; m/s
08-09-2025;07:40:00;1,5; m/s
08-09-2025;07:50:00;1,6; m/s
08-09-2025;08:00:00;1,2; m/s
08-09-2025;08:10:00;1,2; m/s
08-09-2025;08:20:00;1; m/s
08-09-2025;08:30:00;0,8; m/s
08-09-2025;08:40:00;0,8; m/s
08-09-2025;08:50:00;1; m/s
08-09-2025;09:00:00;1; m/s
08-09-2025;09:10:00;1,6; m/s
08-09-2025;09:20:00;1,4; m/s
08-09-2025;09:30:00;1,4; m/s
08-09-2025;09:40:00;1,5; m/s
08-09-2025;09:50:00;1,5; m/s
08-09-2025;10:00:00;1,8; m/s
08-09-2025;10:10:00;2; m/s
08-09-2025;10:20:00;1,8; m/s
08-09-2025;10:30:00;1,9; m/s
08-09-2025;10:40:00;2,3; m/s
08-09-2025;10:50:00;2,2; m/s
08-09-2025;11:00:00;2,1; m/s
08-09-2025;11:10:00;1,8; m/s
08-09-2025;11:20:00;2,1; m/s
08-09-2025;11:30:00;2,1; m/s
08-09-2025;11:40:00;2,1; m/s
08-09-2025;11:50:00;2,2; m/s
08-09-2025;12:00:00;2,3; m/s
08-09-2025;12:10:00;2,3; m/s
08-09-2025;12:20:00;2,3; m/s
08-09-2025;12:30:00;2,5; m/s
08-09-2025;12:40:00;2,6; m/s
08-09-2025;12:50:00;2,3; m/s
08-09-2025;13:00:00;2,2; m/s
08-09-2025;13:10:00;2,3; m/s
08-09-2025;13:20:00;2,4; m/s
08-09-2025;13:30:00;2,1; m/s
08-09-2025;13:40:00;2; m/s
08-09-2025;13:50:00;2,5; m/s
08-09-2025;14:00:00;2,3; m/s
08-09-2025;14:10:00;2,4; m/s
08-09-2025;14:20:00;2,7; m/s
08-09-2025;14:30:00;3,5; m/s
08-09-2025;14:40:00;4,1; m/s
08-09-2025;14:50:00;3,1; m/s
08-09-2025;15:00:00;3; m/s
08-09-2025;15:10:00;4,7; m/s
08-09-2025;15:20:00;4,7; m/s
08-09-2025;15:30:00;4; m/s
08-09-2025;15:40:00;4,1; m/s
08-09-2025;15:50:00;4; m/s
08-09-2025;16:00:00;3,6; m/s
08-09-2025;16:10:00;4,3; m/s
08-09-2025;16:20:00;4,2; m/s
08-09-2025;16:30:00;4,1; m/s
08-09-2025;16:40:00;4,1; m/s
08-09-2025;16:50:00;3,8; m/s
08-09-2025;17:00:00;2,6; m/s
08-09-2025;17:10:00;2,4; m/s
08-09-2025;17:20:00;2,9; m/s
08-09-2025;17:30:00;3,3; m/s
08-09-2025;17:40:00;3,4; m/s
08-09-2025;17:50:00;3,2; m/s
08-09-2025;18:00:00;3,2; m/s
08-09-2025;18:10:00;4,5; m/s
08-09-2025;18:20:00;4,3; m/s
08-09-2025;18:30:00;3,7; m/s
08-09-2025;18:40:00;3,8; m/s
08-09-2025;18:50:00;4,6; m/s
08-09-2025;19:00:00;4,4; m/s
08-09-2025;19:10:00;3,8; m/s
08-09-2025;19:20:00;3,2; m/s
08-09-2025;19:30:00;3,3; m/s
08-09-2025;19:40:00;3,7; m/s
08-09-2025;19:50:00;3,4; m/s
08-09-2025;20:00:00;3; m/s
08-09-2025;20:10:00;2,4; m/s
08-09-2025;20:20:00;1,7; m/s
08-09-2025;20:30:00;2,2; m/s
08-09-2025;20:40:00;1,6; m/s
08-09-2025;20:50:00;2,2; m/s
08-09-2025;21:00:00;2,4; m/s
08-09-2025;21:10:00;2,2; m/s
08-09-2025;21:20:00;2,1; m/s
08-09-2025;21:30:00;2; m/s
08-09-2025;21:40:00;1,7; m/s
08-09-2025;21:50:00;1,6; m/s
08-09-2025;22:00:00;1,3; m/s
08-09-2025;22:10:00;1,2; m/s
08-09-2025;22:20:00;0,8; m/s
08-09-2025;22:30:00;0,7; m/s
08-09-2025;22:40:00;0,4; m/s
08-09-2025;22:50:00;0,5; m/s
08-09-2025;23:00:00;0,5; m/s
08-09-2025;23:10:00;0; m/s
08-09-2025;23:20:00;0,2; m/s
08-09-2025;23:30:00;0,6; m/s
08-09-2025;23:40:00;1,8; m/s
08-09-2025;23:50:00;1,2; m/s
09-09-2025;00:00:00;0,8; m/s
09-09-2025;00:10:00;0,1; m/s
09-09-2025;00:20:00;0,6; m/s
09-09-2025;00:30:00;0,3; m/s
09-09-2025;00:40:00;0,3; m/s
09-09-2025;00:50:00;0,1; m/s
09-09-2025;01:00:00;1,2; m/s
09-09-2025;01:10:00;1,3; m/s
09-09-2025;01:20:00;1,9; m/s
09-09-2025;01:30:00;1,7; m/s
09-09-2025;01:40:00;1,9; m/s
09-09-2025;01:50:00;1,5; m/s
09-09-2025;02:00:00;1,7; m/s
09-09-2025;02:10:00;1,8; m/s
09-09-2025;02:20:00;1,6; m/s
09-09-2025;02:30:00;1,4; m/s
09-09-2025;02:40:00;1,8; m/s
09-09-2025;02:50:00;1,4; m/s
09-09-2025;03:00:00;1,3; m/s
09-09-2025;03:10:00;1,2; m/s
09-09-2025;03:20:00;1,8; m/s
09-09-2025;03:30:00;1,5; m/s
09-09-2025;03:40:00;1,8; m/s
09-09-2025;03:50:00;1,5; m/s
09-09-2025;04:00:00;1,2; m/s
09-09-2025;04:10:00;1,3; m/s
09-09-2025;04:20:00;1,5; m/s
09-09-2025;04:30:00;1,3; m/s
09-09-2025;04:40:00;1,5; m/s
09-09-2025;04:50:00;1,5; m/s
09-09-2025;05:00:00;1,8; m/s
09-09-2025;05:10:00;2,5; m/s
09-09-2025;05:20:00;2,3; m/s
09-09-2025;05:30:00;0,8; m/s
09-09-2025;05:40:00;1,8; m/s
09-09-2025;05:50:00;1,3; m/s
09-09-2025;06:00:00;1,8; m/s
09-09-2025;06:10:00;1,1; m/s
09-09-2025;06:20:00;1,2; m/s
09-09-2025;06:30:00;1,2; m/s
09-09-2025;06:40:00;1,9; m/s
09-09-2025;06:50:00;1,6; m/s
09-09-2025;07:00:00;1,9; m/s
09-09-2025;07:10:00;1,9; m/s
09-09-2025;07:20:00;1,4; m/s
09-09-2025;07:30:00;1,6; m/s
09-09-2025;07:40:00;1,5; m/s
09-09-2025;07:50:00;1,3; m/s
09-09-2025;08:00:00;1,3; m/s
09-09-2025;08:10:00;1,4; m/s
09-09-2025;08:20:00;1,2; m/s
09-09-2025;08:30:00;1,2; m/s
09-09-2025;08:40:00;1,1; m/s
09-09-2025;08:50:00;1,3; m/s
09-09-2025;09:00:00;1,9; m/s
09-09-2025;09:10:00;2,2; m/s
09-09-2025;09:20:00;2,3; m/s
09-09-2025;09:30:00;2; m/s
09-09-2025;09:40:00;2; m/s
09-09-2025;09:50:00;2,3; m/s
09-09-2025;10:00:00;2,5; m/s
09-09-2025;10:10:00;2; m/s
09-09-2025;10:20:00;2,6; m/s
09-09-2025;10:30:00;1,9; m/s
09-09-2025;10:40:00;1,5; m/s
09-09-2025;10:50:00;1,5; m/s
09-09-2025;11:00:00;2,1; m/s
09-09-2025;11:10:00;1,6; m/s
09-09-2025;11:20:00;1,5; m/s
09-09-2025;11:30:00;1,5; m/s
09-09-2025;11:40:00;1,5; m/s
09-09-2025;11:50:00;1,3; m/s
09-09-2025;12:00:00;1,7; m/s
09-09-2025;12:10:00;1,8; m/s
09-09-2025;12:20:00;1,8; m/s
09-09-2025;12:30:00;1,7; m/s
09-09-2025;12:40:00;1,8; m/s
09-09-2025;12:50:00;1,9; m/s
09-09-2025;13:00:00;2,3; m/s
09-09-2025;13:10:00;1,7; m/s
09-09-2025;13:20:00;2; m/s
09-09-2025;13:30:00;2,3; m/s
09-09-2025;13:40:00;2,1; m/s
09-09-2025;13:50:00;2,2; m/s
09-09-2025;14:00:00;2,3; m/s
09-09-2025;14:10:00;2,2; m/s
09-09-2025;14:20:00;2,1; m/s
09-09-2025;14:30:00;2,1; m/s
09-09-2025;14:40:00;2,2; m/s
09-09-2025;14:50:00;2,3; m/s
09-09-2025;15:00:00;2,1; m/s
09-09-2025;15:10:00;2,3; m/s
09-09-2025;15:20:00;2; m/s
09-09-2025;15:30:00;2; m/s
09-09-2025;15:40:00;2,2; m/s
09-09-2025;15:50:00;2,2; m/s
09-09-2025;16:00:00;1,6; m/s
09-09-2025;16:10:00;1,7; m/s
09-09-2025;16:20:00;1,7; m/s
09-09-2025;16:30:00;1,5; m/s
09-09-2025;16:40:00;1,4; m/s
09-09-2025;16:50:00;1,5; m/s
09-09-2025;17:00:00;1,5; m/s
09-09-2025;17:10:00;1,3; m/s
09-09-2025;17:20:00;1,4; m/s
09-09-2025;17:30:00;1,2; m/s
09-09-2025;17:40:00;1,5; m/s
09-09-2025;17:50:00;1,4; m/s
09-09-2025;18:00:00;1; m/s
09-09-2025;18:10:00;1,4; m/s
09-09-2025;18:20:00;1,4; m/s
09-09-2025;18:30:00;1,3; m/s
09-09-2025;18:40:00;2,2; m/s
09-09-2025;18:50:00;1,7; m/s
09-09-2025;19:00:00;1,8; m/s
09-09-2025;19:10:00;1,6; m/s
09-09-2025;19:20:00;1,3; m/s
09-09-2025;19:30:00;1,3; m/s
09-09-2025;19:40:00;1,3; m/s
09-09-2025;19:50:00;1,5; m/s
09-09-2025;20:00:00;1,4; m/s
09-09-2025;20:10:00;0,9; m/s
09-09-2025;20:20:00;0,5; m/s
09-09-2025;20:30:00;1,6; m/s
09-09-2025;20:40:00;2; m/s
09-09-2025;20:50:00;2,5; m/s
09-09-2025;21:00:00;1,6; m/s
09-09-2025;21:10:00;1,3; m/s
09-09-2025;21:20:00;1,1; m/s
09-09-2025;21:30:00;1,4; m/s
09-09-2025;21:40:00;1,3; m/s
09-09-2025;21:50:00;1,4; m/s
09-09-2025;22:00:00;1,5; m/s
09-09-2025;22:10:00;1,6; m/s
09-09-2025;22:20:00;1,6; m/s
09-09-2025;22:30:00;1,8; m/s
09-09-2025;22:40:00;1,9; m/s
09-09-2025;22:50:00;2,1; m/s
09-09-2025;23:00:00;2,1; m/s
09-09-2025;23:10:00;1,7; m/s
09-09-2025;23:20:00;1,7; m/s
09-09-2025;23:30:00;2,2; m/s
09-09-2025;23:40:00;1,7; m/s
09-09-2025;23:50:00;2,1; m/s
10-09-2025;00:00:00;2,1; m/s
10-09-2025;00:10:00;2,1; m/s
10-09-2025;00:20:00;2,1; m/s
10-09-2025;00:30:00;2,5; m/s
10-09-2025;00:40:00;2,5; m/s
10-09-2025;00:50:00;1,8; m/s
10-09-2025;01:00:00;2,4; m/s
10-09-2025;01:10:00;3,4; m/s
10-09-2025;01:20:00;3,6; m/s
10-09-2025;01:30:00;3,7; m/s
10-09-2025;01:40:00;3,6; m/s
10-09-2025;01:50:00;3,5; m/s
10-09-2025;02:00:00;3,5; m/s
10-09-2025;02:10:00;3; m/s
10-09-2025;02:20:00;3; m/s
10-09-2025;02:30:00;3,3; m/s
10-09-2025;02:40:00;3,6; m/s
10-09-2025;02:50:00;3,1; m/s
10-09-2025;03:00:00;4; m/s
10-09-2025;03:10:00;4,5; m/s
10-09-2025;03:20:00;3,9; m/s
10-09-2025;03:30:00;4,6; m/s
10-09-2025;03:40:00;5,3; m/s
10-09-2025;03:50:00;4,3; m/s
10-09-2025;04:00:00;3,4; m/s
10-09-2025;04:10:00;2,9; m/s
10-09-2025;04:20:00;3,8; m/s
10-09-2025;04:30:00;3,2; m/s
10-09-2025;04:40:00;3,9; m/s
10-09-2025;04:50:00;3,4; m/s
10-09-2025;05:00:00;3,8; m/s
10-09-2025;05:10:00;2,8; m/s
10-09-2025;05:20:00;3,4; m/s
10-09-2025;05:30:00;3,7; m/s
10-09-2025;05:40:00;3,6; m/s
10-09-2025;05:50:00;3,2; m/s
10-09-2025;06:00:00;3,7; m/s
10-09-2025;06:10:00;4; m/s
10-09-2025;06:20:00;3,6; m/s
10-09-2025;06:30:00;2,4; m/s
10-09-2025;06:40:00;1,8; m/s
10-09-2025;06:50:00;2; m/s
10-09-2025;07:00:00;2,4; m/s
10-09-2025;07:10:00;3; m/s
10-09-2025;07:20:00;3; m/s
10-09-2025;07:30:00;3,2; m/s
10-09-2025;07:40:00;3,2; m/s
10-09-2025;07:50:00;2,8; m/s
10-09-2025;08:00:00;2,5; m/s
10-09-2025;08:10:00;2,8; m/s
10-09-2025;08:20:00;3,5; m/s
10-09-2025;08:30:00;3,4; m/s
10-09-2025;08:40:00;3,6; m/s
10-09-2025;08:50:00;3,3; m/s
10-09-2025;09:00:00;3,1; m/s
10-09-2025;09:10:00;3,6; m/s
10-09-2025;09:20:00;3; m/s
10-09-2025;09:30:00;3,1; m/s
10-09-2025;09:40:00;2,8; m/s
10-09-2025;09:50:00;3,4; m/s
10-09-2025;10:00:00;3,3; m/s
10-09-2025;10:10:00;3,3; m/s
10-09-2025;10:20:00;3,6; m/s
10-09-2025;10:30:00;3,8; m/s
10-09-2025;10:40:00;3,3; m/s
10-09-2025;10:50:00;3,7; m/s
10-09-2025;11:00:00;3,7; m/s
10-09-2025;11:10:00;3,8; m/s
10-09-2025;11:20:00;3,1; m/s
10-09-2025;11:30:00;3; m/s
10-09-2025;11:40:00;3,5; m/s
10-09-2025;11:50:00;3,5; m/s
10-09-2025;12:00:00;3,2; m/s
10-09-2025;12:10:00;3,1; m/s
10-09-2025;12:20:00;2,8; m/s
10-09-2025;12:30:00;2,7; m/s
10-09-2025;12:40:00;2,9; m/s
10-09-2025;12:50:00;2,8; m/s
10-09-2025;13:00:00;2,9; m/s
10-09-2025;13:10:00;3,4; m/s
10-09-2025;13:20:00;3,4; m/s
10-09-2025;13:30:00;3,3; m/s
10-09-2025;13:40:00;2,6; m/s
10-09-2025;13:50:00;2,7; m/s
10-09-2025;14:00:00;3,7; m/s
10-09-2025;14:10:00;4,2; m/s
10-09-2025;14:20:00;3,9; m/s
10-09-2025;14:30:00;4,2; m/s
10-09-2025;14:40:00;4; m/s
10-09-2025;14:50:00;4,5; m/s
10-09-2025;15:00:00;5,9; m/s
10-09-2025;15:10:00;5,8; m/s
10-09-2025;15:20:00;4,6; m/s
10-09-2025;15:30:00;4,7; m/s
10-09-2025;15:40:00;4,2; m/s
10-09-2025;15:50:00;3,1; m/s
10-09-2025;16:00:00;2,9; m/s
10-09-2025;16:10:00;2,2; m/s
10-09-2025;16:20:00;2,1; m/s
10-09-2025;16:30:00;3; m/s
10-09-2025;16:40:00;2,8; m/s
10-09-2025;16:50:00;3; m/s
10-09-2025;17:00:00;2,4; m/s
10-09-2025;17:10:00;1,4; m/s
10-09-2025;17:20:00;1,5; m/s
10-09-2025;17:30:00;1,7; m/s
10-09-2025;17:40:00;2; m/s
10-09-2025;17:50:00;2,1; m/s
10-09-2025;18:00:00;1,8; m/s
10-09-2025;18:10:00;1,7; m/s
10-09-2025;18:20:00;1,7; m/s
10-09-2025;18:30:00;1,8; m/s
10-09-2025;18:40:00;1,5; m/s
10-09-2025;18:50:00;2; m/s
10-09-2025;19:00:00;2,3; m/s
10-09-2025;19:10:00;2,4; m/s
10-09-2025;19:20:00;2,5; m/s
10-09-2025;19:30:00;2,5; m/s
10-09-2025;19:40:00;2,1; m/s
10-09-2025;19:50:00;2,5; m/s
10-09-2025;20:00:00;2,7; m/s
10-09-2025;20:10:00;2,6; m/s
10-09-2025;20:20:00;3,2; m/s
10-09-2025;20:30:00;2,9; m/s
10-09-2025;20:40:00;2,8; m/s
10-09-2025;20:50:00;3,6; m/s
10-09-2025;21:00:00;3,2; m/s
10-09-2025;21:10:00;2,2; m/s
10-09-2025;21:20:00;2,7; m/s
10-09-2025;21:30:00;3; m/s
10-09-2025;21:40:00;2,7; m/s
10-09-2025;21:50:00;5,5; m/s
10-09-2025;22:00:00;10,7; m/s
10-09-2025;22:10:00;5; m/s
10-09-2025;22:20:00;3,9; m/s
10-09-2025;22:30:00;6,7; m/s
10-09-2025;22:40:00;6; m/s
10-09-2025;22:50:00;7,2; m/s
10-09-2025;23:00:00;5; m/s
10-09-2025;23:10:00;5,3; m/s
10-09-2025;23:20:00;7,1; m/s
10-09-2025;23:30:00;8,5; m/s
10-09-2025;23:40:00;4; m/s
10-09-2025;23:50:00;4; m/s
11-09-2025;00:00:00;2,8; m/s
11-09-2025;00:10:00;2,2; m/s
11-09-2025;00:20:00;2,9; m/s
11-09-2025;00:30:00;2,2; m/s
11-09-2025;00:40:00;1,5; m/s
11-09-2025;00:50:00;1,9; m/s
11-09-2025;01:00:00;1,3; m/s
11-09-2025;01:10:00;1,3; m/s
11-09-2025;01:20:00;0,8; m/s
11-09-2025;01:30:00;1,3; m/s
11-09-2025;01:40:00;2,5; m/s
11-09-2025;01:50:00;2,1; m/s
11-09-2025;02:00:00;1,7; m/s
11-09-2025;02:10:00;1,6; m/s
11-09-2025;02:20:00;2; m/s
11-09-2025;02:30:00;2,6; m/s
11-09-2025;02:40:00;1,6; m/s
11-09-2025;02:50:00;0,3; m/s
11-09-2025;03:00:00;0,6; m/s
11-09-2025;03:10:00;1,4; m/s
11-09-2025;03:20:00;4,6; m/s
11-09-2025;03:30:00;5; m/s
11-09-2025;03:40:00;4,5; m/s
11-09-2025;03:50:00;4,5; m/s
11-09-2025;04:00:00;3,4; m/s
11-09-2025;04:10:00;2,6; m/s
11-09-2025;04:20:00;2,6; m/s
11-09-2025;04:30:00;1,9; m/s
11-09-2025;04:40:00;2,1; m/s
11-09-2025;04:50:00;2,8; m/s
11-09-2025;05:00:00;2,9; m/s
11-09-2025;05:10:00;3,3; m/s
11-09-2025;05:20:00;3,3; m/s
11-09-2025;05:30:00;2,9; m/s
11-09-2025;05:40:00;2,1; m/s
11-09-2025;05:50:00;1,6; m/s
11-09-2025;06:00:00;1,2; m/s
11-09-2025;06:10:00;2,1; m/s
11-09-2025;06:20:00;3,1; m/s
11-09-2025;06:30:00;2,2; m/s
11-09-2025;06:40:00;2,5; m/s
11-09-2025;06:50:00;2,7; m/s
11-09-2025;07:00:00;2,3; m/s
11-09-2025;07:10:00;1,5; m/s
11-09-2025;07:20:00;2,4; m/s
11-09-2025;07:30:00;2,7; m/s
11-09-2025;07:40:00;2,2; m/s
11-09-2025;07:50:00;1,8; m/s
11-09-2025;08:00:00;1,3; m/s
11-09-2025;08:10:00;1,4; m/s
11-09-2025;08:20:00;1,4; m/s
11-09-2025;08:30:00;1,4; m/s
11-09-2025;08:40:00;1,4; m/s
11-09-2025;08:50:00;1,7; m/s
11-09-2025;09:00:00;1,4; m/s
11-09-2025;09:10:00;1,7; m/s
11-09-2025;09:20:00;2,4; m/s
11-09-2025;09:30:00;1,9; m/s
11-09-2025;09:40:00;6,4; m/s
11-09-2025;09:50:00;4,2; m/s
11-09-2025;10:00:00;2,3; m/s
11-09-2025;10:10:00;2,5; m/s
11-09-2025;10:20:00;2,9; m/s
11-09-2025;10:30:00;2,9; m/s
11-09-2025;10:40:00;5; m/s
11-09-2025;10:50:00;5,1; m/s
11-09-2025;11:00:00;4,7; m/s
11-09-2025;11:10:00;5,8; m/s
11-09-2025;11:20:00;5,7; m/s
11-09-2025;11:30:00;5,5; m/s
11-09-2025;11:40:00;5,6; m/s
11-09-2025;11:50:00;5,1; m/s
11-09-2025;12:00:00;5,6; m/s
11-09-2025;12:10:00;5,8; m/s
11-09-2025;12:20:00;5,9; m/s
11-09-2025;12:30:00;6; m/s
11-09-2025;12:40:00;6,6; m/s
11-09-2025;12:50:00;6,4; m/s
11-09-2025;13:00:00;7,1; m/s
11-09-2025;13:10:00;6,8; m/s
11-09-2025;13:20:00;7,4; m/s
11-09-2025;13:30:00;7,2; m/s
11-09-2025;13:40:00;6,9; m/s
11-09-2025;13:50:00;6,3; m/s
11-09-2025;14:00:00;6,7; m/s
11-09-2025;14:10:00;7,9; m/s
11-09-2025;14:20:00;7,2; m/s
11-09-2025;14:30:00;6,8; m/s
11-09-2025;14:40:00;6,5; m/s
11-09-2025;14:50:00;6; m/s
11-09-2025;15:00:00;6,5; m/s
11-09-2025;15:10:00;6,1; m/s
11-09-2025;15:20:00;6; m/s
11-09-2025;15:30:00;5,9; m/s
11-09-2025;15:40:00;5,1; m/s
11-09-2025;15:50:00;5,2; m/s
11-09-2025;16:00:00;5,3; m/s
11-09-2025;16:10:00;5,4; m/s
11-09-2025;16:20:00;5,8; m/s
11-09-2025;16:30:00;6,3; m/s
11-09-2025;16:40:00;5,1; m/s
11-09-2025;16:50:00;5,1; m/s
11-09-2025;17:00:00;5,3; m/s
11-09-2025;17:10:00;5,5; m/s
11-09-2025;17:20:00;5,4; m/s
11-09-2025;17:30:00;5,5; m/s
11-09-2025;17:40:00;5,7; m/s
11-09-2025;17:50:00;5,8; m/s
11-09-2025;18:00:00;6; m/s
11-09-2025;18:10:00;6; m/s
11-09-2025;18:20:00;5,1; m/s
11-09-2025;18:30:00;5,4; m/s
11-09-2025;18:40:00;4,2; m/s
11-09-2025;18:50:00;3,1; m/s
11-09-2025;19:00:00;3,4; m/s
11-09-2025;19:10:00;3,4; m/s
11-09-2025;19:20:00;3,4; m/s
11-09-2025;19:30:00;3,5; m/s
11-09-2025;19:40:00;3,1; m/s
11-09-2025;19:50:00;2,8; m/s
11-09-2025;20:00:00;3,4; m/s
11-09-2025;20:10:00;3,2; m/s
11-09-2025;20:20:00;2,9; m/s
11-09-2025;20:30:00;3,7; m/s
11-09-2025;20:40:00;3,5; m/s
11-09-2025;20:50:00;3,5; m/s
11-09-2025;21:00:00;3,2; m/s
11-09-2025;21:10:00;3; m/s
11-09-2025;21:20:00;2,7; m/s
11-09-2025;21:30:00;3; m/s
11-09-2025;21:40:00;2,8; m/s
11-09-2025;21:50:00;3; m/s
11-09-2025;22:00:00;1,2; m/s
11-09-2025;22:10:00;1,2; m/s
11-09-2025;22:20:00;1,3; m/s
11-09-2025;22:30:00;1,7; m/s
11-09-2025;22:40:00;1; m/s
11-09-2025;22:50:00;1,5; m/s
11-09-2025;23:00:00;1,4; m/s
11-09-2025;23:10:00;1,5; m/s
11-09-2025;23:20:00;1,4; m/s
11-09-2025;23:30:00;1,3; m/s
11-09-2025;23:40:00;1,6; m/s
11-09-2025;23:50:00;1,4; m/s
12-09-2025;00:00:00;1,1; m/s
12-09-2025;00:10:00;1; m/s
12-09-2025;00:20:00;1; m/s
12-09-2025;00:30:00;1,7; m/s
12-09-2025;00:40:00;1,4; m/s
12-09-2025;00:50:00;1,3; m/s
12-09-2025;01:00:00;0,8; m/s
12-09-2025;01:10:00;1,3; m/s
12-09-2025;01:20:00;2,3; m/s
12-09-2025;01:30:00;2,8; m/s
12-09-2025;01:40:00;2,7; m/s
12-09-2025;01:50:00;2,9; m/s
12-09-2025;02:00:00;2,4; m/s
12-09-2025;02:10:00;2,8; m/s
12-09-2025;02:20:00;2,9; m/s
12-09-2025;02:30:00;2,7; m/s
12-09-2025;02:40:00;3,5; m/s
12-09-2025;02:50:00;3; m/s
12-09-2025;03:00:00;3,2; m/s
12-09-2025;03:10:00;2,3; m/s
12-09-2025;03:20:00;2,2; m/s
12-09-2025;03:30:00;2,9; m/s
12-09-2025;03:40:00;2,9; m/s
12-09-2025;03:50:00;2,5; m/s
12-09-2025;04:00:00;2,3; m/s
12-09-2025;04:10:00;2,7; m/s
12-09-2025;04:20:00;3,1; m/s
12-09-2025;04:30:00;2,5; m/s
12-09-2025;04:40:00;3,3; m/s
12-09-2025;04:50:00;3,4; m/s
12-09-2025;05:00:00;3,1; m/s
12-09-2025;05:10:00;3,3; m/s
12-09-2025;05:20:00;3,3; m/s
12-09-2025;05:30:00;2,9; m/s
12-09-2025;05:40:00;2,4; m/s
12-09-2025;05:50:00;2,4; m/s
12-09-2025;06:00:00;2,1; m/s
12-09-2025;06:10:00;2,2; m/s
12-09-2025;06:20:00;2,3; m/s
12-09-2025;06:30:00;2; m/s
12-09-2025;06:40:00;2; m/s
12-09-2025;06:50:00;2,1; m/s
12-09-2025;07:00:00;2; m/s
12-09-2025;07:10:00;1,8; m/s
12-09-2025;07:20:00;1,8; m/s
12-09-2025;07:30:00;1,7; m/s
12-09-2025;07:40:00;1,7; m/s
12-09-2025;07:50:00;1,8; m/s
12-09-2025;08:00:00;1,2; m/s
12-09-2025;08:10:00;1,2; m/s
12-09-2025;08:20:00;2; m/s
12-09-2025;08:30:00;2; m/s
12-09-2025;08:40:00;2,1; m/s
12-09-2025;08:50:00;2,3; m/s
12-09-2025;09:00:00;2,4; m/s
12-09-2025;09:10:00;2,7; m/s
12-09-2025;09:20:00;1,8; m/s
12-09-2025;09:30:00;1,5; m/s
12-09-2025;09:40:00;1,7; m/s
12-09-2025;09:50:00;1,6; m/s
12-09-2025;10:00:00;1,8; m/s
12-09-2025;10:10:00;1,4; m/s
12-09-2025;10:20:00;1,6; m/s
12-09-2025;10:30:00;2; m/s
12-09-2025;10:40:00;1,6; m/s
12-09-2025;10:50:00;1,5; m/s
12-09-2025;11:00:00;1,6; m/s
12-09-2025;11:10:00;1,7; m/s
12-09-2025;11:20:00;1,8; m/s
12-09-2025;11:30:00;2,1; m/s
12-09-2025;11:40:00;2,5; m/s
12-09-2025;11:50:00;3,3; m/s
12-09-2025;12:00:00;3,6; m/s
12-09-2025;12:10:00;2,9; m/s
12-09-2025;12:20:00;2,5; m/s
12-09-2025;12:30:00;2,2; m/s
12-09-2025;12:40:00;2,3; m/s
12-09-2025;12:50:00;2,2; m/s
12-09-2025;13:00:00;2,3; m/s
12-09-2025;13:10:00;2,3; m/s
12-09-2025;13:20:00;2,4; m/s
12-09-2025;13:30:00;2,9; m/s
12-09-2025;13:40:00;4,7; m/s
12-09-2025;13:50:00;4,3; m/s
12-09-2025;14:00:00;4,3; m/s
12-09-2025;14:10:00;4,5; m/s
12-09-2025;14:20:00;4,3; m/s
12-09-2025;14:30:00;4,2; m/s
12-09-2025;14:40:00;4,2; m/s
12-09-2025;14:50:00;4,1; m/s
12-09-2025;15:00:00;4,1; m/s
12-09-2025;15:10:00;4,5; m/s
12-09-2025;15:20:00;4,4; m/s
12-09-2025;15:30:00;4,5; m/s
12-09-2025;15:40:00;4,6; m/s
12-09-2025;15:50:00;4,4; m/s
12-09-2025;16:00:00;4,2; m/s
12-09-2025;16:10:00;3,5; m/s
12-09-2025;16:20:00;4,9; m/s
12-09-2025;16:30:00;5,3; m/s
12-09-2025;16:40:00;4; m/s
12-09-2025;16:50:00;3,9; m/s
12-09-2025;17:00:00;4,3; m/s
12-09-2025;17:10:00;4; m/s
12-09-2025;17:20:00;3,9; m/s
12-09-2025;17:30:00;3,4; m/s
12-09-2025;17:40:00;3,3; m/s
12-09-2025;17:50:00;3,2; m/s
12-09-2025;18:00:00;3,4; m/s
12-09-2025;18:10:00;3,6; m/s
12-09-2025;18:20:00;2,8; m/s
12-09-2025;18:30:00;2,6; m/s
12-09-2025;18:40:00;2,4; m/s
12-09-2025;18:50:00;2,9; m/s
12-09-2025;19:00:00;2,7; m/s
12-09-2025;19:10:00;2,7; m/s
12-09-2025;19:20:00;2,5; m/s
12-09-2025;19:30:00;2,5; m/s
12-09-2025;19:40:00;2; m/s
12-09-2025;19:50:00;0,9; m/s
12-09-2025;20:00:00;1,5; m/s
12-09-2025;20:10:00;2,4; m/s
12-09-2025;20:20:00;1,8; m/s
12-09-2025;20:30:00;1,9; m/s
12-09-2025;20:40:00;2; m/s
12-09-2025;20:50:00;1,6; m/s
12-09-2025;21:00:00;1,5; m/s
12-09-2025;21:10:00;1,4; m/s
12-09-2025;21:20:00;1,6; m/s
12-09-2025;21:30:00;1,6; m/s
12-09-2025;21:40:00;2,3; m/s
12-09-2025;21:50:00;1,8; m/s
12-09-2025;22:00:00;1,5; m/s
12-09-2025;22:10:00;1,5; m/s
12-09-2025;22:20:00;1,8; m/s
12-09-2025;22:30:00;1,9; m/s
12-09-2025;22:40:00;2,2; m/s
12-09-2025;22:50:00;2,4; m/s
12-09-2025;23:00:00;2,3; m/s
12-09-2025;23:10:00;1,8; m/s
12-09-2025;23:20:00;2,1; m/s
12-09-2025;23:30:00;2,3; m/s
12-09-2025;23:40:00;2,4; m/s
12-09-2025;23:50:00;2,7; m/s
13-09-2025;00:00:00;2,8; m/s
13-09-2025;00:10:00;2,7; m/s
13-09-2025;00:20:00;2,7; m/s
13-09-2025;00:30:00;2,7; m/s
13-09-2025;00:40:00;2,7; m/s
13-09-2025;00:50:00;2,4; m/s
13-09-2025;01:00:00;2,2; m/s
13-09-2025;01:10:00;2,1; m/s
13-09-2025;01:20:00;2,2; m/s
13-09-2025;01:30:00;2,5; m/s
13-09-2025;01:40:00;2,6; m/s
13-09-2025;01:50:00;2,7; m/s
13-09-2025;02:00:00;2,5; m/s
13-09-2025;02:10:00;2,2; m/s
13-09-2025;02:20:00;1,7; m/s
13-09-2025;02:30:00;2,4; m/s
13-09-2025;02:40:00;2,6; m/s
13-09-2025;02:50:00;2,2; m/s
13-09-2025;03:00:00;2,1; m/s
13-09-2025;03:10:00;1,9; m/s
13-09-2025;03:20:00;2,3; m/s
13-09-2025;03:30:00;2,2; m/s
13-09-2025;03:40:00;2,5; m/s
13-09-2025;03:50:00;2,4; m/s
13-09-2025;04:00:00;2,6; m/s
13-09-2025;04:10:00;2,5; m/s
13-09-2025;04:20:00;2; m/s
13-09-2025;04:30:00;1,8; m/s
13-09-2025;04:40:00;1,6; m/s
13-09-2025;04:50:00;1,9; m/s
13-09-2025;05:00:00;2,2; m/s
13-09-2025;05:10:00;2,5; m/s
13-09-2025;05:20:00;2,2; m/s
13-09-2025;05:30:00;2,2; m/s
13-09-2025;05:40:00;2,4; m/s
13-09-2025;05:50:00;1,9; m/s
13-09-2025;06:00:00;1,6; m/s
13-09-2025;06:10:00;1,6; m/s
13-09-2025;06:20:00;1,6; m/s
13-09-2025;06:30:00;1,5; m/s
13-09-2025;06:40:00;1,1; m/s
13-09-2025;06:50:00;1; m/s
13-09-2025;07:00:00;1,1; m/s
13-09-2025;07:10:00;1,5; m/s
13-09-2025;07:20:00;1,3; m/s
13-09-2025;07:30:00;0,5; m/s
13-09-2025;07:40:00;0,5; m/s
13-09-2025;07:50:00;0,6; m/s
13-09-2025;08:00:00;1; m/s
13-09-2025;08:10:00;1,3; m/s
13-09-2025;08:20:00;1,3; m/s
13-09-2025;08:30:00;1,4; m/s
13-09-2025;08:40:00;1,7; m/s
13-09-2025;08:50:00;2,7; m/s
13-09-2025;09:00:00;2,9; m/s
13-09-2025;09:10:00;3; m/s
13-09-2025;09:20:00;2,6; m/s
13-09-2025;09:30:00;2,8; m/s
13-09-2025;09:40:00;2,3; m/s
13-09-2025;09:50:00;2,3; m/s
13-09-2025;10:00:00;2,3; m/s
13-09-2025;10:10:00;2,1; m/s
13-09-2025;10:20:00;2,2; m/s
13-09-2025;10:30:00;1,8; m/s
13-09-2025;10:40:00;2,1; m/s
13-09-2025;10:50:00;2,2; m/s
13-09-2025;11:00:00;2,3; m/s
13-09-2025;11:10:00;2,2; m/s
13-09-2025;11:20:00;2,1; m/s
13-09-2025;11:30:00;1,8; m/s
13-09-2025;11:40:00;2,2; m/s
13-09-2025;11:50:00;2,1; m/s
13-09-2025;12:00:00;2,2; m/s
13-09-2025;12:10:00;2,2; m/s
13-09-2025;12:20:00;2,2; m/s
13-09-2025;12:30:00;2,2; m/s
13-09-2025;12:40:00;2,5; m/s
13-09-2025;12:50:00;2,6; m/s
13-09-2025;13:00:00;2,5; m/s
13-09-2025;13:10:00;2,7; m/s
13-09-2025;13:20:00;2,7; m/s
13-09-2025;13:30:00;2,8; m/s
13-09-2025;13:40:00;2,4; m/s
13-09-2025;13:50:00;2,4; m/s
13-09-2025;14:00:00;2,9; m/s
13-09-2025;14:10:00;3,7; m/s
13-09-2025;14:20:00;3,2; m/s
13-09-2025;14:30:00;3,6; m/s
13-09-2025;14:40:00;3,1; m/s
13-09-2025;14:50:00;3,5; m/s
13-09-2025;15:00:00;3,7; m/s
13-09-2025;15:10:00;4,2; m/s
13-09-2025;15:20:00;4,1; m/s
13-09-2025;15:30:00;4,1; m/s
13-09-2025;15:40:00;4,1; m/s
13-09-2025;15:50:00;4,1; m/s
13-09-2025;16:00:00;4,5; m/s
13-09-2025;16:10:00;4,2; m/s
13-09-2025;16:20:00;4,1; m/s
13-09-2025;16:30:00;3,9; m/s
13-09-2025;16:40:00;3,5; m/s
13-09-2025;16:50:00;4,5; m/s
13-09-2025;17:00:00;5; m/s
13-09-2025;17:10:00;4,5; m/s
13-09-2025;17:20:00;4,2; m/s
13-09-2025;17:30:00;4,6; m/s
13-09-2025;17:40:00;4,2; m/s
13-09-2025;17:50:00;4,1; m/s
13-09-2025;18:00:00;3,8; m/s
13-09-2025;18:10:00;4; m/s
13-09-2025;18:20:00;3,9; m/s
13-09-2025;18:30:00;3,8; m/s
13-09-2025;18:40:00;3,7; m/s
13-09-2025;18:50:00;3,9; m/s
13-09-2025;19:00:00;3,3; m/s
13-09-2025;19:10:00;3,4; m/s
13-09-2025;19:20:00;3,5; m/s
13-09-2025;19:30:00;2,3; m/s
13-09-2025;19:40:00;2,9; m/s
13-09-2025;19:50:00;2,7; m/s
13-09-2025;20:00:00;2,9; m/s
13-09-2025;20:10:00;2,8; m/s
13-09-2025;20:20:00;3,2; m/s
13-09-2025;20:30:00;3; m/s
13-09-2025;20:40:00;2,8; m/s
13-09-2025;20:50:00;3,1; m/s
13-09-2025;21:00:00;2,8; m/s
13-09-2025;21:10:00;2,7; m/s
13-09-2025;21:20:00;2,9; m/s
13-09-2025;21:30:00;2,6; m/s
13-09-2025;21:40:00;2,5; m/s
13-09-2025;21:50:00;2,3; m/s
13-09-2025;22:00:00;2,6; m/s
13-09-2025;22:10:00;2,5; m/s
13-09-2025;22:20:00;2,7; m/s
13-09-2025;22:30:00;2,7; m/s
13-09-2025;22:40:00;2,7; m/s
13-09-2025;22:50:00;2,5; m/s
13-09-2025;23:00:00;2,6; m/s
13-09-2025;23:10:00;2,4; m/s
13-09-2025;23:20:00;1,7; m/s
13-09-2025;23:30:00;1,8; m/s
13-09-2025;23:40:00;1,6; m/s
13-09-2025;23:50:00;1,3; m/s
14-09-2025;00:00:00;1,4; m/s
14-09-2025;00:10:00;0,4; m/s
14-09-2025;00:20:00;1,7; m/s
14-09-2025;00:30:00;2,3; m/s
14-09-2025;00:40:00;1,9; m/s
14-09-2025;00:50:00;1,5; m/s
14-09-2025;01:00:00;1,1; m/s
14-09-2025;01:10:00;2; m/s
14-09-2025;01:20:00;1,5; m/s
14-09-2025;01:30:00;2,1; m/s
14-09-2025;01:40:00;2; m/s
14-09-2025;01:50:00;1,8; m/s
14-09-2025;02:00:00;1,9; m/s
14-09-2025;02:10:00;1,8; m/s
14-09-2025;02:20:00;1,9; m/s
14-09-2025;02:30:00;1,8; m/s
14-09-2025;02:40:00;1,3; m/s
14-09-2025;02:50:00;1,6; m/s
14-09-2025;03:00:00;2; m/s
14-09-2025;03:10:00;0,9; m/s
14-09-2025;03:20:00;0,6; m/s
14-09-2025;03:30:00;0,6; m/s
14-09-2025;03:40:00;1,4; m/s
14-09-2025;03:50:00;1,6; m/s
14-09-2025;04:00:00;2,5; m/s
14-09-2025;04:10:00;2; m/s
14-09-2025;04:20:00;2,4; m/s
14-09-2025;04:30:00;1,5; m/s
14-09-2025;04:40:00;1,1; m/s
14-09-2025;04:50:00;1,6; m/s
14-09-2025;05:00:00;2,1; m/s
14-09-2025;05:10:00;1,8; m/s
14-09-2025;05:20:00;2,3; m/s
14-09-2025;05:30:00;2; m/s
14-09-2025;05:40:00;1,9; m/s
14-09-2025;05:50:00;1,8; m/s
14-09-2025;06:00:00;2; m/s
14-09-2025;06:10:00;1,9; m/s
14-09-2025;06:20:00;1,9; m/s
14-09-2025;06:30:00;1,9; m/s
14-09-2025;06:40:00;2; m/s
14-09-2025;06:50:00;1,9; m/s
14-09-2025;07:00:00;1,5; m/s
14-09-2025;07:10:00;1,3; m/s
14-09-2025;07:20:00;1,6; m/s
14-09-2025;07:30:00;1,6; m/s
14-09-2025;07:40:00;1,5; m/s
14-09-2025;07:50:00;1,9; m/s
14-09-2025;08:00:00;2; m/s
14-09-2025;08:10:00;2,1; m/s
14-09-2025;08:20:00;2,3; m/s
14-09-2025;08:30:00;2,5; m/s
14-09-2025;08:40:00;2,4; m/s
14-09-2025;08:50:00;2,8; m/s
14-09-2025;09:00:00;3; m/s
14-09-2025;09:10:00;2,4; m/s
14-09-2025;09:20:00;2,6; m/s
14-09-2025;09:30:00;2,5; m/s
14-09-2025;09:40:00;2,5; m/s
14-09-2025;09:50:00;2,4; m/s
14-09-2025;10:00:00;2,4; m/s
14-09-2025;10:10:00;2,3; m/s
14-09-2025;10:20:00;2,2; m/s
14-09-2025;10:30:00;2,3; m/s
14-09-2025;10:40:00;2,2; m/s
14-09-2025;10:50:00;2,2; m/s
14-09-2025;11:00:00;2,1; m/s
14-09-2025;11:10:00;2; m/s
14-09-2025;11:20:00;2,2; m/s
14-09-2025;11:30:00;2; m/s
14-09-2025;11:40:00;2; m/s
14-09-2025;11:50:00;2; m/s
14-09-2025;12:00:00;2,1; m/s
14-09-2025;12:10:00;2; m/s
14-09-2025;12:20:00;1,8; m/s
14-09-2025;12:30:00;2,1; m/s
14-09-2025;12:40:00;2,3; m/s
14-09-2025;12:50:00;2,1; m/s
14-09-2025;13:00:00;2; m/s
14-09-2025;13:10:00;2,2; m/s
14-09-2025;13:20:00;1,8; m/s
14-09-2025;13:30:00;2,3; m/s
14-09-2025;13:40:00;2,1; m/s
14-09-2025;13:50:00;2; m/s
14-09-2025;14:00:00;2,2; m/s
14-09-2025;14:10:00;2,6; m/s
14-09-2025;14:20:00;2,7; m/s
14-09-2025;14:30:00;2,5; m/s
14-09-2025;14:40:00;2,8; m/s
14-09-2025;14:50:00;2,6; m/s
14-09-2025;15:00:00;3,6; m/s
14-09-2025;15:10:00;3,8; m/s
14-09-2025;15:20:00;4; m/s
14-09-2025;15:30:00;3,7; m/s
14-09-2025;15:40:00;3,8; m/s
14-09-2025;15:50:00;4,1; m/s
14-09-2025;16:00:00;3,2; m/s
14-09-2025;16:10:00;3,3; m/s
14-09-2025;16:20:00;2,9; m/s
14-09-2025;16:30:00;2,6; m/s
14-09-2025;16:40:00;3,4; m/s
14-09-2025;16:50:00;3,3; m/s
14-09-2025;17:00:00;3,1; m/s
14-09-2025;17:10:00;3,4; m/s
14-09-2025;17:20:00;4,5; m/s
14-09-2025;17:30:00;4,6; m/s
14-09-2025;17:40:00;3,8; m/s
14-09-2025;17:50:00;4,1; m/s
14-09-2025;18:00:00;4,9; m/s
14-09-2025;18:10:00;4,6; m/s
14-09-2025;18:20:00;4,5; m/s
14-09-2025;18:30:00;4,4; m/s
14-09-2025;18:40:00;4,1; m/s
14-09-2025;18:50:00;4,3; m/s
14-09-2025;19:00:00;3,1; m/s
14-09-2025;19:10:00;4; m/s
14-09-2025;19:20:00;4,4; m/s
14-09-2025;19:30:00;4,3; m/s
14-09-2025;19:40:00;2,9; m/s
14-09-2025;19:50:00;2,4; m/s
14-09-2025;20:00:00;1,9; m/s
14-09-2025;20:10:00;2,5; m/s
14-09-2025;20:20:00;2,5; m/s
14-09-2025;20:30:00;2,4; m/s
14-09-2025;20:40:00;1,9; m/s
14-09-2025;20:50:00;2,6; m/s
14-09-2025;21:00:00;2,3; m/s
14-09-2025;21:10:00;1,8; m/s
14-09-2025;21:20:00;1,4; m/s
14-09-2025;21:30:00;1,3; m/s
14-09-2025;21:40:00;1,9; m/s
14-09-2025;21:50:00;2; m/s
14-09-2025;22:00:00;1,9; m/s
14-09-2025;22:10:00;1,7; m/s
14-09-2025;22:20:00;1,8; m/s
14-09-2025;22:30:00;1,7; m/s
14-09-2025;22:40:00;1,3; m/s
14-09-2025;22:50:00;1,7; m/s
14-09-2025;23:00:00;1,5; m/s
14-09-2025;23:10:00;0,9; m/s
14-09-2025;23:20:00;1,1; m/s
14-09-2025;23:30:00;1; m/s
14-09-2025;23:40:00;0,7; m/s
14-09-2025;23:50:00;0,6; m/s
15-09-2025;00:00:00;1,1; m/s
15-09-2025;00:10:00;1,2; m/s
15-09-2025;00:20:00;0,9; m/s
15-09-2025;00:30:00;1,2; m/s
15-09-2025;00:40:00;0,7; m/s
15-09-2025;00:50:00;0,6; m/s
15-09-2025;01:00:00;0,7; m/s
15-09-2025;01:10:00;0,5; m/s
15-09-2025;01:20:00;0,4; m/s
15-09-2025;01:30:00;0,6; m/s
15-09-2025;01:40:00;0,4; m/s
15-09-2025;01:50:00;0,1; m/s
15-09-2025;02:00:00;0,7; m/s
15-09-2025;02:10:00;0,9; m/s
15-09-2025;02:20:00;1,4; m/s
15-09-2025;02:30:00;1,8; m/s
15-09-2025;02:40:00;2; m/s
15-09-2025;02:50:00;2,1; m/s
15-09-2025;03:00:00;2,2; m/s
15-09-2025;03:10:00;1,3; m/s
15-09-2025;03:20:00;0,6; m/s
15-09-2025;03:30:00;0,9; m/s
15-09-2025;03:40:00;0,8; m/s
15-09-2025;03:50:00;0,7; m/s
15-09-2025;04:00:00;1; m/s
15-09-2025;04:10:00;1,4; m/s
15-09-2025;04:20:00;1,1; m/s
15-09-2025;04:30:00;0,6; m/s
15-09-2025;04:40:00;0,5; m/s
15-09-2025;04:50:00;0,8; m/s
15-09-2025;05:00:00;1,3; m/s
15-09-2025;05:10:00;0,9; m/s
15-09-2025;05:20:00;1,3; m/s
15-09-2025;05:30:00;1,9; m/s
15-09-2025;05:40:00;1,6; m/s
15-09-2025;05:50:00;2,2; m/s
15-09-2025;06:00:00;2,1; m/s
15-09-2025;06:10:00;1,8; m/s
15-09-2025;06:20:00;1,6; m/s
15-09-2025;06:30:00;1,3; m/s
15-09-2025;06:40:00;1,6; m/s
15-09-2025;06:50:00;1,6; m/s
15-09-2025;07:00:00;1,2; m/s
15-09-2025;07:10:00;1; m/s
15-09-2025;07:20:00;0,4; m/s
15-09-2025;07:30:00;1,3; m/s
15-09-2025;07:40:00;1,7; m/s
15-09-2025;07:50:00;1,6; m/s
15-09-2025;08:00:00;1,6; m/s
15-09-2025;08:10:00;1,7; m/s
15-09-2025;08:20:00;1,6; m/s
15-09-2025;08:30:00;1,5; m/s
15-09-2025;08:40:00;1,6; m/s
15-09-2025;08:50:00;1,5; m/s
15-09-2025;09:00:00;1,4; m/s
15-09-2025;09:10:00;1,7; m/s
15-09-2025;09:20:00;2,1; m/s
15-09-2025;09:30:00;1,9; m/s
15-09-2025;09:40:00;1,8; m/s
15-09-2025;09:50:00;2; m/s
15-09-2025;10:00:00;2; m/s
15-09-2025;10:10:00;1,9; m/s
15-09-2025;10:20:00;1,9; m/s
15-09-2025;10:30:00;1,8; m/s
15-09-2025;10:40:00;1,9; m/s
15-09-2025;10:50:00;1,9; m/s
15-09-2025;11:00:00;1,9; m/s
15-09-2025;11:10:00;2,1; m/s
15-09-2025;11:20:00;2,1; m/s
15-09-2025;11:30:00;2,7; m/s
15-09-2025;11:40:00;2,7; m/s
15-09-2025;11:50:00;3,2; m/s
15-09-2025;12:00:00;3,6; m/s
15-09-2025;12:10:00;3,6; m/s
15-09-2025;12:20:00;4,2; m/s
15-09-2025;12:30:00;5,2; m/s
15-09-2025;12:40:00;6,1; m/s
15-09-2025;12:50:00;5,9; m/s
15-09-2025;13:00:00;6,1; m/s
15-09-2025;13:10:00;6,3; m/s
15-09-2025;13:20:00;6,3; m/s
15-09-2025;13:30:00;6,3; m/s
15-09-2025;13:40:00;6,2; m/s
15-09-2025;13:50:00;5,7; m/s
15-09-2025;14:00:00;6,3; m/s
15-09-2025;14:10:00;6,2; m/s
15-09-2025;14:20:00;6,4; m/s
15-09-2025;14:30:00;6,6; m/s
15-09-2025;14:40:00;6,5; m/s
15-09-2025;14:50:00;6,4; m/s
15-09-2025;15:00:00;6,4; m/s
15-09-2025;15:10:00;6; m/s
15-09-2025;15:20:00;6,3; m/s
15-09-2025;15:30:00;6,4; m/s
15-09-2025;15:40:00;6,5; m/s
15-09-2025;15:50:00;6,3; m/s
15-09-2025;16:00:00;6,3; m/s
15-09-2025;16:10:00;6; m/s
15-09-2025;16:20:00;5,7; m/s
15-09-2025;16:30:00;5,8; m/s
15-09-2025;16:40:00;6,2; m/s
15-09-2025;16:50:00;6,1; m/s
15-09-2025;17:00:00;6; m/s
15-09-2025;17:10:00;6,3; m/s
15-09-2025;17:20:00;5,8; m/s
15-09-2025;17:30:00;5,3; m/s
15-09-2025;17:40:00;6,3; m/s
15-09-2025;17:50:00;6,2; m/s
15-09-2025;18:00:00;5,8; m/s
15-09-2025;18:10:00;5,5; m/s
15-09-2025;18:20:00;5,7; m/s
15-09-2025;18:30:00;4,6; m/s
15-09-2025;18:40:00;4,2; m/s
15-09-2025;18:50:00;3,8; m/s
15-09-2025;19:00:00;2,9; m/s
15-09-2025;19:10:00;2,9; m/s
15-09-2025;19:20:00;2,8; m/s
15-09-2025;19:30:00;3,1; m/s
15-09-2025;19:40:00;3,2; m/s
15-09-2025;19:50:00;2,4; m/s
15-09-2025;20:00:00;2,9; m/s
15-09-2025;20:10:00;3,6; m/s
15-09-2025;20:20:00;3,5; m/s
15-09-2025;20:30:00;3,9; m/s
15-09-2025;20:40:00;3,4; m/s
15-09-2025;20:50:00;2,9; m/s
15-09-2025;21:00:00;2,9; m/s
15-09-2025;21:10:00;3,1; m/s
15-09-2025;21:20:00;3,5; m/s
15-09-2025;21:30:00;3,2; m/s
15-09-2025;21:40:00;3,7; m/s
15-09-2025;21:50:00;3,3; m/s
15-09-2025;22:00:00;3,5; m/s
15-09-2025;22:10:00;3,3; m/s
15-09-2025;22:20:00;3,3; m/s
15-09-2025;22:30:00;3,4; m/s
15-09-2025;22:40:00;3,3; m/s
15-09-2025;22:50:00;3,5; m/s
15-09-2025;23:00:00;3,5; m/s
15-09-2025;23:10:00;3,5; m/s
15-09-2025;23:20:00;3,1; m/s
15-09-2025;23:30:00;3,3; m/s
15-09-2025;23:40:00;3,4; m/s
15-09-2025;23:50:00;3,3; m/s
16-09-2025;00:00:00;3,2; m/s
16-09-2025;00:10:00;3,3; m/s
16-09-2025;00:20:00;3,2; m/s
16-09-2025;00:30:00;2,8; m/s
16-09-2025;00:40:00;3; m/s
16-09-2025;00:50:00;2,7; m/s
16-09-2025;01:00:00;2,8; m/s
16-09-2025;01:10:00;3,1; m/s
16-09-2025;01:20:00;2,9; m/s
16-09-2025;01:30:00;2,7; m/s
16-09-2025;01:40:00;2,9; m/s
16-09-2025;01:50:00;2,7; m/s
16-09-2025;02:00:00;3; m/s
16-09-2025;02:10:00;2,9; m/s
16-09-2025;02:20:00;3,1; m/s
16-09-2025;02:30:00;2,6; m/s
16-09-2025;02:40:00;2,8; m/s
16-09-2025;02:50:00;2,5; m/s
16-09-2025;03:00:00;2,5; m/s
16-09-2025;03:10:00;2,9; m/s
16-09-2025;03:20:00;2,7; m/s
16-09-2025;03:30:00;2; m/s
16-09-2025;03:40:00;1,8; m/s
16-09-2025;03:50:00;1,6; m/s
16-09-2025;04:00:00;1,2; m/s
16-09-2025;04:10:00;1,9; m/s
16-09-2025;04:20:00;2,6; m/s
16-09-2025;04:30:00;2,4; m/s
16-09-2025;04:40:00;2,6; m/s
16-09-2025;04:50:00;2,4; m/s
16-09-2025;05:00:00;2,5; m/s
16-09-2025;05:10:00;2,3; m/s
16-09-2025;05:20:00;2,4; m/s
16-09-2025;05:30:00;2,6; m/s
16-09-2025;05:40:00;2,6; m/s
16-09-2025;05:50:00;2,4; m/s
16-09-2025;06:00:00;2,5; m/s
16-09-2025;06:10:00;2,5; m/s
16-09-2025;06:20:00;2,5; m/s
16-09-2025;06:30:00;2,3; m/s
16-09-2025;06:40:00;2,2; m/s
16-09-2025;06:50:00;2,1; m/s
16-09-2025;07:00:00;1,5; m/s
16-09-2025;07:10:00;0,3; m/s
16-09-2025;07:20:00;0,7; m/s
16-09-2025;07:30:00;0,6; m/s
16-09-2025;07:40:00;0,3; m/s
16-09-2025;07:50:00;0,7; m/s
16-09-2025;08:00:00;1,4; m/s
16-09-2025;08:10:00;0,9; m/s
16-09-2025;08:20:00;1,3; m/s
16-09-2025;08:30:00;1,5; m/s
16-09-2025;08:40:00;2; m/s
16-09-2025;08:50:00;1,7; m/s
16-09-2025;09:00:00;2,3; m/s
16-09-2025;09:10:00;2,3; m/s
16-09-2025;09:20:00;2,6; m/s
16-09-2025;09:30:00;2,3; m/s
16-09-2025;09:40:00;3,3; m/s
16-09-2025;09:50:00;3,3; m/s
16-09-2025;10:00:00;3,9; m/s
16-09-2025;10:10:00;3,9; m/s
16-09-2025;10:20:00;4,1; m/s
16-09-2025;10:30:00;4,8; m/s
16-09-2025;10:40:00;5,3; m/s
16-09-2025;10:50:00;5,5; m/s
16-09-2025;11:00:00;5; m/s
16-09-2025;11:10:00;4,7; m/s
16-09-2025;11:20:00;5,3; m/s
16-09-2025;11:30:00;4,8; m/s
16-09-2025;11:40:00;4,3; m/s
16-09-2025;11:50:00;4,3; m/s
16-09-2025;12:00:00;4,7; m/s
16-09-2025;12:10:00;4,7; m/s
16-09-2025;12:20:00;4,5; m/s
16-09-2025;12:30:00;3,7; m/s
16-09-2025;12:40:00;3,8; m/s
16-09-2025;12:50:00;5,3; m/s
16-09-2025;13:00:00;5,6; m/s
16-09-2025;13:10:00;5,2; m/s
16-09-2025;13:20:00;5,9; m/s
16-09-2025;13:30:00;6; m/s
16-09-2025;13:40:00;6; m/s
16-09-2025;13:50:00;4,7; m/s
16-09-2025;14:00:00;5,2; m/s
16-09-2025;14:10:00;4,6; m/s
16-09-2025;14:20:00;4,7; m/s
16-09-2025;14:30:00;5,3; m/s
16-09-2025;14:40:00;5,5; m/s
16-09-2025;14:50:00;5,5; m/s
16-09-2025;15:00:00;5,2; m/s
16-09-2025;15:10:00;5,3; m/s
16-09-2025;15:20:00;5,4; m/s
16-09-2025;15:30:00;4,6; m/s
16-09-2025;15:40:00;4,3; m/s
16-09-2025;15:50:00;4,2; m/s
16-09-2025;16:00:00;4,2; m/s
16-09-2025;16:10:00;4,4; m/s
16-09-2025;16:20:00;4,1; m/s
16-09-2025;16:30:00;4,2; m/s
16-09-2025;16:40:00;3,5; m/s
16-09-2025;16:50:00;3,4; m/s
16-09-2025;17:00:00;4; m/s
16-09-2025;17:10:00;4,1; m/s
16-09-2025;17:20:00;3,9; m/s
16-09-2025;17:30:00;3,3; m/s
16-09-2025;17:40:00;3,8; m/s
16-09-2025;17:50:00;4; m/s
16-09-2025;18:00:00;3,9; m/s
16-09-2025;18:10:00;4; m/s
16-09-2025;18:20:00;3,9; m/s
16-09-2025;18:30:00;4,5; m/s
16-09-2025;18:40:00;3,7; m/s
16-09-2025;18:50:00;3,9; m/s
16-09-2025;19:00:00;3,6; m/s
16-09-2025;19:10:00;3,7; m/s
16-09-2025;19:20:00;3,4; m/s
16-09-2025;19:30:00;3,2; m/s
16-09-2025;19:40:00;4,3; m/s
16-09-2025;19:50:00;3,9; m/s
16-09-2025;20:00:00;3,9; m/s
16-09-2025;20:10:00;3,9; m/s
16-09-2025;20:20:00;3,2; m/s
16-09-2025;20:30:00;2,8; m/s
16-09-2025;20:40:00;2,1; m/s
16-09-2025;20:50:00;2,2; m/s
16-09-2025;21:00:00;2,2; m/s
16-09-2025;21:10:00;2,2; m/s
16-09-2025;21:20:00;1,5; m/s
16-09-2025;21:30:00;2,1; m/s
16-09-2025;21:40:00;2; m/s
16-09-2025;21:50:00;2; m/s
16-09-2025;22:00:00;2; m/s
16-09-2025;22:10:00;2,1; m/s
16-09-2025;22:20:00;1,5; m/s
16-09-2025;22:30:00;1,7; m/s
16-09-2025;22:40:00;2,1; m/s
16-09-2025;22:50:00;2,3; m/s
16-09-2025;23:00:00;2,8; m/s
16-09-2025;23:10:00;2,2; m/s
16-09-2025;23:20:00;2,3; m/s
16-09-2025;23:30:00;1,8; m/s
16-09-2025;23:40:00;2; m/s
16-09-2025;23:50:00;2,4; m/s
17-09-2025;00:00:00;2,4; m/s
17-09-2025;00:10:00;2; m/s
17-09-2025;00:20:00;2,5; m/s
17-09-2025;00:30:00;1,8; m/s
17-09-2025;00:40:00;2,8; m/s
17-09-2025;00:50:00;3,5; m/s
17-09-2025;01:00:00;2,3; m/s
17-09-2025;01:10:00;1,2; m/s
17-09-2025;01:20:00;2,1; m/s
17-09-2025;01:30:00;2,4; m/s
17-09-2025;01:40:00;2,9; m/s
17-09-2025;01:50:00;3,2; m/s
17-09-2025;02:00:00;3; m/s
17-09-2025;02:10:00;2,7; m/s
17-09-2025;02:20:00;3,7; m/s
17-09-2025;02:30:00;2,4; m/s
17-09-2025;02:40:00;2,6; m/s
17-09-2025;02:50:00;2,6; m/s
17-09-2025;03:00:00;2,8; m/s
17-09-2025;03:10:00;2,9; m/s
17-09-2025;03:20:00;2,5; m/s
17-09-2025;03:30:00;2,3; m/s
17-09-2025;03:40:00;2,6; m/s
17-09-2025;03:50:00;1,9; m/s
17-09-2025;04:00:00;2,2; m/s
17-09-2025;04:10:00;1,3; m/s
17-09-2025;04:20:00;1,7; m/s
17-09-2025;04:30:00;3,1; m/s
17-09-2025;04:40:00;3; m/s
17-09-2025;04:50:00;1,9; m/s
17-09-2025;05:00:00;2; m/s
17-09-2025;05:10:00;2,3; m/s
17-09-2025;05:20:00;1,6; m/s
17-09-2025;05:30:00;1,9; m/s
17-09-2025;05:40:00;1,6; m/s
17-09-2025;05:50:00;2; m/s
17-09-2025;06:00:00;2,5; m/s
17-09-2025;06:10:00;1,4; m/s
17-09-2025;06:20:00;1,3; m/s
17-09-2025;06:30:00;1,4; m/s
17-09-2025;06:40:00;1,1; m/s
17-09-2025;06:50:00;1; m/s
17-09-2025;07:00:00;0,5; m/s
17-09-2025;07:10:00;0,8; m/s
17-09-2025;07:20:00;0,8; m/s
17-09-2025;07:30:00;0,7; m/s
17-09-2025;07:40:00;0,8; m/s
17-09-2025;07:50:00;0,9; m/s
17-09-2025;08:00:00;1; m/s
17-09-2025;08:10:00;1,2; m/s
17-09-2025;08:20:00;1,2; m/s
17-09-2025;08:30:00;1,2; m/s
17-09-2025;08:40:00;1,4; m/s
17-09-2025;08:50:00;2,2; m/s
17-09-2025;09:00:00;2; m/s
17-09-2025;09:10:00;1,9; m/s
17-09-2025;09:20:00;1,8; m/s
17-09-2025;09:30:00;2,2; m/s
17-09-2025;09:40:00;2; m/s
17-09-2025;09:50:00;2; m/s
17-09-2025;10:00:00;1,8; m/s
17-09-2025;10:10:00;2,2; m/s
17-09-2025;10:20:00;2; m/s
17-09-2025;10:30:00;2; m/s
17-09-2025;10:40:00;2,1; m/s
17-09-2025;10:50:00;2,4; m/s
17-09-2025;11:00:00;2; m/s
17-09-2025;11:10:00;1,9; m/s
17-09-2025;11:20:00;2,2; m/s
17-09-2025;11:30:00;2,3; m/s
17-09-2025;11:40:00;2,2; m/s
17-09-2025;11:50:00;2,3; m/s
17-09-2025;12:00:00;2,7; m/s
17-09-2025;12:10:00;3,1; m/s
17-09-2025;12:20:00;2,9; m/s
17-09-2025;12:30:00;3,3; m/s
17-09-2025;12:40:00;3,6; m/s
17-09-2025;12:50:00;2,7; m/s
17-09-2025;13:00:00;3,4; m/s
17-09-2025;13:10:00;4,2; m/s
17-09-2025;13:20:00;3,9; m/s
17-09-2025;13:30:00;3,7; m/s
17-09-2025;13:40:00;4; m/s
17-09-2025;13:50:00;4,3; m/s
17-09-2025;14:00:00;4,3; m/s
17-09-2025;14:10:00;4,3; m/s
17-09-2025;14:20:00;4,7; m/s
17-09-2025;14:30:00;4,4; m/s
17-09-2025;14:40:00;4,4; m/s
17-09-2025;14:50:00;4,3; m/s
17-09-2025;15:00:00;4,1; m/s
17-09-2025;15:10:00;4,4; m/s
17-09-2025;15:20:00;4,8; m/s
17-09-2025;15:30:00;3,8; m/s
17-09-2025;15:40:00;3,6; m/s
17-09-2025;15:50:00;3; m/s
17-09-2025;16:00:00;3,3; m/s
17-09-2025;16:10:00;3,4; m/s
17-09-2025;16:20:00;4,1; m/s
17-09-2025;16:30:00;3,9; m/s
17-09-2025;16:40:00;4; m/s
17-09-2025;16:50:00;4,1; m/s
17-09-2025;17:00:00;3,9; m/s
17-09-2025;17:10:00;4,6; m/s
17-09-2025;17:20:00;4,5; m/s
17-09-2025;17:30:00;4,6; m/s
17-09-2025;17:40:00;4,3; m/s
17-09-2025;17:50:00;3,9; m/s
17-09-2025;18:00:00;3,9; m/s
17-09-2025;18:10:00;2,7; m/s
17-09-2025;18:20:00;1,9; m/s
17-09-2025;18:30:00;2,6; m/s
17-09-2025;18:40:00;2,7; m/s
17-09-2025;18:50:00;3,1; m/s
17-09-2025;19:00:00;3,2; m/s
17-09-2025;19:10:00;2,7; m/s
17-09-2025;19:20:00;2,6; m/s
17-09-2025;19:30:00;2,4; m/s
17-09-2025;19:40:00;2,7; m/s
17-09-2025;19:50:00;3,2; m/s
17-09-2025;20:00:00;3; m/s
17-09-2025;20:10:00;3,4; m/s
17-09-2025;20:20:00;2,7; m/s
17-09-2025;20:30:00;2,2; m/s
17-09-2025;20:40:00;2,4; m/s
17-09-2025;20:50:00;1,9; m/s
17-09-2025;21:00:00;2,2; m/s
17-09-2025;21:10:00;2,4; m/s
17-09-2025;21:20:00;2,4; m/s
17-09-2025;21:30:00;2,7; m/s
17-09-2025;21:40:00;3,4; m/s
17-09-2025;21:50:00;3,6; m/s
17-09-2025;22:00:00;3,4; m/s
17-09-2025;22:10:00;3,6; m/s
17-09-2025;22:20:00;4,3; m/s
17-09-2025;22:30:00;4,2; m/s
17-09-2025;22:40:00;4,2; m/s
17-09-2025;22:50:00;4,7; m/s
17-09-2025;23:00:00;5,3; m/s
17-09-2025;23:10:00;4,7; m/s
17-09-2025;23:20:00;4,4; m/s
17-09-2025;23:30:00;3,9; m/s
17-09-2025;23:40:00;5,1; m/s
17-09-2025;23:50:00;5,4; m/s
18-09-2025;00:00:00;6,4; m/s
18-09-2025;00:10:00;5,6; m/s
18-09-2025;00:20:00;4,1; m/s
18-09-2025;00:30:00;3,6; m/s
18-09-2025;00:40:00;4,1; m/s
18-09-2025;00:50:00;3,4; m/s
18-09-2025;01:00:00;3,3; m/s
18-09-2025;01:10:00;3,5; m/s
18-09-2025;01:20:00;4,4; m/s
18-09-2025;01:30:00;5,1; m/s
18-09-2025;01:40:00;6; m/s
18-09-2025;01:50:00;6,5; m/s
18-09-2025;02:00:00;5,8; m/s
18-09-2025;02:10:00;5,4; m/s
18-09-2025;02:20:00;5,2; m/s
18-09-2025;02:30:00;5,9; m/s
18-09-2025;02:40:00;5,2; m/s
18-09-2025;02:50:00;5,3; m/s
18-09-2025;03:00:00;4,7; m/s
18-09-2025;03:10:00;4,8; m/s
18-09-2025;03:20:00;3,9; m/s
18-09-2025;03:30:00;4,5; m/s
18-09-2025;03:40:00;5; m/s
18-09-2025;03:50:00;5,1; m/s
18-09-2025;04:00:00;4,1; m/s
18-09-2025;04:10:00;4,8; m/s
18-09-2025;04:20:00;5,3; m/s
18-09-2025;04:30:00;4,8; m/s
18-09-2025;04:40:00;4,4; m/s
18-09-2025;04:50:00;5,9; m/s
18-09-2025;05:00:00;6; m/s
18-09-2025;05:10:00;6,1; m/s
18-09-2025;05:20:00;5,7; m/s
18-09-2025;05:30:00;5,3; m/s
18-09-2025;05:40:00;5; m/s
18-09-2025;05:50:00;4; m/s
18-09-2025;06:00:00;3,7; m/s
18-09-2025;06:10:00;2,8; m/s
18-09-2025;06:20:00;3,5; m/s
18-09-2025;06:30:00;4; m/s
18-09-2025;06:40:00;4,6; m/s
18-09-2025;06:50:00;3,9; m/s
18-09-2025;07:00:00;2,3; m/s
18-09-2025;07:10:00;2,9; m/s
18-09-2025;07:20:00;4,7; m/s
18-09-2025;07:30:00;3,6; m/s
18-09-2025;07:40:00;2,7; m/s
18-09-2025;07:50:00;3,3; m/s
18-09-2025;08:00:00;3,8; m/s
18-09-2025;08:10:00;4,1; m/s
18-09-2025;08:20:00;3,4; m/s
18-09-2025;08:30:00;4,2; m/s
18-09-2025;08:40:00;4,3; m/s
18-09-2025;08:50:00;4,9; m/s
18-09-2025;09:00:00;4,4; m/s
18-09-2025;09:10:00;4,1; m/s
18-09-2025;09:20:00;3,1; m/s
18-09-2025;09:30:00;5,2; m/s
18-09-2025;09:40:00;4,2; m/s
18-09-2025;09:50:00;4,3; m/s
18-09-2025;10:00:00;5,2; m/s
18-09-2025;10:10:00;5,8; m/s
18-09-2025;10:20:00;6,2; m/s
18-09-2025;10:30:00;6,7; m/s
18-09-2025;10:40:00;5,8; m/s
18-09-2025;10:50:00;7,5; m/s
18-09-2025;11:00:00;6,7; m/s
18-09-2025;11:10:00;6,8; m/s
18-09-2025;11:20:00;5,3; m/s
18-09-2025;11:30:00;5,4; m/s
18-09-2025;11:40:00;6; m/s
18-09-2025;11:50:00;5,3; m/s
18-09-2025;12:00:00;5,4; m/s
18-09-2025;12:10:00;5; m/s
18-09-2025;12:20:00;5,4; m/s
18-09-2025;12:30:00;7,1; m/s
18-09-2025;12:40:00;4,8; m/s
18-09-2025;12:50:00;5,4; m/s
18-09-2025;13:00:00;5,9; m/s
18-09-2025;13:10:00;5,6; m/s
18-09-2025;13:20:00;6; m/s
18-09-2025;13:30:00;5,7; m/s
18-09-2025;13:40:00;4,6; m/s
18-09-2025;13:50:00;5,9; m/s
18-09-2025;14:00:00;7,4; m/s
18-09-2025;14:10:00;7,1; m/s
18-09-2025;14:20:00;5,6; m/s
18-09-2025;14:30:00;5,8; m/s
18-09-2025;14:40:00;6,8; m/s
18-09-2025;14:50:00;5,5; m/s
18-09-2025;15:00:00;7,4; m/s
18-09-2025;15:10:00;7,1; m/s
18-09-2025;15:20:00;5,7; m/s
18-09-2025;15:30:00;7,1; m/s
18-09-2025;15:40:00;7,1; m/s
18-09-2025;15:50:00;7,2; m/s
18-09-2025;16:00:00;7,2; m/s
18-09-2025;16:10:00;6,5; m/s
18-09-2025;16:20:00;7,9; m/s
18-09-2025;16:30:00;6,8; m/s
18-09-2025;16:40:00;5,9; m/s
18-09-2025;16:50:00;7,1; m/s
18-09-2025;17:00:00;8; m/s
18-09-2025;17:10:00;7,1; m/s
18-09-2025;17:20:00;6,8; m/s
18-09-2025;17:30:00;7,6; m/s
18-09-2025;17:40:00;5,9; m/s
18-09-2025;17:50:00;6,7; m/s
18-09-2025;18:00:00;4,8; m/s
18-09-2025;18:10:00;5,8; m/s
18-09-2025;18:20:00;4,7; m/s
18-09-2025;18:30:00;4,4; m/s
18-09-2025;18:40:00;4,2; m/s
18-09-2025;18:50:00;6,1; m/s
18-09-2025;19:00:00;4,7; m/s
18-09-2025;19:10:00;5,4; m/s
18-09-2025;19:20:00;4,5; m/s
18-09-2025;19:30:00;3,8; m/s
18-09-2025;19:40:00;5,1; m/s
18-09-2025;19:50:00;4,7; m/s
18-09-2025;20:00:00;5,7; m/s
18-09-2025;20:10:00;6,1; m/s
18-09-2025;20:20:00;4,7; m/s
18-09-2025;20:30:00;4,3; m/s
18-09-2025;20:40:00;5,4; m/s
18-09-2025;20:50:00;5,1; m/s
18-09-2025;21:00:00;5,3; m/s
18-09-2025;21:10:00;4,5; m/s
18-09-2025;21:20:00;5,1; m/s
18-09-2025;21:30:00;5,8; m/s
18-09-2025;21:40:00;5,3; m/s
18-09-2025;21:50:00;4,6; m/s
18-09-2025;22:00:00;4,7; m/s
18-09-2025;22:10:00;6,3; m/s
18-09-2025;22:20:00;6,4; m/s
18-09-2025;22:30:00;5,3; m/s
18-09-2025;22:40:00;5,2; m/s
18-09-2025;22:50:00;5; m/s
18-09-2025;23:00:00;3,8; m/s
18-09-2025;23:10:00;1,9; m/s
18-09-2025;23:20:00;1; m/s
18-09-2025;23:30:00;1,6; m/s
18-09-2025;23:40:00;1,9; m/s
18-09-2025;23:50:00;1,1; m/s
19-09-2025;00:00:00;0,5; m/s
19-09-2025;00:10:00;1,3; m/s
19-09-2025;00:20:00;1,5; m/s
19-09-2025;00:30:00;2,1; m/s
19-09-2025;00:40:00;2,5; m/s
19-09-2025;00:50:00;1,9; m/s
19-09-2025;01:00:00;1,9; m/s
19-09-2025;01:10:00;1,5; m/s
19-09-2025;01:20:00;1,6; m/s
19-09-2025;01:30:00;1,4; m/s
19-09-2025;01:40:00;0,9; m/s
19-09-2025;01:50:00;2; m/s
19-09-2025;02:00:00;1,6; m/s
19-09-2025;02:10:00;2,6; m/s
19-09-2025;02:20:00;2,3; m/s
19-09-2025;02:30:00;3,1; m/s
19-09-2025;02:40:00;2,4; m/s
19-09-2025;02:50:00;2,5; m/s
19-09-2025;03:00:00;2,6; m/s
19-09-2025;03:10:00;2,2; m/s
19-09-2025;03:20:00;1,7; m/s
19-09-2025;03:30:00;0,9; m/s
19-09-2025;03:40:00;0,7; m/s
19-09-2025;03:50:00;0,6; m/s
19-09-2025;04:00:00;0,3; m/s
19-09-2025;04:10:00;1,1; m/s
19-09-2025;04:20:00;0,6; m/s
19-09-2025;04:30:00;0,5; m/s
19-09-2025;04:40:00;1,1; m/s
19-09-2025;04:50:00;1; m/s
19-09-2025;05:00:00;1,4; m/s
19-09-2025;05:10:00;1,2; m/s
19-09-2025;05:20:00;1,2; m/s
19-09-2025;05:30:00;1,3; m/s
19-09-2025;05:40:00;2,4; m/s
19-09-2025;05:50:00;3,3; m/s
19-09-2025;06:00:00;3,4; m/s
19-09-2025;06:10:00;3; m/s
19-09-2025;06:20:00;3,2; m/s
19-09-2025;06:30:00;2,7; m/s
19-09-2025;06:40:00;1,8; m/s
19-09-2025;06:50:00;1,2; m/s
19-09-2025;07:00:00;1,1; m/s
19-09-2025;07:10:00;2; m/s
19-09-2025;07:20:00;2,2; m/s
19-09-2025;07:30:00;2,1; m/s
19-09-2025;07:40:00;2; m/s
19-09-2025;07:50:00;1,4; m/s
19-09-2025;08:00:00;1,7; m/s
19-09-2025;08:10:00;1,2; m/s
19-09-2025;08:20:00;0,9; m/s
19-09-2025;08:30:00;1; m/s
19-09-2025;08:40:00;0,9; m/s
19-09-2025;08:50:00;0,9; m/s
19-09-2025;09:00:00;1,5; m/s
19-09-2025;09:10:00;1,9; m/s
19-09-2025;09:20:00;1,9; m/s
19-09-2025;09:30:00;1,8; m/s
19-09-2025;09:40:00;2,2; m/s
19-09-2025;09:50:00;2,1; m/s
19-09-2025;10:00:00;1,9; m/s
19-09-2025;10:10:00;1,9; m/s
19-09-2025;10:20:00;1,9; m/s
19-09-2025;10:30:00;1,6; m/s
19-09-2025;10:40:00;1,8; m/s
19-09-2025;10:50:00;1,4; m/s
19-09-2025;11:00:00;1,5; m/s
19-09-2025;11:10:00;1,5; m/s
19-09-2025;11:20:00;2,8; m/s
19-09-2025;11:30:00;2,4; m/s
19-09-2025;11:40:00;2,2; m/s
19-09-2025;11:50:00;2; m/s
19-09-2025;12:00:00;2,6; m/s
19-09-2025;12:10:00;2,7; m/s
19-09-2025;12:20:00;2,8; m/s
19-09-2025;12:30:00;2,9; m/s
19-09-2025;12:40:00;3,4; m/s
19-09-2025;12:50:00;3,1; m/s
19-09-2025;13:00:00;2,9; m/s
19-09-2025;13:10:00;2,5; m/s
19-09-2025;13:20:00;2,6; m/s
19-09-2025;13:30:00;2,6; m/s
19-09-2025;13:40:00;3,1; m/s
19-09-2025;13:50:00;3,6; m/s
19-09-2025;14:00:00;3,6; m/s
19-09-2025;14:10:00;4; m/s
19-09-2025;14:20:00;4,1; m/s
19-09-2025;14:30:00;4,2; m/s
19-09-2025;14:40:00;6,2; m/s
19-09-2025;14:50:00;7,1; m/s
19-09-2025;15:00:00;6,7; m/s
19-09-2025;15:10:00;6,7; m/s
19-09-2025;15:20:00;8,4; m/s
19-09-2025;15:30:00;8,2; m/s
19-09-2025;15:40:00;8,2; m/s
19-09-2025;15:50:00;7,9; m/s
19-09-2025;16:00:00;8,4; m/s
19-09-2025;16:10:00;8,7; m/s
19-09-2025;16:20:00;7,8; m/s
19-09-2025;16:30:00;6,7; m/s
19-09-2025;16:40:00;8,4; m/s
19-09-2025;16:50:00;7,5; m/s
19-09-2025;17:00:00;6,8; m/s
19-09-2025;17:10:00;7,6; m/s
19-09-2025;17:20:00;7,2; m/s
19-09-2025;17:30:00;5; m/s
19-09-2025;17:40:00;4,8; m/s
19-09-2025;17:50:00;4,3; m/s
19-09-2025;18:00:00;5,7; m/s
19-09-2025;18:10:00;6,2; m/s
19-09-2025;18:20:00;6,3; m/s
19-09-2025;18:30:00;6; m/s
19-09-2025;18:40:00;5,2; m/s
19-09-2025;18:50:00;4,7; m/s
19-09-2025;19:00:00;4,1; m/s
19-09-2025;19:10:00;3; m/s
19-09-2025;19:20:00;2,8; m/s
19-09-2025;19:30:00;2,2; m/s
19-09-2025;19:40:00;1,6; m/s
19-09-2025;19:50:00;1,6; m/s
19-09-2025;20:00:00;1,4; m/s
19-09-2025;20:10:00;1,9; m/s
19-09-2025;20:20:00;2,7; m/s
19-09-2025;20:30:00;2,4; m/s
19-09-2025;20:40:00;2,5; m/s
19-09-2025;20:50:00;2,8; m/s
19-09-2025;21:00:00;3,6; m/s
19-09-2025;21:10:00;3,9; m/s
19-09-2025;21:20:00;3,7; m/s
19-09-2025;21:30:00;2,7; m/s
19-09-2025;21:40:00;2,5; m/s
19-09-2025;21:50:00;3,4; m/s
19-09-2025;22:00:00;3,1; m/s
19-09-2025;22:10:00;3; m/s
19-09-2025;22:20:00;2,9; m/s
19-09-2025;22:30:00;3,4; m/s
19-09-2025;22:40:00;2,9; m/s
19-09-2025;22:50:00;1,9; m/s
19-09-2025;23:00:00;2,5; m/s
19-09-2025;23:10:00;2,7; m/s
19-09-2025;23:20:00;2,2; m/s
19-09-2025;23:30:00;2,8; m/s
19-09-2025;23:40:00;3,6; m/s
19-09-2025;23:50:00;2,3; m/s
20-09-2025;00:00:00;1,6; m/s
20-09-2025;00:10:00;1,4; m/s
20-09-2025;00:20:00;1,3; m/s
20-09-2025;00:30:00;1,8; m/s
20-09-2025;00:40:00;2,6; m/s
20-09-2025;00:50:00;3,4; m/s
20-09-2025;01:00:00;3,4; m/s
20-09-2025;01:10:00;3,3; m/s
20-09-2025;01:20:00;4,2; m/s
20-09-2025;01:30:00;4,1; m/s
20-09-2025;01:40:00;3,9; m/s
20-09-2025;01:50:00;4,2; m/s
20-09-2025;02:00:00;4,7; m/s
20-09-2025;02:10:00;3,3; m/s
20-09-2025;02:20:00;3,3; m/s
20-09-2025;02:30:00;4,1; m/s
20-09-2025;02:40:00;4,5; m/s
20-09-2025;02:50:00;3,3; m/s
20-09-2025;03:00:00;2,9; m/s
20-09-2025;03:10:00;1,9; m/s
20-09-2025;03:20:00;2,5; m/s
20-09-2025;03:30:00;2,1; m/s
20-09-2025;03:40:00;1,4; m/s
20-09-2025;03:50:00;3,1; m/s
20-09-2025;04:00:00;2,9; m/s
20-09-2025;04:10:00;3,6; m/s
20-09-2025;04:20:00;3,3; m/s
20-09-2025;04:30:00;3,5; m/s
20-09-2025;04:40:00;3,7; m/s
20-09-2025;04:50:00;2,3; m/s
20-09-2025;05:00:00;1,6; m/s
20-09-2025;05:10:00;2; m/s
20-09-2025;05:20:00;1,9; m/s
20-09-2025;05:30:00;1,9; m/s
20-09-2025;05:40:00;1,5; m/s
20-09-2025;05:50:00;1,7; m/s
20-09-2025;06:00:00;2; m/s
20-09-2025;06:10:00;2,6; m/s
20-09-2025;06:20:00;2,4; m/s
20-09-2025;06:30:00;1,5; m/s
20-09-2025;06:40:00;0,5; m/s
20-09-2025;06:50:00;0,8; m/s
20-09-2025;07:00:00;0,5; m/s
20-09-2025;07:10:00;1,1; m/s
20-09-2025;07:20:00;0,9; m/s
20-09-2025;07:30:00;1,2; m/s
20-09-2025;07:40:00;0,6; m/s
20-09-2025;07:50:00;0,7; m/s
20-09-2025;08:00:00;0,8; m/s
20-09-2025;08:10:00;1,4; m/s
20-09-2025;08:20:00;1,9; m/s
20-09-2025;08:30:00;1,3; m/s
20-09-2025;08:40:00;1,3; m/s
20-09-2025;08:50:00;1,6; m/s
20-09-2025;09:00:00;1,4; m/s
20-09-2025;09:10:00;1,4; m/s
20-09-2025;09:20:00;1,3; m/s
20-09-2025;09:30:00;1,3; m/s
20-09-2025;09:40:00;1,7; m/s
20-09-2025;09:50:00;1,7; m/s
20-09-2025;10:00:00;2,2; m/s
20-09-2025;10:10:00;1,9; m/s
20-09-2025;10:20:00;1,5; m/s
20-09-2025;10:30:00;1,7; m/s
20-09-2025;10:40:00;1,1; m/s
20-09-2025;10:50:00;1,2; m/s
20-09-2025;11:00:00;1,6; m/s
20-09-2025;11:10:00;1,9; m/s
20-09-2025;11:20:00;2,2; m/s
20-09-2025;11:30:00;1,7; m/s
20-09-2025;11:40:00;2; m/s
20-09-2025;11:50:00;1,9; m/s
20-09-2025;12:00:00;1,9; m/s
20-09-2025;12:10:00;2; m/s
20-09-2025;12:20:00;1,9; m/s
20-09-2025;12:30:00;1,8; m/s
20-09-2025;12:40:00;1,7; m/s
20-09-2025;12:50:00;2,3; m/s
20-09-2025;13:00:00;2,3; m/s
20-09-2025;13:10:00;2,4; m/s
20-09-2025;13:20:00;2,3; m/s
20-09-2025;13:30:00;2,8; m/s
20-09-2025;13:40:00;3,3; m/s
20-09-2025;13:50:00;2,8; m/s
20-09-2025;14:00:00;3,3; m/s
20-09-2025;14:10:00;3,3; m/s
20-09-2025;14:20:00;3,3; m/s
20-09-2025;14:30:00;2,9; m/s
20-09-2025;14:40:00;2,6; m/s
20-09-2025;14:50:00;3; m/s
20-09-2025;15:00:00;3,2; m/s
20-09-2025;15:10:00;2,6; m/s
20-09-2025;15:20:00;2,5; m/s
20-09-2025;15:30:00;2,5; m/s
20-09-2025;15:40:00;2,8; m/s
20-09-2025;15:50:00;3,3; m/s
20-09-2025;16:00:00;3,1; m/s
20-09-2025;16:10:00;2,7; m/s
20-09-2025;16:20:00;3,1; m/s
20-09-2025;16:30:00;2,7; m/s
20-09-2025;16:40:00;2,7; m/s
20-09-2025;16:50:00;2,7; m/s
20-09-2025;17:00:00;2,3; m/s
20-09-2025;17:10:00;2; m/s
20-09-2025;17:20:00;1,8; m/s
20-09-2025;17:30:00;2,2; m/s
20-09-2025;17:40:00;1,9; m/s
20-09-2025;17:50:00;1,4; m/s
20-09-2025;18:00:00;2,3; m/s
20-09-2025;18:10:00;1,8; m/s
20-09-2025;18:20:00;1,7; m/s
20-09-2025;18:30:00;1,7; m/s
20-09-2025;18:40:00;0,7; m/s
20-09-2025;18:50:00;1,4; m/s
20-09-2025;19:00:00;2,5; m/s
20-09-2025;19:10:00;2,5; m/s
20-09-2025;19:20:00;3,4; m/s
20-09-2025;19:30:00;3,5; m/s
20-09-2025;19:40:00;2,5; m/s
20-09-2025;19:50:00;3; m/s
20-09-2025;20:00:00;2,8; m/s
20-09-2025;20:10:00;2,9; m/s
20-09-2025;20:20:00;3; m/s
20-09-2025;20:30:00;2,1; m/s
20-09-2025;20:40:00;1,7; m/s
20-09-2025;20:50:00;1,6; m/s
20-09-2025;21:00:00;1,7; m/s
20-09-2025;21:10:00;2,1; m/s
20-09-2025;21:20:00;1,8; m/s
20-09-2025;21:30:00;2; m/s
20-09-2025;21:40:00;1,5; m/s
20-09-2025;21:50:00;1,7; m/s
20-09-2025;22:00:00;2,2; m/s
20-09-2025;22:10:00;1,6; m/s
20-09-2025;22:20:00;2,2; m/s
20-09-2025;22:30:00;2,4; m/s
20-09-2025;22:40:00;2,2; m/s
20-09-2025;22:50:00;2; m/s
20-09-2025;23:00:00;1,7; m/s
20-09-2025;23:10:00;2; m/s
20-09-2025;23:20:00;2,1; m/s
20-09-2025;23:30:00;2,1; m/s
20-09-2025;23:40:00;2,2; m/s
20-09-2025;23:50:00;2,3; m/s
21-09-2025;00:00:00;2,2; m/s
21-09-2025;00:10:00;2,1; m/s
21-09-2025;00:20:00;2,1; m/s
21-09-2025;00:30:00;2,1; m/s
21-09-2025;00:40:00;2; m/s
21-09-2025;00:50:00;2,3; m/s
21-09-2025;01:00:00;2,5; m/s
21-09-2025;01:10:00;2,2; m/s
21-09-2025;01:20:00;2,1; m/s
21-09-2025;01:30:00;1,5; m/s
21-09-2025;01:40:00;1,6; m/s
21-09-2025;01:50:00;1,9; m/s
21-09-2025;02:00:00;1,3; m/s
21-09-2025;02:10:00;1,6; m/s
21-09-2025;02:20:00;2; m/s
21-09-2025;02:30:00;2,1; m/s
21-09-2025;02:40:00;2; m/s
21-09-2025;02:50:00;2,2; m/s
21-09-2025;03:00:00;2,3; m/s
21-09-2025;03:10:00;2,2; m/s
21-09-2025;03:20:00;2,3; m/s
21-09-2025;03:30:00;2,3; m/s
21-09-2025;03:40:00;1,8; m/s
21-09-2025;03:50:00;2; m/s
21-09-2025;04:00:00;2; m/s
21-09-2025;04:10:00;2,3; m/s
21-09-2025;04:20:00;2,6; m/s
21-09-2025;04:30:00;3; m/s
21-09-2025;04:40:00;2,9; m/s
21-09-2025;04:50:00;1,7; m/s
21-09-2025;05:00:00;1,7; m/s
21-09-2025;05:10:00;1,3; m/s
21-09-2025;05:20:00;1,7; m/s
21-09-2025;05:30:00;2,3; m/s
21-09-2025;05:40:00;1,8; m/s
21-09-2025;05:50:00;1,2; m/s
21-09-2025;06:00:00;2,3; m/s
21-09-2025;06:10:00;2,4; m/s
21-09-2025;06:20:00;2,5; m/s
21-09-2025;06:30:00;2,2; m/s
21-09-2025;06:40:00;2,4; m/s
21-09-2025;06:50:00;2,6; m/s
21-09-2025;07:00:00;2,4; m/s
21-09-2025;07:10:00;2,4; m/s
21-09-2025;07:20:00;2,4; m/s
21-09-2025;07:30:00;2,4; m/s
21-09-2025;07:40:00;2,6; m/s
21-09-2025;07:50:00;0,8; m/s
21-09-2025;08:00:00;2,5; m/s
21-09-2025;08:10:00;2,7; m/s
21-09-2025;08:20:00;3; m/s
21-09-2025;08:30:00;2,9; m/s
21-09-2025;08:40:00;2,6; m/s
21-09-2025;08:50:00;2,4; m/s
21-09-2025;09:00:00;2,2; m/s
21-09-2025;09:10:00;2,2; m/s
21-09-2025;09:20:00;2,3; m/s
21-09-2025;09:30:00;2,6; m/s
21-09-2025;09:40:00;2,6; m/s
21-09-2025;09:50:00;2,3; m/s
21-09-2025;10:00:00;2,2; m/s
21-09-2025;10:10:00;2,2; m/s
21-09-2025;10:20:00;2,3; m/s
21-09-2025;10:30:00;2,2; m/s
21-09-2025;10:40:00;2,1; m/s
21-09-2025;10:50:00;2,1; m/s
21-09-2025;11:00:00;2,2; m/s
21-09-2025;11:10:00;2,2; m/s
21-09-2025;11:20:00;2,3; m/s
21-09-2025;11:30:00;2,1; m/s
21-09-2025;11:40:00;1,9; m/s
21-09-2025;11:50:00;2,1; m/s
21-09-2025;12:00:00;2; m/s
21-09-2025;12:10:00;2; m/s
21-09-2025;12:20:00;2,2; m/s
21-09-2025;12:30:00;2,3; m/s
21-09-2025;12:40:00;2,1; m/s
21-09-2025;12:50:00;2; m/s
21-09-2025;13:00:00;2,3; m/s
21-09-2025;13:10:00;2,5; m/s
21-09-2025;13:20:00;2,5; m/s
21-09-2025;13:30:00;2,5; m/s
21-09-2025;13:40:00;2,5; m/s
21-09-2025;13:50:00;2,6; m/s
21-09-2025;14:00:00;2,4; m/s
21-09-2025;14:10:00;2,3; m/s
21-09-2025;14:20:00;2,5; m/s
21-09-2025;14:30:00;2,5; m/s
21-09-2025;14:40:00;2,8; m/s
21-09-2025;14:50:00;2,9; m/s
21-09-2025;15:00:00;3; m/s
21-09-2025;15:10:00;3,3; m/s
21-09-2025;15:20:00;3,1; m/s
21-09-2025;15:30:00;2,9; m/s
21-09-2025;15:40:00;2,9; m/s
21-09-2025;15:50:00;2,5; m/s
21-09-2025;16:00:00;2,4; m/s
21-09-2025;16:10:00;2,7; m/s
21-09-2025;16:20:00;2,7; m/s
21-09-2025;16:30:00;2,6; m/s
21-09-2025;16:40:00;2,9; m/s
21-09-2025;16:50:00;2,9; m/s
21-09-2025;17:00:00;3,5; m/s
21-09-2025;17:10:00;2,9; m/s
21-09-2025;17:20:00;2,5; m/s
21-09-2025;17:30:00;2,8; m/s
21-09-2025;17:40:00;3,5; m/s
21-09-2025;17:50:00;4,4; m/s
21-09-2025;18:00:00;4,1; m/s
21-09-2025;18:10:00;4,5; m/s
21-09-2025;18:20:00;4,5; m/s
21-09-2025;18:30:00;4,5; m/s
21-09-2025;18:40:00;4,9; m/s
21-09-2025;18:50:00;4,4; m/s
21-09-2025;19:00:00;4,7; m/s
21-09-2025;19:10:00;4; m/s
21-09-2025;19:20:00;3,8; m/s
21-09-2025;19:30:00;2,6; m/s
21-09-2025;19:40:00;2,8; m/s
21-09-2025;19:50:00;3,1; m/s
21-09-2025;20:00:00;2,9; m/s
21-09-2025;20:10:00;3,1; m/s
21-09-2025;20:20:00;2,9; m/s
21-09-2025;20:30:00;2,6; m/s
21-09-2025;20:40:00;2,7; m/s
21-09-2025;20:50:00;2,9; m/s
21-09-2025;21:00:00;2,8; m/s
21-09-2025;21:10:00;2,9; m/s
21-09-2025;21:20:00;2,8; m/s
21-09-2025;21:30:00;2,6; m/s
21-09-2025;21:40:00;2,2; m/s
21-09-2025;21:50:00;2,2; m/s
21-09-2025;22:00:00;2,1; m/s
21-09-2025;22:10:00;1,6; m/s
21-09-2025;22:20:00;1,5; m/s
21-09-2025;22:30:00;2; m/s
21-09-2025;22:40:00;1,5; m/s
21-09-2025;22:50:00;1,7; m/s
21-09-2025;23:00:00;2,4; m/s
21-09-2025;23:10:00;2,2; m/s
21-09-2025;23:20:00;2; m/s
21-09-2025;23:30:00;2,1; m/s
21-09-2025;23:40:00;2,6; m/s
21-09-2025;23:50:00;2,3; m/s
22-09-2025;00:00:00;1,5; m/s
22-09-2025;00:10:00;1,4; m/s
22-09-2025;00:20:00;1,2; m/s
22-09-2025;00:30:00;1,5; m/s
22-09-2025;00:40:00;1,7; m/s
22-09-2025;00:50:00;1,2; m/s
22-09-2025;01:00:00;2,2; m/s
22-09-2025;01:10:00;1,9; m/s
22-09-2025;01:20:00;2; m/s
22-09-2025;01:30:00;1,8; m/s
22-09-2025;01:40:00;1,8; m/s
22-09-2025;01:50:00;2,2; m/s
22-09-2025;02:00:00;2,4; m/s
22-09-2025;02:10:00;4; m/s
22-09-2025;02:20:00;3,7; m/s
22-09-2025;02:30:00;2,6; m/s
22-09-2025;02:40:00;2,3; m/s
22-09-2025;02:50:00;2,1; m/s
22-09-2025;03:00:00;2,8; m/s
22-09-2025;03:10:00;2,3; m/s
22-09-2025;03:20:00;2,6; m/s
22-09-2025;03:30:00;2,8; m/s
22-09-2025;03:40:00;2,6; m/s
22-09-2025;03:50:00;2,6; m/s
22-09-2025;04:00:00;2,9; m/s
22-09-2025;04:10:00;2,2; m/s
22-09-2025;04:20:00;1,9; m/s
22-09-2025;04:30:00;2,6; m/s
22-09-2025;04:40:00;2,5; m/s
22-09-2025;04:50:00;2,3; m/s
22-09-2025;05:00:00;2,4; m/s
22-09-2025;05:10:00;2,3; m/s
22-09-2025;05:20:00;1,9; m/s
22-09-2025;05:30:00;2,2; m/s
22-09-2025;05:40:00;2,5; m/s
22-09-2025;05:50:00;2,6; m/s
22-09-2025;06:00:00;3; m/s
22-09-2025;06:10:00;2,9; m/s
22-09-2025;06:20:00;2,5; m/s
22-09-2025;06:30:00;2,4; m/s
22-09-2025;06:40:00;2,8; m/s
22-09-2025;06:50:00;1,9; m/s
22-09-2025;07:00:00;1,7; m/s
22-09-2025;07:10:00;1,7; m/s
22-09-2025;07:20:00;2; m/s
22-09-2025;07:30:00;1,8; m/s
22-09-2025;07:40:00;2,1; m/s
22-09-2025;07:50:00;1,9; m/s
22-09-2025;08:00:00;2,2; m/s
22-09-2025;08:10:00;2,9; m/s
22-09-2025;08:20:00;2,8; m/s
22-09-2025;08:30:00;1,8; m/s
22-09-2025;08:40:00;2,3; m/s
22-09-2025;08:50:00;1,9; m/s
22-09-2025;09:00:00;2,4; m/s
22-09-2025;09:10:00;2,7; m/s
22-09-2025;09:20:00;2,8; m/s
22-09-2025;09:30:00;3,2; m/s
22-09-2025;09:40:00;2,5; m/s
22-09-2025;09:50:00;2,5; m/s
22-09-2025;10:00:00;2,6; m/s
22-09-2025;10:10:00;2,5; m/s
22-09-2025;10:20:00;2,7; m/s
22-09-2025;10:30:00;2,8; m/s
22-09-2025;10:40:00;2,6; m/s
22-09-2025;10:50:00;2,6; m/s
22-09-2025;11:00:00;2,5; m/s
22-09-2025;11:10:00;2,6; m/s
22-09-2025;11:20:00;2,4; m/s
22-09-2025;11:30:00;1,4; m/s
22-09-2025;11:40:00;2,1; m/s
22-09-2025;11:50:00;2,2; m/s
22-09-2025;12:00:00;2,1; m/s
22-09-2025;12:10:00;2,3; m/s
22-09-2025;12:20:00;2,1; m/s
22-09-2025;12:30:00;2,1; m/s
22-09-2025;12:40:00;2,4; m/s
22-09-2025;12:50:00;2,3; m/s
22-09-2025;13:00:00;2,5; m/s
22-09-2025;13:10:00;2,3; m/s
22-09-2025;13:20:00;2,2; m/s
22-09-2025;13:30:00;2,4; m/s
22-09-2025;13:40:00;2,4; m/s
22-09-2025;13:50:00;2,4; m/s
22-09-2025;14:00:00;2,4; m/s
22-09-2025;14:10:00;2,6; m/s
22-09-2025;14:20:00;2,3; m/s
22-09-2025;14:30:00;2,5; m/s
22-09-2025;14:40:00;2,5; m/s
22-09-2025;14:50:00;2,3; m/s
22-09-2025;15:00:00;2,3; m/s
22-09-2025;15:10:00;2,7; m/s
22-09-2025;15:20:00;2,2; m/s
22-09-2025;15:30:00;2,4; m/s
22-09-2025;15:40:00;2,3; m/s
22-09-2025;15:50:00;2,4; m/s
22-09-2025;16:00:00;2,4; m/s
22-09-2025;16:10:00;3,6; m/s
22-09-2025;16:20:00;3; m/s
22-09-2025;16:30:00;3,1; m/s
22-09-2025;16:40:00;3,6; m/s
22-09-2025;16:50:00;2,7; m/s
22-09-2025;17:00:00;3,4; m/s
22-09-2025;17:10:00;3,9; m/s
22-09-2025;17:20:00;3,2; m/s
22-09-2025;17:30:00;2,9; m/s
22-09-2025;17:40:00;2; m/s
22-09-2025;17:50:00;2,6; m/s
22-09-2025;18:00:00;2,4; m/s
22-09-2025;18:10:00;2,6; m/s
22-09-2025;18:20:00;2,7; m/s
22-09-2025;18:30:00;2,2; m/s
22-09-2025;18:40:00;2; m/s
22-09-2025;18:50:00;2; m/s
22-09-2025;19:00:00;1,6; m/s
22-09-2025;19:10:00;1,1; m/s
22-09-2025;19:20:00;1,2; m/s
22-09-2025;19:30:00;1,4; m/s
22-09-2025;19:40:00;2,1; m/s
22-09-2025;19:50:00;1,1; m/s
22-09-2025;20:00:00;0,4; m/s
22-09-2025;20:10:00;1; m/s
22-09-2025;20:20:00;1,7; m/s
22-09-2025;20:30:00;1,2; m/s
22-09-2025;20:40:00;1,8; m/s
22-09-2025;20:50:00;1,8; m/s
22-09-2025;21:00:00;2; m/s
22-09-2025;21:10:00;1,2; m/s
22-09-2025;21:20:00;0,9; m/s
22-09-2025;21:30:00;0,9; m/s
22-09-2025;21:40:00;1,4; m/s
22-09-2025;21:50:00;1,6; m/s
22-09-2025;22:00:00;2; m/s
22-09-2025;22:10:00;1,5; m/s
22-09-2025;22:20:00;1,5; m/s
22-09-2025;22:30:00;1,5; m/s
22-09-2025;22:40:00;0,6; m/s
22-09-2025;22:50:00;1,4; m/s
22-09-2025;23:00:00;1,3; m/s
22-09-2025;23:10:00;1,5; m/s
22-09-2025;23:20:00;1,8; m/s
22-09-2025;23:30:00;1,6; m/s
22-09-2025;23:40:00;1,1; m/s
22-09-2025;23:50:00;1,2; m/s
23-09-2025;00:00:00;1,7; m/s
23-09-2025;00:10:00;2,3; m/s
23-09-2025;00:20:00;1,6; m/s
23-09-2025;00:30:00;1,4; m/s
23-09-2025;00:40:00;1,6; m/s
23-09-2025;00:50:00;1,5; m/s
23-09-2025;01:00:00;1,4; m/s
23-09-2025;01:10:00;1,3; m/s
23-09-2025;01:20:00;1,3; m/s
23-09-2025;01:30:00;1,3; m/s
23-09-2025;01:40:00;2,6; m/s
23-09-2025;01:50:00;1,8; m/s
23-09-2025;02:00:00;1,4; m/s
23-09-2025;02:10:00;1,6; m/s
23-09-2025;02:20:00;2; m/s
23-09-2025;02:30:00;2; m/s
23-09-2025;02:40:00;2; m/s
23-09-2025;02:50:00;1,7; m/s
23-09-2025;03:00:00;1,8; m/s
23-09-2025;03:10:00;1,7; m/s
23-09-2025;03:20:00;2,2; m/s
23-09-2025;03:30:00;2,5; m/s
23-09-2025;03:40:00;2,4; m/s
23-09-2025;03:50:00;2,4; m/s
23-09-2025;04:00:00;2,1; m/s
23-09-2025;04:10:00;2,5; m/s
23-09-2025;04:20:00;2,2; m/s
23-09-2025;04:30:00;2,3; m/s
23-09-2025;04:40:00;2,2; m/s
23-09-2025;04:50:00;2,2; m/s
23-09-2025;05:00:00;2,6; m/s
23-09-2025;05:10:00;2,3; m/s
23-09-2025;05:20:00;2,3; m/s
23-09-2025;05:30:00;2,6; m/s
23-09-2025;05:40:00;2,5; m/s
23-09-2025;05:50:00;2,5; m/s
23-09-2025;06:00:00;2,6; m/s
23-09-2025;06:10:00;2,2; m/s
23-09-2025;06:20:00;2,7; m/s
23-09-2025;06:30:00;2,3; m/s
23-09-2025;06:40:00;2; m/s
23-09-2025;06:50:00;2,4; m/s
23-09-2025;07:00:00;2,2; m/s
23-09-2025;07:10:00;2,1; m/s
23-09-2025;07:20:00;2,2; m/s
23-09-2025;07:30:00;2,3; m/s
23-09-2025;07:40:00;2,8; m/s
23-09-2025;07:50:00;2,5; m/s
23-09-2025;08:00:00;2,4; m/s
23-09-2025;08:10:00;2,6; m/s
23-09-2025;08:20:00;3,2; m/s
23-09-2025;08:30:00;3,3; m/s
23-09-2025;08:40:00;1,8; m/s
23-09-2025;08:50:00;4,1; m/s
23-09-2025;09:00:00;8,7; m/s
23-09-2025;09:10:00;11,6; m/s
23-09-2025;09:20:00;5,3; m/s
23-09-2025;09:30:00;4,5; m/s
23-09-2025;09:40:00;4,2; m/s
23-09-2025;09:50:00;4; m/s
23-09-2025;10:00:00;3,5; m/s
23-09-2025;10:10:00;3; m/s
23-09-2025;10:20:00;3,5; m/s
23-09-2025;10:30:00;3,9; m/s
23-09-2025;10:40:00;3,7; m/s
23-09-2025;10:50:00;4,2; m/s
23-09-2025;11:00:00;3,5; m/s
23-09-2025;11:10:00;3,3; m/s
23-09-2025;11:20:00;3,2; m/s
23-09-2025;11:30:00;3,3; m/s
23-09-2025;11:40:00;2,3; m/s
23-09-2025;11:50:00;2,6; m/s
23-09-2025;12:00:00;3,6; m/s
23-09-2025;12:10:00;3,3; m/s
23-09-2025;12:20:00;2,5; m/s
23-09-2025;12:30:00;2,4; m/s
23-09-2025;12:40:00;3; m/s
23-09-2025;12:50:00;3,2; m/s
23-09-2025;13:00:00;2,9; m/s
23-09-2025;13:10:00;3,9; m/s
23-09-2025;13:20:00;3,6; m/s
23-09-2025;13:30:00;3,1; m/s
23-09-2025;13:40:00;2,5; m/s
23-09-2025;13:50:00;2,6; m/s
23-09-2025;14:00:00;2,7; m/s
23-09-2025;14:10:00;2,2; m/s
23-09-2025;14:20:00;2,1; m/s
23-09-2025;14:30:00;2,4; m/s
23-09-2025;14:40:00;2,9; m/s
23-09-2025;14:50:00;2,3; m/s
23-09-2025;15:00:00;2,7; m/s
23-09-2025;15:10:00;3; m/s
23-09-2025;15:20:00;2,6; m/s
23-09-2025;15:30:00;2,3; m/s
23-09-2025;15:40:00;2,4; m/s
23-09-2025;15:50:00;1,8; m/s
23-09-2025;16:00:00;2,1; m/s
23-09-2025;16:10:00;2,1; m/s
23-09-2025;16:20:00;1,9; m/s
23-09-2025;16:30:00;2,2; m/s
23-09-2025;16:40:00;2,6; m/s
23-09-2025;16:50:00;2,7; m/s
23-09-2025;17:00:00;2,5; m/s
23-09-2025;17:10:00;2,1; m/s
23-09-2025;17:20:00;2,1; m/s
23-09-2025;17:30:00;2,5; m/s
23-09-2025;17:40:00;2,3; m/s
23-09-2025;17:50:00;2,4; m/s
23-09-2025;18:00:00;2,6; m/s
23-09-2025;18:10:00;2,3; m/s
23-09-2025;18:20:00;1,8; m/s
23-09-2025;18:30:00;2; m/s
23-09-2025;18:40:00;1,7; m/s
23-09-2025;18:50:00;2; m/s
23-09-2025;19:00:00;2; m/s
23-09-2025;19:10:00;1,4; m/s
23-09-2025;19:20:00;1,7; m/s
23-09-2025;19:30:00;1,9; m/s
23-09-2025;19:40:00;1,8; m/s
23-09-2025;19:50:00;2,2; m/s
23-09-2025;20:00:00;1,7; m/s
23-09-2025;20:10:00;1,8; m/s
23-09-2025;20:20:00;1,5; m/s
23-09-2025;20:30:00;1,2; m/s
23-09-2025;20:40:00;1,6; m/s
23-09-2025;20:50:00;1,8; m/s
23-09-2025;21:00:00;2,1; m/s
23-09-2025;21:10:00;1,6; m/s
23-09-2025;21:20:00;2; m/s
23-09-2025;21:30:00;1; m/s
23-09-2025;21:40:00;1,7; m/s
23-09-2025;21:50:00;1,4; m/s
23-09-2025;22:00:00;1,6; m/s
23-09-2025;22:10:00;1,9; m/s
23-09-2025;22:20:00;4; m/s
23-09-2025;22:30:00;4,8; m/s
23-09-2025;22:40:00;3,8; m/s
23-09-2025;22:50:00;4,6; m/s
23-09-2025;23:00:00;4,6; m/s
23-09-2025;23:10:00;4,7; m/s
23-09-2025;23:20:00;4,4; m/s
23-09-2025;23:30:00;3,6; m/s
23-09-2025;23:40:00;2,4; m/s
23-09-2025;23:50:00;2,8; m/s
24-09-2025;00:00:00;2,4; m/s
24-09-2025;00:10:00;3; m/s
24-09-2025;00:20:00;3,4; m/s
24-09-2025;00:30:00;3,7; m/s
24-09-2025;00:40:00;4; m/s
24-09-2025;00:50:00;3,9; m/s
24-09-2025;01:00:00;4; m/s
24-09-2025;01:10:00;3,6; m/s
24-09-2025;01:20:00;3,1; m/s
24-09-2025;01:30:00;2,7; m/s
24-09-2025;01:40:00;2,8; m/s
24-09-2025;01:50:00;3,2; m/s
24-09-2025;02:00:00;3,5; m/s
24-09-2025;02:10:00;3,3; m/s
24-09-2025;02:20:00;2,8; m/s
24-09-2025;02:30:00;3; m/s
24-09-2025;02:40:00;3; m/s
24-09-2025;02:50:00;3,2; m/s
24-09-2025;03:00:00;2,9; m/s
24-09-2025;03:10:00;3; m/s
24-09-2025;03:20:00;3,1; m/s
24-09-2025;03:30:00;4; m/s
24-09-2025;03:40:00;4; m/s
24-09-2025;03:50:00;4; m/s
24-09-2025;04:00:00;3,7; m/s
24-09-2025;04:10:00;4,1; m/s
24-09-2025;04:20:00;3,9; m/s
24-09-2025;04:30:00;3,5; m/s
24-09-2025;04:40:00;3,3; m/s
24-09-2025;04:50:00;3,8; m/s
24-09-2025;05:00:00;4,2; m/s
24-09-2025;05:10:00;4,6; m/s
24-09-2025;05:20:00;4,4; m/s
24-09-2025;05:30:00;5; m/s
24-09-2025;05:40:00;4,9; m/s
24-09-2025;05:50:00;4,2; m/s
24-09-2025;06:00:00;4,7; m/s
24-09-2025;06:10:00;3,8; m/s
24-09-2025;06:20:00;2,7; m/s
24-09-2025;06:30:00;2,8; m/s
24-09-2025;06:40:00;2,3; m/s
24-09-2025;06:50:00;2,5; m/s
24-09-2025;07:00:00;3,1; m/s
24-09-2025;07:10:00;3,1; m/s
24-09-2025;07:20:00;3,6; m/s
24-09-2025;07:30:00;3,4; m/s
24-09-2025;07:40:00;2,8; m/s
24-09-2025;07:50:00;2,7; m/s
24-09-2025;08:00:00;2,3; m/s
24-09-2025;08:10:00;2,4; m/s
24-09-2025;08:20:00;2,8; m/s
24-09-2025;08:30:00;3; m/s
24-09-2025;08:40:00;3,1; m/s
24-09-2025;08:50:00;2,7; m/s
24-09-2025;09:00:00;2,8; m/s
24-09-2025;09:10:00;2,9; m/s
24-09-2025;09:20:00;2,8; m/s
24-09-2025;09:30:00;3; m/s
24-09-2025;09:40:00;3,5; m/s
24-09-2025;09:50:00;3,5; m/s
24-09-2025;10:00:00;3; m/s
24-09-2025;10:10:00;3,4; m/s
24-09-2025;10:20:00;3,4; m/s
24-09-2025;10:30:00;3,1; m/s
24-09-2025;10:40:00;2,3; m/s
24-09-2025;10:50:00;2,2; m/s
24-09-2025;11:00:00;3,1; m/s
24-09-2025;11:10:00;2,5; m/s
24-09-2025;11:20:00;3,2; m/s
24-09-2025;11:30:00;3,1; m/s
24-09-2025;11:40:00;2,9; m/s
24-09-2025;11:50:00;3,4; m/s
24-09-2025;12:00:00;3,2; m/s
24-09-2025;12:10:00;3,5; m/s
24-09-2025;12:20:00;2,9; m/s
24-09-2025;12:30:00;3,4; m/s
24-09-2025;12:40:00;4,3; m/s
24-09-2025;12:50:00;4,2; m/s
24-09-2025;13:00:00;3; m/s
24-09-2025;13:10:00;3,2; m/s
24-09-2025;13:20:00;3,5; m/s
24-09-2025;13:30:00;3,5; m/s
24-09-2025;13:40:00;1,6; m/s
24-09-2025;13:50:00;2,8; m/s
24-09-2025;14:00:00;2,1; m/s
24-09-2025;14:10:00;2,7; m/s
24-09-2025;14:20:00;2; m/s
24-09-2025;14:30:00;2,2; m/s
24-09-2025;14:40:00;2; m/s
24-09-2025;14:50:00;1,9; m/s
24-09-2025;15:00:00;1,9; m/s
24-09-2025;15:10:00;2,7; m/s
24-09-2025;15:20:00;3,1; m/s
24-09-2025;15:30:00;3,8; m/s
24-09-2025;15:40:00;2,2; m/s
24-09-2025;15:50:00;2,4; m/s
24-09-2025;16:00:00;2,5; m/s
24-09-2025;16:10:00;2,5; m/s
24-09-2025;16:20:00;1,7; m/s
24-09-2025;16:30:00;1,1; m/s
24-09-2025;16:40:00;1,7; m/s
24-09-2025;16:50:00;1,7; m/s
24-09-2025;17:00:00;1,4; m/s
24-09-2025;17:10:00;1,6; m/s
24-09-2025;17:20:00;1,4; m/s
24-09-2025;17:30:00;1,7; m/s
24-09-2025;17:40:00;1,3; m/s
24-09-2025;17:50:00;1,8; m/s
24-09-2025;18:00:00;1,9; m/s
24-09-2025;18:10:00;1,7; m/s
24-09-2025;18:20:00;1,5; m/s
24-09-2025;18:30:00;1,9; m/s
24-09-2025;18:40:00;2,4; m/s
24-09-2025;18:50:00;1,3; m/s
24-09-2025;19:00:00;2,1; m/s
24-09-2025;19:10:00;2,7; m/s
24-09-2025;19:20:00;3,3; m/s
24-09-2025;19:30:00;3,2; m/s
24-09-2025;19:40:00;3; m/s
24-09-2025;19:50:00;3,2; m/s
24-09-2025;20:00:00;3,3; m/s
24-09-2025;20:10:00;3,5; m/s
24-09-2025;20:20:00;4; m/s
24-09-2025;20:30:00;3; m/s
24-09-2025;20:40:00;4,3; m/s
24-09-2025;20:50:00;6,2; m/s
24-09-2025;21:00:00;6,7; m/s
24-09-2025;21:10:00;7,1; m/s
24-09-2025;21:20:00;8,5; m/s
24-09-2025;21:30:00;9,4; m/s
24-09-2025;21:40:00;9,5; m/s
24-09-2025;21:50:00;8,2; m/s
24-09-2025;22:00:00;7,5; m/s
24-09-2025;22:10:00;7,1; m/s
24-09-2025;22:20:00;5,9; m/s
24-09-2025;22:30:00;5,2; m/s
24-09-2025;22:40:00;5,1; m/s
24-09-2025;22:50:00;4,8; m/s
24-09-2025;23:00:00;4,1; m/s
24-09-2025;23:10:00;5,2; m/s
24-09-2025;23:20:00;3,1; m/s
24-09-2025;23:30:00;4,3; m/s
24-09-2025;23:40:00;7,4; m/s
24-09-2025;23:50:00;8,7; m/s
25-09-2025;00:00:00;6,6; m/s
25-09-2025;00:10:00;6,3; m/s
25-09-2025;00:20:00;5,2; m/s
25-09-2025;00:30:00;9; m/s
25-09-2025;00:40:00;5,3; m/s
25-09-2025;00:50:00;5,8; m/s
25-09-2025;01:00:00;7,1; m/s
25-09-2025;01:10:00;4,7; m/s
25-09-2025;01:20:00;6,5; m/s
25-09-2025;01:30:00;6; m/s
25-09-2025;01:40:00;3,3; m/s
25-09-2025;01:50:00;5,6; m/s
25-09-2025;02:00:00;4,8; m/s
25-09-2025;02:10:00;4,3; m/s
25-09-2025;02:20:00;6,5; m/s
25-09-2025;02:30:00;6; m/s
25-09-2025;02:40:00;5,3; m/s
25-09-2025;02:50:00;6; m/s
25-09-2025;03:00:00;4,8; m/s
25-09-2025;03:10:00;5,4; m/s
25-09-2025;03:20:00;5,2; m/s
25-09-2025;03:30:00;5,3; m/s
25-09-2025;03:40:00;3,9; m/s
25-09-2025;03:50:00;4,1; m/s
25-09-2025;04:00:00;3,6; m/s
25-09-2025;04:10:00;6; m/s
25-09-2025;04:20:00;4; m/s
25-09-2025;04:30:00;4,7; m/s
25-09-2025;04:40:00;4,2; m/s
25-09-2025;04:50:00;3,7; m/s
25-09-2025;05:00:00;4,2; m/s
25-09-2025;05:10:00;4,2; m/s
25-09-2025;05:20:00;4,7; m/s
25-09-2025;05:30:00;4,2; m/s
25-09-2025;05:40:00;4,2; m/s
25-09-2025;05:50:00;4; m/s
25-09-2025;06:00:00;4,2; m/s
25-09-2025;06:10:00;4,4; m/s
25-09-2025;06:20:00;4,1; m/s
25-09-2025;06:30:00;3,7; m/s
25-09-2025;06:40:00;3,6; m/s
25-09-2025;06:50:00;2,9; m/s
25-09-2025;07:00:00;3,2; m/s
25-09-2025;07:10:00;3,5; m/s
25-09-2025;07:20:00;2,8; m/s
25-09-2025;07:30:00;2,7; m/s
25-09-2025;07:40:00;2,6; m/s
25-09-2025;07:50:00;2,2; m/s
25-09-2025;08:00:00;2,5; m/s
25-09-2025;08:10:00;1,9; m/s
25-09-2025;08:20:00;2,3; m/s
25-09-2025;08:30:00;2; m/s
25-09-2025;08:40:00;1,4; m/s
25-09-2025;08:50:00;2; m/s
25-09-2025;09:00:00;1,4; m/s
25-09-2025;09:10:00;1,5; m/s
25-09-2025;09:20:00;1,2; m/s
25-09-2025;09:30:00;1,2; m/s
25-09-2025;09:40:00;1,1; m/s
25-09-2025;09:50:00;1,4; m/s
25-09-2025;10:00:00;1,3; m/s
25-09-2025;10:10:00;1,5; m/s
25-09-2025;10:20:00;2,1; m/s
25-09-2025;10:30:00;1,8; m/s
25-09-2025;10:40:00;2,3; m/s
25-09-2025;10:50:00;1,8; m/s
25-09-2025;11:00:00;1,7; m/s
25-09-2025;11:10:00;2,1; m/s
25-09-2025;11:20:00;1,8; m/s
25-09-2025;11:30:00;2,2; m/s
25-09-2025;11:40:00;2,2; m/s
25-09-2025;11:50:00;2,1; m/s
25-09-2025;12:00:00;1,9; m/s
25-09-2025;12:10:00;1,6; m/s
25-09-2025;12:20:00;1,9; m/s
25-09-2025;12:30:00;2,2; m/s
25-09-2025;12:40:00;1,7; m/s
25-09-2025;12:50:00;1,8; m/s
25-09-2025;13:00:00;1,4; m/s
25-09-2025;13:10:00;2; m/s
25-09-2025;13:20:00;2; m/s
25-09-2025;13:30:00;1,8; m/s
25-09-2025;13:40:00;1,6; m/s
25-09-2025;13:50:00;3,1; m/s
25-09-2025;14:00:00;4,7; m/s
25-09-2025;14:10:00;4,5; m/s
25-09-2025;14:20:00;4,9; m/s
25-09-2025;14:30:00;4,2; m/s
25-09-2025;14:40:00;5,4; m/s
25-09-2025;14:50:00;5,8; m/s
25-09-2025;15:00:00;5,5; m/s
25-09-2025;15:10:00;4,8; m/s
25-09-2025;15:20:00;5,1; m/s
25-09-2025;15:30:00;4,4; m/s
25-09-2025;15:40:00;4,9; m/s
25-09-2025;15:50:00;5,6; m/s
25-09-2025;16:00:00;5,1; m/s
25-09-2025;16:10:00;4,7; m/s
25-09-2025;16:20:00;5,5; m/s
25-09-2025;16:30:00;5,4; m/s
25-09-2025;16:40:00;5,4; m/s
25-09-2025;16:50:00;4,4; m/s
25-09-2025;17:00:00;5,2; m/s
25-09-2025;17:10:00;4,8; m/s
25-09-2025;17:20:00;4,5; m/s
25-09-2025;17:30:00;5,5; m/s
25-09-2025;17:40:00;3,7; m/s
25-09-2025;17:50:00;3,6; m/s
25-09-2025;18:00:00;3,9; m/s
25-09-2025;18:10:00;4,3; m/s
25-09-2025;18:20:00;3,6; m/s
25-09-2025;18:30:00;3,7; m/s
25-09-2025;18:40:00;3,1; m/s
25-09-2025;18:50:00;3,1; m/s
25-09-2025;19:00:00;3,1; m/s
25-09-2025;19:10:00;2,6; m/s
25-09-2025;19:20:00;2,2; m/s
25-09-2025;19:30:00;2,9; m/s
25-09-2025;19:40:00;3,2; m/s
25-09-2025;19:50:00;3,6; m/s
25-09-2025;20:00:00;2,9; m/s
25-09-2025;20:10:00;2,8; m/s
25-09-2025;20:20:00;2,7; m/s
25-09-2025;20:30:00;3,3; m/s
25-09-2025;20:40:00;3,3; m/s
25-09-2025;20:50:00;2,7; m/s
25-09-2025;21:00:00;2,8; m/s
25-09-2025;21:10:00;3,1; m/s
25-09-2025;21:20:00;3,2; m/s
25-09-2025;21:30:00;3,1; m/s
25-09-2025;21:40:00;2,4; m/s
25-09-2025;21:50:00;3; m/s
25-09-2025;22:00:00;3,3; m/s
25-09-2025;22:10:00;3,5; m/s
25-09-2025;22:20:00;3,9; m/s
25-09-2025;22:30:00;3,5; m/s
25-09-2025;22:40:00;2,9; m/s
25-09-2025;22:50:00;2,9; m/s
25-09-2025;23:00:00;3,8; m/s
25-09-2025;23:10:00;3,7; m/s
25-09-2025;23:20:00;3,2; m/s
25-09-2025;23:30:00;2,8; m/s
25-09-2025;23:40:00;3; m/s
25-09-2025;23:50:00;3,1; m/s
26-09-2025;00:00:00;3,1; m/s
26-09-2025;00:10:00;2,6; m/s
26-09-2025;00:20:00;3,3; m/s
26-09-2025;00:30:00;4,1; m/s
26-09-2025;00:40:00;3,5; m/s
26-09-2025;00:50:00;3,4; m/s
26-09-2025;01:00:00;3,3; m/s
26-09-2025;01:10:00;3; m/s
26-09-2025;01:20:00;3,3; m/s
26-09-2025;01:30:00;3,4; m/s
26-09-2025;01:40:00;3,8; m/s
26-09-2025;01:50:00;3,6; m/s
26-09-2025;02:00:00;3,7; m/s
26-09-2025;02:10:00;3,6; m/s
26-09-2025;02:20:00;3,2; m/s
26-09-2025;02:30:00;3,2; m/s
26-09-2025;02:40:00;3,6; m/s
26-09-2025;02:50:00;3,6; m/s
26-09-2025;03:00:00;3,2; m/s
26-09-2025;03:10:00;3,7; m/s
26-09-2025;03:20:00;3,8; m/s
26-09-2025;03:30:00;3,9; m/s
26-09-2025;03:40:00;3,9; m/s
26-09-2025;03:50:00;3,9; m/s
26-09-2025;04:00:00;3,4; m/s
26-09-2025;04:10:00;3,1; m/s
26-09-2025;04:20:00;3; m/s
26-09-2025;04:30:00;2,8; m/s
26-09-2025;04:40:00;3,1; m/s
26-09-2025;04:50:00;2,9; m/s
26-09-2025;05:00:00;2,3; m/s
26-09-2025;05:10:00;2,5; m/s
26-09-2025;05:20:00;2,9; m/s
26-09-2025;05:30:00;2,4; m/s
26-09-2025;05:40:00;1,9; m/s
26-09-2025;05:50:00;1,8; m/s
26-09-2025;06:00:00;2; m/s
26-09-2025;06:10:00;1,3; m/s
26-09-2025;06:20:00;1,2; m/s
26-09-2025;06:30:00;1,4; m/s
26-09-2025;06:40:00;1,1; m/s
26-09-2025;06:50:00;1,5; m/s
26-09-2025;07:00:00;2,2; m/s
26-09-2025;07:10:00;1,1; m/s
26-09-2025;07:20:00;0,6; m/s
26-09-2025;07:30:00;1,2; m/s
26-09-2025;07:40:00;1,2; m/s
26-09-2025;07:50:00;0,8; m/s
26-09-2025;08:00:00;0,6; m/s
26-09-2025;08:10:00;1,1; m/s
26-09-2025;08:20:00;1,1; m/s
26-09-2025;08:30:00;1,6; m/s
26-09-2025;08:40:00;1,3; m/s
26-09-2025;08:50:00;1; m/s
26-09-2025;09:00:00;1,8; m/s
26-09-2025;09:10:00;1,7; m/s
26-09-2025;09:20:00;1,4; m/s
26-09-2025;09:30:00;0,8; m/s
26-09-2025;09:40:00;1,3; m/s
26-09-2025;09:50:00;1,1; m/s
26-09-2025;10:00:00;1,3; m/s
26-09-2025;10:10:00;1,9; m/s
26-09-2025;10:20:00;1,5; m/s
26-09-2025;10:30:00;1,6; m/s
26-09-2025;10:40:00;1,5; m/s
26-09-2025;10:50:00;1,7; m/s
26-09-2025;11:00:00;1,9; m/s
26-09-2025;11:10:00;1,9; m/s
26-09-2025;11:20:00;1,7; m/s
26-09-2025;11:30:00;1,6; m/s
26-09-2025;11:40:00;1,7; m/s
26-09-2025;11:50:00;1,8; m/s
26-09-2025;12:00:00;1,7; m/s
26-09-2025;12:10:00;1,6; m/s
26-09-2025;12:20:00;1,9; m/s
26-09-2025;12:30:00;1,9; m/s
26-09-2025;12:40:00;2; m/s
26-09-2025;12:50:00;2,2; m/s
26-09-2025;13:00:00;2,1; m/s
26-09-2025;13:10:00;2,2; m/s
26-09-2025;13:20:00;2,3; m/s
26-09-2025;13:30:00;2,8; m/s
26-09-2025;13:40:00;3,7; m/s
26-09-2025;13:50:00;3,7; m/s
26-09-2025;14:00:00;3,5; m/s
26-09-2025;14:10:00;3,5; m/s
26-09-2025;14:20:00;3,3; m/s
26-09-2025;14:30:00;3,5; m/s
26-09-2025;14:40:00;4; m/s
26-09-2025;14:50:00;5; m/s
26-09-2025;15:00:00;5,5; m/s
26-09-2025;15:10:00;5,2; m/s
26-09-2025;15:20:00;4,5; m/s
26-09-2025;15:30:00;4,3; m/s
26-09-2025;15:40:00;4,6; m/s
26-09-2025;15:50:00;5,3; m/s
26-09-2025;16:00:00;5,5; m/s
26-09-2025;16:10:00;6,2; m/s
26-09-2025;16:20:00;6,1; m/s
26-09-2025;16:30:00;5,6; m/s
26-09-2025;16:40:00;5,7; m/s
26-09-2025;16:50:00;6,1; m/s
26-09-2025;17:00:00;6,1; m/s
26-09-2025;17:10:00;5,7; m/s
26-09-2025;17:20:00;5,1; m/s
26-09-2025;17:30:00;5; m/s
26-09-2025;17:40:00;3,8; m/s
26-09-2025;17:50:00;3,5; m/s
26-09-2025;18:00:00;3,4; m/s
26-09-2025;18:10:00;2,8; m/s
26-09-2025;18:20:00;3,6; m/s
26-09-2025;18:30:00;3,1; m/s
26-09-2025;18:40:00;3,5; m/s
26-09-2025;18:50:00;3,1; m/s
26-09-2025;19:00:00;4; m/s
26-09-2025;19:10:00;3,8; m/s
26-09-2025;19:20:00;3,4; m/s
26-09-2025;19:30:00;3,4; m/s
26-09-2025;19:40:00;3,7; m/s
26-09-2025;19:50:00;3,5; m/s
26-09-2025;20:00:00;2,9; m/s
26-09-2025;20:10:00;3,1; m/s
26-09-2025;20:20:00;3,4; m/s
26-09-2025;20:30:00;3,6; m/s
26-09-2025;20:40:00;3,2; m/s
26-09-2025;20:50:00;3,4; m/s
26-09-2025;21:00:00;3,5; m/s
26-09-2025;21:10:00;3,4; m/s
26-09-2025;21:20:00;3,2; m/s
26-09-2025;21:30:00;3; m/s
26-09-2025;21:40:00;2,5; m/s
26-09-2025;21:50:00;1,9; m/s
26-09-2025;22:00:00;2,1; m/s
26-09-2025;22:10:00;1,7; m/s
26-09-2025;22:20:00;1,7; m/s
26-09-2025;22:30:00;2,1; m/s
26-09-2025;22:40:00;2,4; m/s
26-09-2025;22:50:00;2,8; m/s
26-09-2025;23:00:00;2,6; m/s
26-09-2025;23:10:00;2,7; m/s
26-09-2025;23:20:00;2,9; m/s
26-09-2025;23:30:00;2,8; m/s
26-09-2025;23:40:00;2,7; m/s
26-09-2025;23:50:00;3,6; m/s
27-09-2025;00:00:00;3,8; m/s
27-09-2025;00:10:00;3,6; m/s
27-09-2025;00:20:00;2,7; m/s
27-09-2025;00:30:00;2,4; m/s
27-09-2025;00:40:00;3,2; m/s
27-09-2025;00:50:00;2,3; m/s
27-09-2025;01:00:00;2,2; m/s
27-09-2025;01:10:00;2,4; m/s
27-09-2025;01:20:00;2,4; m/s
27-09-2025;01:30:00;2,1; m/s
27-09-2025;01:40:00;2,1; m/s
27-09-2025;01:50:00;2,5; m/s
27-09-2025;02:00:00;2,1; m/s
27-09-2025;02:10:00;2,2; m/s
27-09-2025;02:20:00;1,7; m/s
27-09-2025;02:30:00;2,8; m/s
27-09-2025;02:40:00;1,8; m/s
27-09-2025;02:50:00;1,4; m/s
27-09-2025;03:00:00;0,9; m/s
27-09-2025;03:10:00;1,5; m/s
27-09-2025;03:20:00;2,4; m/s
27-09-2025;03:30:00;2,4; m/s
27-09-2025;03:40:00;2,7; m/s
27-09-2025;03:50:00;2,7; m/s
27-09-2025;04:00:00;3,4; m/s
27-09-2025;04:10:00;3; m/s
27-09-2025;04:20:00;2,7; m/s
27-09-2025;04:30:00;2,4; m/s
27-09-2025;04:40:00;2,5; m/s
27-09-2025;04:50:00;1,9; m/s
27-09-2025;05:00:00;1,5; m/s
27-09-2025;05:10:00;1,8; m/s
27-09-2025;05:20:00;1,4; m/s
27-09-2025;05:30:00;1,5; m/s
27-09-2025;05:40:00;1,7; m/s
27-09-2025;05:50:00;2,3; m/s
27-09-2025;06:00:00;2,2; m/s
27-09-2025;06:10:00;2,5; m/s
27-09-2025;06:20:00;2,2; m/s
27-09-2025;06:30:00;2,9; m/s
27-09-2025;06:40:00;2,5; m/s
27-09-2025;06:50:00;2,7; m/s
27-09-2025;07:00:00;3,1; m/s
27-09-2025;07:10:00;2,6; m/s
27-09-2025;07:20:00;2,1; m/s
27-09-2025;07:30:00;1,8; m/s
27-09-2025;07:40:00;1,7; m/s
27-09-2025;07:50:00;1,7; m/s
27-09-2025;08:00:00;1,8; m/s
27-09-2025;08:10:00;1,7; m/s
27-09-2025;08:20:00;1,5; m/s
27-09-2025;08:30:00;1,6; m/s
27-09-2025;08:40:00;1,2; m/s
27-09-2025;08:50:00;1,2; m/s
27-09-2025;09:00:00;2,2; m/s
27-09-2025;09:10:00;1,2; m/s
27-09-2025;09:20:00;1,8; m/s
27-09-2025;09:30:00;1,3; m/s
27-09-2025;09:40:00;1,1; m/s
27-09-2025;09:50:00;1; m/s
27-09-2025;10:00:00;0,7; m/s
27-09-2025;10:10:00;1,2; m/s
27-09-2025;10:20:00;1,3; m/s
27-09-2025;10:30:00;1,6; m/s
27-09-2025;10:40:00;2; m/s
27-09-2025;10:50:00;2,1; m/s
27-09-2025;11:00:00;2,9; m/s
27-09-2025;11:10:00;3,1; m/s
27-09-2025;11:20:00;1,7; m/s
27-09-2025;11:30:00;1,3; m/s
27-09-2025;11:40:00;1,7; m/s
27-09-2025;11:50:00;1,7; m/s
27-09-2025;12:00:00;1,7; m/s
27-09-2025;12:10:00;1,7; m/s
27-09-2025;12:20:00;1,7; m/s
27-09-2025;12:30:00;2,1; m/s
27-09-2025;12:40:00;1,5; m/s
27-09-2025;12:50:00;1,9; m/s
27-09-2025;13:00:00;2; m/s
27-09-2025;13:10:00;2,4; m/s
27-09-2025;13:20:00;2,5; m/s
27-09-2025;13:30:00;2,9; m/s
27-09-2025;13:40:00;3,2; m/s
27-09-2025;13:50:00;3,6; m/s
27-09-2025;14:00:00;3,6; m/s
27-09-2025;14:10:00;3,5; m/s
27-09-2025;14:20:00;3,5; m/s
27-09-2025;14:30:00;3,5; m/s
27-09-2025;14:40:00;4,2; m/s
27-09-2025;14:50:00;4; m/s
27-09-2025;15:00:00;3,7; m/s
27-09-2025;15:10:00;4,6; m/s
27-09-2025;15:20:00;4,4; m/s
27-09-2025;15:30:00;4,7; m/s
27-09-2025;15:40:00;4,5; m/s
27-09-2025;15:50:00;4,3; m/s
27-09-2025;16:00:00;4,3; m/s
27-09-2025;16:10:00;3,5; m/s
27-09-2025;16:20:00;3,4; m/s
27-09-2025;16:30:00;4,2; m/s
27-09-2025;16:40:00;5; m/s
27-09-2025;16:50:00;4,9; m/s
27-09-2025;17:00:00;4,3; m/s
27-09-2025;17:10:00;4,2; m/s
27-09-2025;17:20:00;4,7; m/s
27-09-2025;17:30:00;4,8; m/s
27-09-2025;17:40:00;5; m/s
27-09-2025;17:50:00;4,9; m/s
27-09-2025;18:00:00;4,9; m/s
27-09-2025;18:10:00;3,3; m/s
27-09-2025;18:20:00;4; m/s
27-09-2025;18:30:00;4,2; m/s
27-09-2025;18:40:00;4; m/s
27-09-2025;18:50:00;3,8; m/s
27-09-2025;19:00:00;3,8; m/s
27-09-2025;19:10:00;3,7; m/s
27-09-2025;19:20:00;3,8; m/s
27-09-2025;19:30:00;3,5; m/s
27-09-2025;19:40:00;3,9; m/s
27-09-2025;19:50:00;4,4; m/s
27-09-2025;20:00:00;3,8; m/s
27-09-2025;20:10:00;4,1; m/s
27-09-2025;20:20:00;4,6; m/s
27-09-2025;20:30:00;4,6; m/s
27-09-2025;20:40:00;3,8; m/s
27-09-2025;20:50:00;3,7; m/s
27-09-2025;21:00:00;4,4; m/s
27-09-2025;21:10:00;3,9; m/s
27-09-2025;21:20:00;3,4; m/s
27-09-2025;21:30:00;4; m/s
27-09-2025;21:40:00;4; m/s
27-09-2025;21:50:00;3,4; m/s
27-09-2025;22:00:00;3,1; m/s
27-09-2025;22:10:00;3,2; m/s
27-09-2025;22:20:00;2,9; m/s
27-09-2025;22:30:00;2,7; m/s
27-09-2025;22:40:00;2,4; m/s
27-09-2025;22:50:00;2,5; m/s
27-09-2025;23:00:00;3; m/s
27-09-2025;23:10:00;2,4; m/s
27-09-2025;23:20:00;2,6; m/s
27-09-2025;23:30:00;3; m/s
27-09-2025;23:40:00;3; m/s
27-09-2025;23:50:00;3; m/s
28-09-2025;00:00:00;3; m/s
28-09-2025;00:10:00;2,5; m/s
28-09-2025;00:20:00;2,6; m/s
28-09-2025;00:30:00;2,7; m/s
28-09-2025;00:40:00;2,4; m/s
28-09-2025;00:50:00;2,2; m/s
28-09-2025;01:00:00;1,8; m/s
28-09-2025;01:10:00;1,7; m/s
28-09-2025;01:20:00;2,5; m/s
28-09-2025;01:30:00;2,6; m/s
28-09-2025;01:40:00;2,4; m/s
28-09-2025;01:50:00;2,7; m/s
28-09-2025;02:00:00;2,9; m/s
28-09-2025;02:10:00;2,7; m/s
28-09-2025;02:20:00;2,8; m/s
28-09-2025;02:30:00;3,3; m/s
28-09-2025;02:40:00;3,2; m/s
28-09-2025;02:50:00;3,1; m/s
28-09-2025;03:00:00;3,1; m/s
28-09-2025;03:10:00;3,1; m/s
28-09-2025;03:20:00;2,9; m/s
28-09-2025;03:30:00;2,9; m/s
28-09-2025;03:40:00;2,3; m/s
28-09-2025;03:50:00;2; m/s
28-09-2025;04:00:00;2,7; m/s
28-09-2025;04:10:00;2,1; m/s
28-09-2025;04:20:00;2,2; m/s
28-09-2025;04:30:00;3,5; m/s
28-09-2025;04:40:00;4,1; m/s
28-09-2025;04:50:00;3,3; m/s
28-09-2025;05:00:00;1,7; m/s
28-09-2025;05:10:00;1,3; m/s
28-09-2025;05:20:00;2,5; m/s
28-09-2025;05:30:00;2,8; m/s
28-09-2025;05:40:00;2,6; m/s
28-09-2025;05:50:00;3,1; m/s
28-09-2025;06:00:00;2,9; m/s
28-09-2025;06:10:00;2,5; m/s
28-09-2025;06:20:00;1,9; m/s
28-09-2025;06:30:00;1,7; m/s
28-09-2025;06:40:00;1,4; m/s
28-09-2025;06:50:00;1; m/s
28-09-2025;07:00:00;0,6; m/s
28-09-2025;07:10:00;0,8; m/s
28-09-2025;07:20:00;0,9; m/s
28-09-2025;07:30:00;1,1; m/s
28-09-2025;07:40:00;0,5; m/s
28-09-2025;07:50:00;0,9; m/s
28-09-2025;08:00:00;0,7; m/s
28-09-2025;08:10:00;0,9; m/s
28-09-2025;08:20:00;0,7; m/s
28-09-2025;08:30:00;0,7; m/s
28-09-2025;08:40:00;1,2; m/s
28-09-2025;08:50:00;1,1; m/s
28-09-2025;09:00:00;1,2; m/s
28-09-2025;09:10:00;1,3; m/s
28-09-2025;09:20:00;1,3; m/s
28-09-2025;09:30:00;1,7; m/s
28-09-2025;09:40:00;2,1; m/s
28-09-2025;09:50:00;2,2; m/s
28-09-2025;10:00:00;2,3; m/s
28-09-2025;10:10:00;2,2; m/s
28-09-2025;10:20:00;3,5; m/s
28-09-2025;10:30:00;3,9; m/s
28-09-2025;10:40:00;5,8; m/s
28-09-2025;10:50:00;6,7; m/s
28-09-2025;11:00:00;6,6; m/s
28-09-2025;11:10:00;7,2; m/s
28-09-2025;11:20:00;7,6; m/s
28-09-2025;11:30:00;7,4; m/s
28-09-2025;11:40:00;7,2; m/s
28-09-2025;11:50:00;7; m/s
28-09-2025;12:00:00;7; m/s
28-09-2025;12:10:00;7,4; m/s
28-09-2025;12:20:00;7,2; m/s
28-09-2025;12:30:00;6,9; m/s
28-09-2025;12:40:00;6,8; m/s
28-09-2025;12:50:00;6,6; m/s
28-09-2025;13:00:00;6,2; m/s
28-09-2025;13:10:00;6,5; m/s
28-09-2025;13:20:00;6,4; m/s
28-09-2025;13:30:00;6,2; m/s
28-09-2025;13:40:00;6,5; m/s
28-09-2025;13:50:00;7; m/s
28-09-2025;14:00:00;6,9; m/s
28-09-2025;14:10:00;6,6; m/s
28-09-2025;14:20:00;7; m/s
28-09-2025;14:30:00;7,1; m/s
28-09-2025;14:40:00;8,2; m/s
28-09-2025;14:50:00;8,5; m/s
28-09-2025;15:00:00;8,3; m/s
28-09-2025;15:10:00;8,5; m/s
28-09-2025;15:20:00;8,7; m/s
28-09-2025;15:30:00;8,1; m/s
28-09-2025;15:40:00;8,1; m/s
28-09-2025;15:50:00;7,9; m/s
28-09-2025;16:00:00;8; m/s
28-09-2025;16:10:00;7,8; m/s
28-09-2025;16:20:00;7,8; m/s
28-09-2025;16:30:00;7,9; m/s
28-09-2025;16:40:00;7,3; m/s
28-09-2025;16:50:00;7,4; m/s
28-09-2025;17:00:00;7,2; m/s
28-09-2025;17:10:00;6,9; m/s
28-09-2025;17:20:00;7; m/s
28-09-2025;17:30:00;7,3; m/s
28-09-2025;17:40:00;6,3; m/s
28-09-2025;17:50:00;3; m/s
28-09-2025;18:00:00;3,4; m/s
28-09-2025;18:10:00;2,6; m/s
28-09-2025;18:20:00;1,9; m/s
28-09-2025;18:30:00;2,1; m/s
28-09-2025;18:40:00;2,2; m/s
28-09-2025;18:50:00;2,1; m/s
28-09-2025;19:00:00;2,2; m/s
28-09-2025;19:10:00;2,3; m/s
28-09-2025;19:20:00;2,6; m/s
28-09-2025;19:30:00;3,6; m/s
28-09-2025;19:40:00;3,8; m/s
28-09-2025;19:50:00;4; m/s
28-09-2025;20:00:00;3,4; m/s
28-09-2025;20:10:00;3,8; m/s
28-09-2025;20:20:00;3,7; m/s
28-09-2025;20:30:00;3,9; m/s
28-09-2025;20:40:00;3,6; m/s
28-09-2025;20:50:00;4,1; m/s
28-09-2025;21:00:00;4,3; m/s
28-09-2025;21:10:00;4,4; m/s
28-09-2025;21:20:00;4,3; m/s
28-09-2025;21:30:00;4,1; m/s
28-09-2025;21:40:00;3,7; m/s
28-09-2025;21:50:00;4,1; m/s
28-09-2025;22:00:00;4,6; m/s
28-09-2025;22:10:00;4,1; m/s
28-09-2025;22:20:00;4,6; m/s
28-09-2025;22:30:00;4,6; m/s
28-09-2025;22:40:00;4,6; m/s
28-09-2025;22:50:00;4,1; m/s
28-09-2025;23:00:00;3,8; m/s
28-09-2025;23:10:00;3,4; m/s
28-09-2025;23:20:00;2,5; m/s
28-09-2025;23:30:00;3,3; m/s
28-09-2025;23:40:00;3,1; m/s
28-09-2025;23:50:00;3,7; m/s
29-09-2025;00:00:00;4; m/s
29-09-2025;00:10:00;3; m/s
29-09-2025;00:20:00;2,5; m/s
29-09-2025;00:30:00;2,6; m/s
29-09-2025;00:40:00;2,4; m/s
29-09-2025;00:50:00;2,7; m/s
29-09-2025;01:00:00;3,4; m/s
29-09-2025;01:10:00;2,2; m/s
29-09-2025;01:20:00;3,1; m/s
29-09-2025;01:30:00;2,8; m/s
29-09-2025;01:40:00;2,7; m/s
29-09-2025;01:50:00;2,7; m/s
29-09-2025;02:00:00;3,4; m/s
29-09-2025;02:10:00;3,6; m/s
29-09-2025;02:20:00;3,8; m/s
29-09-2025;02:30:00;3,6; m/s
29-09-2025;02:40:00;2,7; m/s
29-09-2025;02:50:00;2,9; m/s
29-09-2025;03:00:00;3,1; m/s
29-09-2025;03:10:00;2,8; m/s
29-09-2025;03:20:00;3; m/s
29-09-2025;03:30:00;3; m/s
29-09-2025;03:40:00;2,1; m/s
29-09-2025;03:50:00;2,5; m/s
29-09-2025;04:00:00;2,7; m/s
29-09-2025;04:10:00;2,3; m/s
29-09-2025;04:20:00;2,4; m/s
29-09-2025;04:30:00;1,8; m/s
29-09-2025;04:40:00;0,9; m/s
29-09-2025;04:50:00;0,3; m/s
29-09-2025;05:00:00;0,6; m/s
29-09-2025;05:10:00;0,9; m/s
29-09-2025;05:20:00;1,2; m/s
29-09-2025;05:30:00;0,7; m/s
29-09-2025;05:40:00;0,9; m/s
29-09-2025;05:50:00;1,3; m/s
29-09-2025;06:00:00;1,8; m/s
29-09-2025;06:10:00;2,1; m/s
29-09-2025;06:20:00;2,3; m/s
29-09-2025;06:30:00;2,5; m/s
29-09-2025;06:40:00;1,6; m/s
29-09-2025;06:50:00;2; m/s
29-09-2025;07:00:00;2,6; m/s
29-09-2025;07:10:00;2,1; m/s
29-09-2025;07:20:00;1,4; m/s
29-09-2025;07:30:00;1,3; m/s
29-09-2025;07:40:00;1,2; m/s
29-09-2025;07:50:00;1,1; m/s
29-09-2025;08:00:00;1,3; m/s
29-09-2025;08:10:00;2,2; m/s
29-09-2025;08:20:00;1,8; m/s
29-09-2025;08:30:00;1,9; m/s
29-09-2025;08:40:00;1,8; m/s
29-09-2025;08:50:00;2,1; m/s
29-09-2025;09:00:00;2; m/s
29-09-2025;09:10:00;1,9; m/s
29-09-2025;09:20:00;2,2; m/s
29-09-2025;09:30:00;1,6; m/s
29-09-2025;09:40:00;1,9; m/s
29-09-2025;09:50:00;2; m/s
29-09-2025;10:00:00;2,2; m/s
29-09-2025;10:10:00;2,5; m/s
29-09-2025;10:20:00;2,6; m/s
29-09-2025;10:30:00;2,8; m/s
29-09-2025;10:40:00;2,9; m/s
29-09-2025;10:50:00;2,6; m/s
29-09-2025;11:00:00;2,5; m/s
29-09-2025;11:10:00;2,9; m/s
29-09-2025;11:20:00;2,6; m/s
29-09-2025;11:30:00;2,5; m/s
29-09-2025;11:40:00;2,8; m/s
29-09-2025;11:50:00;2,6; m/s
29-09-2025;12:00:00;2,4; m/s
29-09-2025;12:10:00;2,2; m/s
29-09-2025;12:20:00;2; m/s
29-09-2025;12:30:00;2; m/s
29-09-2025;12:40:00;2; m/s
29-09-2025;12:50:00;2; m/s
29-09-2025;13:00:00;2,3; m/s
29-09-2025;13:10:00;2,3; m/s
29-09-2025;13:20:00;2,6; m/s
29-09-2025;13:30:00;2,5; m/s
29-09-2025;13:40:00;2,4; m/s
29-09-2025;13:50:00;2,7; m/s
29-09-2025;14:00:00;2,8; m/s
29-09-2025;14:10:00;3,5; m/s
29-09-2025;14:20:00;4; m/s
29-09-2025;14:30:00;4; m/s
29-09-2025;14:40:00;4,4; m/s
29-09-2025;14:50:00;4,4; m/s
29-09-2025;15:00:00;4,7; m/s
29-09-2025;15:10:00;4,2; m/s
29-09-2025;15:20:00;4,3; m/s
29-09-2025;15:30:00;4,5; m/s
29-09-2025;15:40:00;4,3; m/s
29-09-2025;15:50:00;3,8; m/s
29-09-2025;16:00:00;4,3; m/s
29-09-2025;16:10:00;4,1; m/s
29-09-2025;16:20:00;3,8; m/s
29-09-2025;16:30:00;3,7; m/s
29-09-2025;16:40:00;4; m/s
29-09-2025;16:50:00;3,3; m/s
29-09-2025;17:00:00;4; m/s
29-09-2025;17:10:00;3,5; m/s
29-09-2025;17:20:00;3,3; m/s
29-09-2025;17:30:00;3,9; m/s
29-09-2025;17:40:00;4,8; m/s
29-09-2025;17:50:00;4,2; m/s
29-09-2025;18:00:00;4,3; m/s
29-09-2025;18:10:00;3,9; m/s
29-09-2025;18:20:00;3,4; m/s
29-09-2025;18:30:00;3,3; m/s
29-09-2025;18:40:00;3,6; m/s
29-09-2025;18:50:00;3,1; m/s
29-09-2025;19:00:00;2,5; m/s
29-09-2025;19:10:00;1,5; m/s
29-09-2025;19:20:00;1,2; m/s
29-09-2025;19:30:00;2,6; m/s
29-09-2025;19:40:00;2,6; m/s
29-09-2025;19:50:00;2,5; m/s
29-09-2025;20:00:00;2,7; m/s
29-09-2025;20:10:00;2,7; m/s
29-09-2025;20:20:00;2,9; m/s
29-09-2025;20:30:00;2,8; m/s
29-09-2025;20:40:00;3; m/s
29-09-2025;20:50:00;3; m/s
29-09-2025;21:00:00;2,9; m/s
29-09-2025;21:10:00;2,7; m/s
29-09-2025;21:20:00;2,8; m/s
29-09-2025;21:30:00;3,2; m/s
29-09-2025;21:40:00;3,4; m/s
29-09-2025;21:50:00;3,3; m/s
29-09-2025;22:00:00;3,7; m/s
29-09-2025;22:10:00;3,7; m/s
29-09-2025;22:20:00;3,9; m/s
29-09-2025;22:30:00;3,7; m/s
29-09-2025;22:40:00;3,7; m/s
29-09-2025;22:50:00;3,5; m/s
29-09-2025;23:00:00;3,2; m/s
29-09-2025;23:10:00;2,7; m/s
29-09-2025;23:20:00;2; m/s
29-09-2025;23:30:00;2,3; m/s
29-09-2025;23:40:00;2,1; m/s
29-09-2025;23:50:00;2; m/s
30-09-2025;00:00:00;1,7; m/s
30-09-2025;00:10:00;2,1; m/s
30-09-2025;00:20:00;2,2; m/s
30-09-2025;00:30:00;2,3; m/s
30-09-2025;00:40:00;2,5; m/s
30-09-2025;00:50:00;2; m/s
30-09-2025;01:00:00;2,5; m/s
30-09-2025;01:10:00;2,3; m/s
30-09-2025;01:20:00;2,4; m/s
30-09-2025;01:30:00;2,7; m/s
30-09-2025;01:40:00;2,8; m/s
30-09-2025;01:50:00;2,5; m/s
30-09-2025;02:00:00;2; m/s
30-09-2025;02:10:00;2,4; m/s
30-09-2025;02:20:00;2,7; m/s
30-09-2025;02:30:00;2,9; m/s
30-09-2025;02:40:00;2,8; m/s
30-09-2025;02:50:00;3,1; m/s
30-09-2025;03:00:00;3,3; m/s
30-09-2025;03:10:00;3,3; m/s
30-09-2025;03:20:00;3; m/s
30-09-2025;03:30:00;3; m/s
30-09-2025;03:40:00;3,2; m/s
30-09-2025;03:50:00;3,3; m/s
30-09-2025;04:00:00;3,2; m/s
30-09-2025;04:10:00;3,3; m/s
30-09-2025;04:20:00;3,4; m/s
30-09-2025;04:30:00;3,2; m/s
30-09-2025;04:40:00;3,4; m/s
30-09-2025;04:50:00;2,7; m/s
30-09-2025;05:00:00;2,7; m/s
30-09-2025;05:10:00;2,3; m/s
30-09-2025;05:20:00;2,8; m/s
30-09-2025;05:30:00;2,8; m/s
30-09-2025;05:40:00;3,2; m/s
30-09-2025;05:50:00;3,2; m/s
30-09-2025;06:00:00;3,2; m/s
30-09-2025;06:10:00;3; m/s
30-09-2025;06:20:00;3,6; m/s
30-09-2025;06:30:00;3,7; m/s
30-09-2025;06:40:00;3,3; m/s
30-09-2025;06:50:00;3,1; m/s
30-09-2025;07:00:00;2,9; m/s
30-09-2025;07:10:00;2,9; m/s
30-09-2025;07:20:00;3; m/s
30-09-2025;07:30:00;2,5; m/s
30-09-2025;07:40:00;2,6; m/s
30-09-2025;07:50:00;3,1; m/s
30-09-2025;08:00:00;2,7; m/s
30-09-2025;08:10:00;2,6; m/s
30-09-2025;08:20:00;1,9; m/s
30-09-2025;08:30:00;2,2; m/s
30-09-2025;08:40:00;1,5; m/s
30-09-2025;08:50:00;2; m/s
30-09-2025;09:00:00;2,2; m/s
30-09-2025;09:10:00;2,5; m/s
30-09-2025;09:20:00;2,9; m/s
30-09-2025;09:30:00;2,8; m/s
30-09-2025;09:40:00;2,5; m/s
30-09-2025;09:50:00;2,6; m/s
30-09-2025;10:00:00;2,5; m/s
30-09-2025;10:10:00;2,6; m/s
30-09-2025;10:20:00;2,2; m/s
30-09-2025;10:30:00;2,1; m/s
30-09-2025;10:40:00;2,2; m/s
30-09-2025;10:50:00;1,8; m/s
30-09-2025;11:00:00;1,9; m/s
30-09-2025;11:10:00;2,1; m/s
30-09-2025;11:20:00;2,2; m/s
30-09-2025;11:30:00;2,5; m/s
30-09-2025;11:40:00;2,2; m/s
30-09-2025;11:50:00;1,9; m/s
30-09-2025;12:00:00;2,1; m/s
30-09-2025;12:10:00;2,1; m/s
30-09-2025;12:20:00;1,9; m/s
30-09-2025;12:30:00;2,1; m/s
30-09-2025;12:40:00;2,2; m/s
30-09-2025;12:50:00;2,4; m/s
30-09-2025;13:00:00;2,2; m/s
30-09-2025;13:10:00;2,1; m/s
30-09-2025;13:20:00;2,4; m/s
30-09-2025;13:30:00;2; m/s
30-09-2025;13:40:00;2,4; m/s
30-09-2025;13:50:00;2,1; m/s
30-09-2025;14:00:00;1,9; m/s
30-09-2025;14:10:00;1,9; m/s
30-09-2025;14:20:00;1,7; m/s
30-09-2025;14:30:00;2,2; m/s
30-09-2025;14:40:00;2,6; m/s
30-09-2025;14:50:00;2,1; m/s
30-09-2025;15:00:00;2,4; m/s
30-09-2025;15:10:00;2,1; m/s
30-09-2025;15:20:00;2,3; m/s
30-09-2025;15:30:00;2,2; m/s
30-09-2025;15:40:00;2,3; m/s
30-09-2025;15:50:00;2; m/s
30-09-2025;16:00:00;2,2; m/s
30-09-2025;16:10:00;2,5; m/s
30-09-2025;16:20:00;2,5; m/s
30-09-2025;16:30:00;2,8; m/s
30-09-2025;16:40:00;2,8; m/s
30-09-2025;16:50:00;2,4; m/s
30-09-2025;17:00:00;2,1; m/s
30-09-2025;17:10:00;2,8; m/s
30-09-2025;17:20:00;2,7; m/s
30-09-2025;17:30:00;2,8; m/s
30-09-2025;17:40:00;3; m/s
30-09-2025;17:50:00;2,8; m/s
30-09-2025;18:00:00;2,7; m/s
30-09-2025;18:10:00;2,4; m/s
30-09-2025;18:20:00;2,3; m/s
30-09-2025;18:30:00;2,3; m/s
30-09-2025;18:40:00;2,9; m/s
30-09-2025;18:50:00;3; m/s
30-09-2025;19:00:00;2,8; m/s
30-09-2025;19:10:00;2,3; m/s
30-09-2025;19:20:00;2; m/s
30-09-2025;19:30:00;2,4; m/s
30-09-2025;19:40:00;2,5; m/s
30-09-2025;19:50:00;2,1; m/s
30-09-2025;20:00:00;2,5; m/s
30-09-2025;20:10:00;2,6; m/s
30-09-2025;20:20:00;2,7; m/s
30-09-2025;20:30:00;2,7; m/s
30-09-2025;20:40:00;1,7; m/s
30-09-2025;20:50:00;1,5; m/s
30-09-2025;21:00:00;0,7; m/s
30-09-2025;21:10:00;1,1; m/s
30-09-2025;21:20:00;1,3; m/s
30-09-2025;21:30:00;1,4; m/s
30-09-2025;21:40:00;1,2; m/s
30-09-2025;21:50:00;0,7; m/s
30-09-2025;22:00:00;1,4; m/s
30-09-2025;22:10:00;1,2; m/s
30-09-2025;22:20:00;0,8; m/s
30-09-2025;22:30:00;1,8; m/s
30-09-2025;22:40:00;2,5; m/s
30-09-2025;22:50:00;2,4; m/s
30-09-2025;23:00:00;2,3; m/s
30-09-2025;23:10:00;1,4; m/s
30-09-2025;23:20:00;2,2; m/s
30-09-2025;23:30:00;2,4; m/s
30-09-2025;23:40:00;1,5; m/s
30-09-2025;23:50:00;2,1; m/s
01-10-2025;00:00:00;2,3; m/s
01-10-2025;00:10:00;2; m/s
01-10-2025;00:20:00;2,3; m/s
01-10-2025;00:30:00;2,3; m/s
01-10-2025;00:40:00;1,4; m/s
01-10-2025;00:50:00;2,4; m/s
01-10-2025;01:00:00;1,8; m/s
01-10-2025;01:10:00;1,8; m/s
01-10-2025;01:20:00;1,8; m/s
01-10-2025;01:30:00;1,7; m/s
01-10-2025;01:40:00;1,8; m/s
01-10-2025;01:50:00;1,9; m/s
01-10-2025;02:00:00;1,9; m/s
01-10-2025;02:10:00;2,1; m/s
01-10-2025;02:20:00;1,7; m/s
01-10-2025;02:30:00;2,5; m/s
01-10-2025;02:40:00;2,1; m/s
01-10-2025;02:50:00;2,2; m/s
01-10-2025;03:00:00;2,6; m/s
01-10-2025;03:10:00;2,5; m/s
01-10-2025;03:20:00;2,6; m/s
01-10-2025;03:30:00;2,2; m/s
01-10-2025;03:40:00;2,6; m/s
01-10-2025;03:50:00;2,7; m/s
01-10-2025;04:00:00;1,9; m/s
01-10-2025;04:10:00;1,8; m/s
01-10-2025;04:20:00;2,1; m/s
01-10-2025;04:30:00;1,8; m/s
01-10-2025;04:40:00;2,1; m/s
01-10-2025;04:50:00;2,6; m/s
01-10-2025;05:00:00;2,7; m/s
01-10-2025;05:10:00;2,4; m/s
01-10-2025;05:20:00;2,8; m/s
01-10-2025;05:30:00;3,1; m/s
01-10-2025;05:40:00;2,7; m/s
01-10-2025;05:50:00;2,9; m/s
01-10-2025;06:00:00;2,5; m/s
01-10-2025;06:10:00;1,9; m/s
01-10-2025;06:20:00;2,3; m/s
01-10-2025;06:30:00;2,2; m/s
01-10-2025;06:40:00;2,6; m/s
01-10-2025;06:50:00;2,7; m/s
01-10-2025;07:00:00;2,5; m/s
01-10-2025;07:10:00;2; m/s
01-10-2025;07:20:00;2,3; m/s
01-10-2025;07:30:00;2,2; m/s
01-10-2025;07:40:00;2,2; m/s
01-10-2025;07:50:00;2,2; m/s
01-10-2025;08:00:00;2,5; m/s
01-10-2025;08:10:00;2,6; m/s
01-10-2025;08:20:00;2,1; m/s
01-10-2025;08:30:00;2,1; m/s
01-10-2025;08:40:00;2,6; m/s
01-10-2025;08:50:00;2,8; m/s
01-10-2025;09:00:00;2,6; m/s
01-10-2025;09:10:00;2,6; m/s
01-10-2025;09:20:00;1,6; m/s
01-10-2025;09:30:00;2,7; m/s
01-10-2025;09:40:00;2,7; m/s
01-10-2025;09:50:00;2,1; m/s
01-10-2025;10:00:00;2,2; m/s
01-10-2025;10:10:00;1,9; m/s
01-10-2025;10:20:00;1,6; m/s
01-10-2025;10:30:00;2,2; m/s
01-10-2025;10:40:00;1,5; m/s
01-10-2025;10:50:00;1,6; m/s
01-10-2025;11:00:00;1; m/s
01-10-2025;11:10:00;1,1; m/s
01-10-2025;11:20:00;3,2; m/s
01-10-2025;11:30:00;3,2; m/s
01-10-2025;11:40:00;2,1; m/s
01-10-2025;11:50:00;1,7; m/s
01-10-2025;12:00:00;2,6; m/s
01-10-2025;12:10:00;2,2; m/s
01-10-2025;12:20:00;1,2; m/s
01-10-2025;12:30:00;1,4; m/s
01-10-2025;12:40:00;1,3; m/s
01-10-2025;12:50:00;2,7; m/s
01-10-2025;13:00:00;3,3; m/s
01-10-2025;13:10:00;2,5; m/s
01-10-2025;13:20:00;3; m/s
01-10-2025;13:30:00;3,4; m/s
01-10-2025;13:40:00;3,1; m/s
01-10-2025;13:50:00;2,5; m/s
01-10-2025;14:00:00;2,9; m/s
01-10-2025;14:10:00;1,8; m/s
01-10-2025;14:20:00;1,7; m/s
01-10-2025;14:30:00;1,3; m/s
01-10-2025;14:40:00;1,3; m/s
01-10-2025;14:50:00;0,9; m/s
01-10-2025;15:00:00;2,3; m/s
01-10-2025;15:10:00;1,6; m/s
01-10-2025;15:20:00;1,6; m/s
01-10-2025;15:30:00;3,1; m/s
01-10-2025;15:40:00;3,1; m/s
01-10-2025;15:50:00;3,3; m/s
01-10-2025;16:00:00;3,3; m/s
01-10-2025;16:10:00;3,2; m/s
01-10-2025;16:20:00;2,9; m/s
01-10-2025;16:30:00;4; m/s
01-10-2025;16:40:00;4,4; m/s
01-10-2025;16:50:00;4,7; m/s
01-10-2025;17:00:00;6,1; m/s
01-10-2025;17:10:00;6,2; m/s
01-10-2025;17:20:00;6,6; m/s
01-10-2025;17:30:00;6,9; m/s
01-10-2025;17:40:00;6,3; m/s
01-10-2025;17:50:00;6,3; m/s
01-10-2025;18:00:00;5,9; m/s
01-10-2025;18:10:00;5,6; m/s
01-10-2025;18:20:00;5,3; m/s
01-10-2025;18:30:00;5,7; m/s
01-10-2025;18:40:00;4,4; m/s
01-10-2025;18:50:00;5,9; m/s
01-10-2025;19:00:00;6; m/s
01-10-2025;19:10:00;4,3; m/s
01-10-2025;19:20:00;6,2; m/s
01-10-2025;19:30:00;7,3; m/s
01-10-2025;19:40:00;6,5; m/s
01-10-2025;19:50:00;6,1; m/s
01-10-2025;20:00:00;6,2; m/s
01-10-2025;20:10:00;5,8; m/s
01-10-2025;20:20:00;6; m/s
01-10-2025;20:30:00;6,6; m/s
01-10-2025;20:40:00;6,8; m/s
01-10-2025;20:50:00;5,5; m/s
01-10-2025;21:00:00;6,2; m/s
01-10-2025;21:10:00;6,4; m/s
01-10-2025;21:20:00;6,8; m/s
01-10-2025;21:30:00;6,9; m/s
01-10-2025;21:40:00;5,7; m/s
01-10-2025;21:50:00;6,2; m/s
01-10-2025;22:00:00;6,3; m/s
01-10-2025;22:10:00;5,6; m/s
01-10-2025;22:20:00;7,1; m/s
01-10-2025;22:30:00;6,9; m/s
01-10-2025;22:40:00;7,7; m/s
01-10-2025;22:50:00;7,3; m/s
01-10-2025;23:00:00;7,9; m/s
01-10-2025;23:10:00;7,7; m/s
01-10-2025;23:20:00;6,9; m/s
01-10-2025;23:30:00;6,2; m/s
01-10-2025;23:40:00;7,6; m/s
01-10-2025;23:50:00;7,2; m/s
02-10-2025;00:00:00;7; m/s
02-10-2025;00:10:00;6,5; m/s
02-10-2025;00:20:00;7,3; m/s
02-10-2025;00:30:00;5; m/s
02-10-2025;00:40:00;5,1; m/s
02-10-2025;00:50:00;4,7; m/s
02-10-2025;01:00:00;5,7; m/s
02-10-2025;01:10:00;5,6; m/s
02-10-2025;01:20:00;5,4; m/s
02-10-2025;01:30:00;6,2; m/s
02-10-2025;01:40:00;6,9; m/s
02-10-2025;01:50:00;5,8; m/s
02-10-2025;02:00:00;5,5; m/s
02-10-2025;02:10:00;5,7; m/s
02-10-2025;02:20:00;6,4; m/s
02-10-2025;02:30:00;6,9; m/s
02-10-2025;02:40:00;7,2; m/s
02-10-2025;02:50:00;7,2; m/s
02-10-2025;03:00:00;6,9; m/s
02-10-2025;03:10:00;6,4; m/s
02-10-2025;03:20:00;6,9; m/s
02-10-2025;03:30:00;5,6; m/s
02-10-2025;03:40:00;6,1; m/s
02-10-2025;03:50:00;5,8; m/s
02-10-2025;04:00:00;6,8; m/s
02-10-2025;04:10:00;5,2; m/s
02-10-2025;04:20:00;4,5; m/s
02-10-2025;04:30:00;5,2; m/s
02-10-2025;04:40:00;6,2; m/s
02-10-2025;04:50:00;7,7; m/s
02-10-2025;05:00:00;7,9; m/s
02-10-2025;05:10:00;7,4; m/s
02-10-2025;05:20:00;7,4; m/s
02-10-2025;05:30:00;7,7; m/s
02-10-2025;05:40:00;8,2; m/s
02-10-2025;05:50:00;8; m/s
02-10-2025;06:00:00;6,5; m/s
02-10-2025;06:10:00;6,4; m/s
02-10-2025;06:20:00;7,3; m/s
02-10-2025;06:30:00;6,7; m/s
02-10-2025;06:40:00;6,2; m/s
02-10-2025;06:50:00;7,1; m/s
02-10-2025;07:00:00;7; m/s
02-10-2025;07:10:00;6,9; m/s
02-10-2025;07:20:00;7,7; m/s
02-10-2025;07:30:00;8,1; m/s
02-10-2025;07:40:00;6,6; m/s
02-10-2025;07:50:00;7,3; m/s
02-10-2025;08:00:00;8,1; m/s
02-10-2025;08:10:00;6,2; m/s
02-10-2025;08:20:00;6; m/s
02-10-2025;08:30:00;7,9; m/s
02-10-2025;08:40:00;6,5; m/s
02-10-2025;08:50:00;5,6; m/s
02-10-2025;09:00:00;7,7; m/s
02-10-2025;09:10:00;7,7; m/s
02-10-2025;09:20:00;6,8; m/s
02-10-2025;09:30:00;6,5; m/s
02-10-2025;09:40:00;8,3; m/s
02-10-2025;09:50:00;9,1; m/s
02-10-2025;10:00:00;8,3; m/s
02-10-2025;10:10:00;6,1; m/s
02-10-2025;10:20:00;6,2; m/s
02-10-2025;10:30:00;7,5; m/s
02-10-2025;10:40:00;5,7; m/s
02-10-2025;10:50:00;6,6; m/s
02-10-2025;11:00:00;7; m/s
02-10-2025;11:10:00;7; m/s
02-10-2025;11:20:00;6,4; m/s
02-10-2025;11:30:00;5,3; m/s
02-10-2025;11:40:00;3,9; m/s
02-10-2025;11:50:00;5,5; m/s
02-10-2025;12:00:00;5,7; m/s
02-10-2025;12:10:00;4,7; m/s
02-10-2025;12:20:00;6,2; m/s
02-10-2025;12:30:00;6,4; m/s
02-10-2025;12:40:00;7,2; m/s
02-10-2025;12:50:00;8,5; m/s
02-10-2025;13:00:00;5,5; m/s
02-10-2025;13:10:00;6,5; m/s
02-10-2025;13:20:00;7,3; m/s
02-10-2025;13:30:00;7,8; m/s
02-10-2025;13:40:00;7,6; m/s
02-10-2025;13:50:00;8,4; m/s
02-10-2025;14:00:00;6,6; m/s
02-10-2025;14:10:00;5,9; m/s
02-10-2025;14:20:00;6,4; m/s
02-10-2025;14:30:00;6,7; m/s
02-10-2025;14:40:00;7,5; m/s
02-10-2025;14:50:00;6,4; m/s
02-10-2025;15:00:00;7,1; m/s
02-10-2025;15:10:00;6,8; m/s
02-10-2025;15:20:00;6,9; m/s
02-10-2025;15:30:00;6,5; m/s
02-10-2025;15:40:00;8,4; m/s
02-10-2025;15:50:00;7,6; m/s
02-10-2025;16:00:00;7,4; m/s
02-10-2025;16:10:00;7,5; m/s
02-10-2025;16:20:00;7,3; m/s
02-10-2025;16:30:00;7,3; m/s
02-10-2025;16:40:00;7; m/s
02-10-2025;16:50:00;8,1; m/s
02-10-2025;17:00:00;7,6; m/s
02-10-2025;17:10:00;5,4; m/s
02-10-2025;17:20:00;7; m/s
02-10-2025;17:30:00;7,6; m/s
02-10-2025;17:40:00;6,6; m/s
02-10-2025;17:50:00;6,6; m/s
02-10-2025;18:00:00;6; m/s
02-10-2025;18:10:00;5,9; m/s
02-10-2025;18:20:00;4; m/s
02-10-2025;18:30:00;4,9; m/s
02-10-2025;18:40:00;4; m/s
02-10-2025;18:50:00;5; m/s
02-10-2025;19:00:00;4; m/s
02-10-2025;19:10:00;4; m/s
02-10-2025;19:20:00;4,3; m/s
02-10-2025;19:30:00;4,2; m/s
02-10-2025;19:40:00;4,5; m/s
02-10-2025;19:50:00;4,6; m/s
02-10-2025;20:00:00;4,3; m/s
02-10-2025;20:10:00;5; m/s
02-10-2025;20:20:00;5,8; m/s
02-10-2025;20:30:00;6,9; m/s
02-10-2025;20:40:00;4,7; m/s
02-10-2025;20:50:00;4,5; m/s
02-10-2025;21:00:00;3,5; m/s
02-10-2025;21:10:00;4,5; m/s
02-10-2025;21:20:00;4,1; m/s
02-10-2025;21:30:00;4,9; m/s
02-10-2025;21:40:00;5,8; m/s
02-10-2025;21:50:00;4,2; m/s
02-10-2025;22:00:00;5,2; m/s
02-10-2025;22:10:00;7,3; m/s
02-10-2025;22:20:00;8,1; m/s
02-10-2025;22:30:00;7,1; m/s
02-10-2025;22:40:00;5,7; m/s
02-10-2025;22:50:00;6,1; m/s
02-10-2025;23:00:00;7,3; m/s
02-10-2025;23:10:00;5,8; m/s
02-10-2025;23:20:00;5,5; m/s
02-10-2025;23:30:00;6,2; m/s
02-10-2025;23:40:00;5,6; m/s
02-10-2025;23:50:00;5,2; m/s
03-10-2025;00:00:00;5,3; m/s
03-10-2025;00:10:00;5,4; m/s
03-10-2025;00:20:00;5,4; m/s
03-10-2025;00:30:00;6,1; m/s
03-10-2025;00:40:00;5; m/s
03-10-2025;00:50:00;5,5; m/s
03-10-2025;01:00:00;4,6; m/s
03-10-2025;01:10:00;3,1; m/s
03-10-2025;01:20:00;4; m/s
03-10-2025;01:30:00;4,4; m/s
03-10-2025;01:40:00;4,9; m/s
03-10-2025;01:50:00;4,2; m/s
03-10-2025;02:00:00;5,6; m/s
03-10-2025;02:10:00;6,1; m/s
03-10-2025;02:20:00;6,7; m/s
03-10-2025;02:30:00;5,8; m/s
03-10-2025;02:40:00;5,5; m/s
03-10-2025;02:50:00;6,5; m/s
03-10-2025;03:00:00;6,4; m/s
03-10-2025;03:10:00;6,7; m/s
03-10-2025;03:20:00;6,2; m/s
03-10-2025;03:30:00;4,9; m/s
03-10-2025;03:40:00;4,8; m/s
03-10-2025;03:50:00;4,6; m/s
03-10-2025;04:00:00;4,2; m/s
03-10-2025;04:10:00;4,5; m/s
03-10-2025;04:20:00;4,1; m/s
03-10-2025;04:30:00;4,2; m/s
03-10-2025;04:40:00;3,7; m/s
03-10-2025;04:50:00;3,5; m/s
03-10-2025;05:00:00;5; m/s
03-10-2025;05:10:00;5,3; m/s
03-10-2025;05:20:00;5,5; m/s
03-10-2025;05:30:00;4,8; m/s
03-10-2025;05:40:00;5,2; m/s
03-10-2025;05:50:00;4,9; m/s
03-10-2025;06:00:00;5,4; m/s
03-10-2025;06:10:00;2,2; m/s
03-10-2025;06:20:00;3,2; m/s
03-10-2025;06:30:00;3,7; m/s
03-10-2025;06:40:00;4,1; m/s
03-10-2025;06:50:00;4,5; m/s
03-10-2025;07:00:00;5,1; m/s
03-10-2025;07:10:00;4,2; m/s
03-10-2025;07:20:00;5,2; m/s
03-10-2025;07:30:00;4; m/s
03-10-2025;07:40:00;3,8; m/s
03-10-2025;07:50:00;4,3; m/s
03-10-2025;08:00:00;5,3; m/s
03-10-2025;08:10:00;5,8; m/s
03-10-2025;08:20:00;5,1; m/s
03-10-2025;08:30:00;6,5; m/s
03-10-2025;08:40:00;5,8; m/s
03-10-2025;08:50:00;4,8; m/s
03-10-2025;09:00:00;3,4; m/s
03-10-2025;09:10:00;3,2; m/s
03-10-2025;09:20:00;3,6; m/s
03-10-2025;09:30:00;3; m/s
03-10-2025;09:40:00;2,9; m/s
03-10-2025;09:50:00;3,9; m/s
03-10-2025;10:00:00;3,4; m/s
03-10-2025;10:10:00;4,7; m/s
03-10-2025;10:20:00;4,6; m/s
03-10-2025;10:30:00;4,1; m/s
03-10-2025;10:40:00;4,8; m/s
03-10-2025;10:50:00;4,2; m/s
03-10-2025;11:00:00;2,7; m/s
03-10-2025;11:10:00;3,1; m/s
03-10-2025;11:20:00;3,4; m/s
03-10-2025;11:30:00;3,8; m/s
03-10-2025;11:40:00;2,7; m/s
03-10-2025;11:50:00;3,7; m/s
03-10-2025;12:00:00;4; m/s
03-10-2025;12:10:00;3,2; m/s
03-10-2025;12:20:00;3,6; m/s
03-10-2025;12:30:00;2,9; m/s
03-10-2025;12:40:00;4,4; m/s
03-10-2025;12:50:00;2,6; m/s
03-10-2025;13:00:00;3,4; m/s
03-10-2025;13:10:00;3,9; m/s
03-10-2025;13:20:00;2,9; m/s
03-10-2025;13:30:00;1,9; m/s
03-10-2025;13:40:00;3,8; m/s
03-10-2025;13:50:00;4,2; m/s
03-10-2025;14:00:00;2; m/s
03-10-2025;14:10:00;3; m/s
03-10-2025;14:20:00;4,9; m/s
03-10-2025;14:30:00;4; m/s
03-10-2025;14:40:00;2,7; m/s
03-10-2025;14:50:00;1,8; m/s
03-10-2025;15:00:00;2,5; m/s
03-10-2025;15:10:00;4,2; m/s
03-10-2025;15:20:00;5,1; m/s
03-10-2025;15:30:00;6; m/s
03-10-2025;15:40:00;6,8; m/s
03-10-2025;15:50:00;5,9; m/s
03-10-2025;16:00:00;5,7; m/s
03-10-2025;16:10:00;5,3; m/s
03-10-2025;16:20:00;5,7; m/s
03-10-2025;16:30:00;6,3; m/s
03-10-2025;16:40:00;6,9; m/s
03-10-2025;16:50:00;5,6; m/s
03-10-2025;17:00:00;4,5; m/s
03-10-2025;17:10:00;4,7; m/s
03-10-2025;17:20:00;3; m/s
03-10-2025;17:30:00;2,9; m/s
03-10-2025;17:40:00;3,2; m/s
03-10-2025;17:50:00;1,6; m/s
03-10-2025;18:00:00;2,6; m/s
03-10-2025;18:10:00;3,6; m/s
03-10-2025;18:20:00;5; m/s
03-10-2025;18:30:00;3,8; m/s
03-10-2025;18:40:00;4,6; m/s
03-10-2025;18:50:00;5; m/s
03-10-2025;19:00:00;4,4; m/s
03-10-2025;19:10:00;4,7; m/s
03-10-2025;19:20:00;4,2; m/s
03-10-2025;19:30:00;4,6; m/s
03-10-2025;19:40:00;4,6; m/s
03-10-2025;19:50:00;5; m/s
03-10-2025;20:00:00;5,1; m/s
03-10-2025;20:10:00;5,4; m/s
03-10-2025;20:20:00;5,5; m/s
03-10-2025;20:30:00;5,4; m/s
03-10-2025;20:40:00;4,9; m/s
03-10-2025;20:50:00;5,4; m/s
03-10-2025;21:00:00;4,8; m/s
03-10-2025;21:10:00;4,8; m/s
03-10-2025;21:20:00;4,8; m/s
03-10-2025;21:30:00;5,1; m/s
03-10-2025;21:40:00;6; m/s
03-10-2025;21:50:00;4,4; m/s
03-10-2025;22:00:00;4,6; m/s
03-10-2025;22:10:00;4,9; m/s
03-10-2025;22:20:00;4,6; m/s
03-10-2025;22:30:00;4,3; m/s
03-10-2025;22:40:00;3,6; m/s
03-10-2025;22:50:00;3,9; m/s
03-10-2025;23:00:00;4,1; m/s
03-10-2025;23:10:00;3,8; m/s
03-10-2025;23:20:00;4,5; m/s
03-10-2025;23:30:00;4,7; m/s
03-10-2025;23:40:00;4,8; m/s
03-10-2025;23:50:00;3,5; m/s
04-10-2025;00:00:00;4,5; m/s
04-10-2025;00:10:00;4,4; m/s
04-10-2025;00:20:00;3,8; m/s
04-10-2025;00:30:00;3; m/s
04-10-2025;00:40:00;3,1; m/s
04-10-2025;00:50:00;3,2; m/s
04-10-2025;01:00:00;3,5; m/s
04-10-2025;01:10:00;2,6; m/s
04-10-2025;01:20:00;2,9; m/s
04-10-2025;01:30:00;3,6; m/s
04-10-2025;01:40:00;3,4; m/s
04-10-2025;01:50:00;4,1; m/s
04-10-2025;02:00:00;4,3; m/s
04-10-2025;02:10:00;3,9; m/s
04-10-2025;02:20:00;4,1; m/s
04-10-2025;02:30:00;3,7; m/s
04-10-2025;02:40:00;3,6; m/s
04-10-2025;02:50:00;3,8; m/s
04-10-2025;03:00:00;3,7; m/s
04-10-2025;03:10:00;4,4; m/s
04-10-2025;03:20:00;4,4; m/s
04-10-2025;03:30:00;4,5; m/s
04-10-2025;03:40:00;4,3; m/s
04-10-2025;03:50:00;4; m/s
04-10-2025;04:00:00;3,9; m/s
04-10-2025;04:10:00;3,6; m/s
04-10-2025;04:20:00;4; m/s
04-10-2025;04:30:00;3,8; m/s
04-10-2025;04:40:00;3,2; m/s
04-10-2025;04:50:00;3; m/s
04-10-2025;05:00:00;2,1; m/s
04-10-2025;05:10:00;0,9; m/s
04-10-2025;05:20:00;2,2; m/s
04-10-2025;05:30:00;3; m/s
04-10-2025;05:40:00;3,4; m/s
04-10-2025;05:50:00;2,5; m/s
04-10-2025;06:00:00;2,9; m/s
04-10-2025;06:10:00;2,3; m/s
04-10-2025;06:20:00;2,1; m/s
04-10-2025;06:30:00;1,4; m/s
04-10-2025;06:40:00;1,6; m/s
04-10-2025;06:50:00;2; m/s
04-10-2025;07:00:00;2,6; m/s
04-10-2025;07:10:00;2,4; m/s
04-10-2025;07:20:00;3; m/s
04-10-2025;07:30:00;2,7; m/s
04-10-2025;07:40:00;1,8; m/s
04-10-2025;07:50:00;2; m/s
04-10-2025;08:00:00;1,6; m/s
04-10-2025;08:10:00;1,1; m/s
04-10-2025;08:20:00;1,2; m/s
04-10-2025;08:30:00;1,6; m/s
04-10-2025;08:40:00;2; m/s
04-10-2025;08:50:00;1,8; m/s
04-10-2025;09:00:00;1,9; m/s
04-10-2025;09:10:00;2,3; m/s
04-10-2025;09:20:00;2,6; m/s
04-10-2025;09:30:00;2,6; m/s
04-10-2025;09:40:00;2,4; m/s
04-10-2025;09:50:00;2,8; m/s
04-10-2025;10:00:00;2,4; m/s
04-10-2025;10:10:00;2,8; m/s
04-10-2025;10:20:00;2,4; m/s
04-10-2025;10:30:00;2,5; m/s
04-10-2025;10:40:00;2,4; m/s
04-10-2025;10:50:00;2,2; m/s
04-10-2025;11:00:00;1,6; m/s
04-10-2025;11:10:00;1,6; m/s
04-10-2025;11:20:00;1,8; m/s
04-10-2025;11:30:00;2,3; m/s
04-10-2025;11:40:00;2; m/s
04-10-2025;11:50:00;1,9; m/s
04-10-2025;12:00:00;1,9; m/s
04-10-2025;12:10:00;2; m/s
04-10-2025;12:20:00;2,1; m/s
04-10-2025;12:30:00;2,1; m/s
04-10-2025;12:40:00;2,6; m/s
04-10-2025;12:50:00;3,2; m/s
04-10-2025;13:10:00;3; m/s
04-10-2025;13:20:00;2,9; m/s
04-10-2025;13:30:00;3,7; m/s
04-10-2025;13:40:00;4,6; m/s
04-10-2025;13:50:00;4,7; m/s
04-10-2025;14:00:00;4,7; m/s
04-10-2025;14:10:00;4,4; m/s
04-10-2025;14:20:00;4,9; m/s
04-10-2025;14:30:00;5; m/s
04-10-2025;14:40:00;4,9; m/s
04-10-2025;14:50:00;4,3; m/s
04-10-2025;15:00:00;3,4; m/s
04-10-2025;15:10:00;3,7; m/s
04-10-2025;15:20:00;3,7; m/s
04-10-2025;15:30:00;4,1; m/s
04-10-2025;15:40:00;3,9; m/s
04-10-2025;15:50:00;4; m/s
04-10-2025;16:00:00;3; m/s
04-10-2025;16:10:00;3,2; m/s
04-10-2025;16:20:00;3,6; m/s
04-10-2025;16:30:00;3,3; m/s
04-10-2025;16:40:00;3,3; m/s
04-10-2025;16:50:00;4; m/s
04-10-2025;17:00:00;3,2; m/s
04-10-2025;17:10:00;2,4; m/s
04-10-2025;17:20:00;2,7; m/s
04-10-2025;17:30:00;1,7; m/s
04-10-2025;17:40:00;2,6; m/s
04-10-2025;17:50:00;3; m/s
04-10-2025;18:00:00;3; m/s
04-10-2025;18:10:00;2; m/s
04-10-2025;18:20:00;2,4; m/s
04-10-2025;18:30:00;2,9; m/s
04-10-2025;18:40:00;2,1; m/s
04-10-2025;18:50:00;1,8; m/s
04-10-2025;19:00:00;2,4; m/s
04-10-2025;19:10:00;2; m/s
04-10-2025;19:20:00;1,9; m/s
04-10-2025;19:30:00;1,7; m/s
04-10-2025;19:40:00;3,1; m/s
04-10-2025;19:50:00;2; m/s
04-10-2025;20:00:00;1,7; m/s
04-10-2025;20:10:00;2; m/s
04-10-2025;20:20:00;2,3; m/s
04-10-2025;20:30:00;2,3; m/s
04-10-2025;20:40:00;2,9; m/s
04-10-2025;20:50:00;2,4; m/s
04-10-2025;21:00:00;2,3; m/s
04-10-2025;21:10:00;2,3; m/s
04-10-2025;21:20:00;2,8; m/s
04-10-2025;21:30:00;2,6; m/s
04-10-2025;21:40:00;3; m/s
04-10-2025;21:50:00;2,6; m/s
04-10-2025;22:00:00;3; m/s
04-10-2025;22:10:00;2,5; m/s
04-10-2025;22:20:00;2,4; m/s
04-10-2025;22:30:00;2,4; m/s
04-10-2025;22:40:00;2,9; m/s
04-10-2025;22:50:00;2,8; m/s
04-10-2025;23:00:00;2,6; m/s
04-10-2025;23:10:00;2,4; m/s
04-10-2025;23:20:00;2,9; m/s
04-10-2025;23:30:00;2,8; m/s
04-10-2025;23:40:00;3,3; m/s
04-10-2025;23:50:00;3,2; m/s
05-10-2025;00:00:00;3,1; m/s
05-10-2025;00:10:00;2,8; m/s
05-10-2025;00:20:00;2,5; m/s
05-10-2025;00:30:00;2,8; m/s
05-10-2025;00:40:00;3,9; m/s
05-10-2025;00:50:00;4,4; m/s
05-10-2025;01:00:00;5,3; m/s
05-10-2025;01:10:00;3,9; m/s
05-10-2025;01:20:00;3,9; m/s
05-10-2025;01:30:00;3,2; m/s
05-10-2025;01:40:00;2,9; m/s
05-10-2025;01:50:00;3; m/s
05-10-2025;02:00:00;3,1; m/s
05-10-2025;02:10:00;3; m/s
05-10-2025;02:20:00;2,8; m/s
05-10-2025;02:30:00;3,1; m/s
05-10-2025;02:40:00;2,2; m/s
05-10-2025;02:50:00;2,3; m/s
05-10-2025;03:00:00;2,9; m/s
05-10-2025;03:10:00;3,2; m/s
05-10-2025;03:20:00;3,7; m/s
05-10-2025;03:30:00;2,8; m/s
05-10-2025;03:40:00;4,4; m/s
05-10-2025;03:50:00;3,9; m/s
05-10-2025;04:00:00;4,4; m/s
05-10-2025;04:10:00;4; m/s
05-10-2025;04:20:00;4,3; m/s
05-10-2025;04:30:00;4,4; m/s
05-10-2025;04:40:00;4,6; m/s
05-10-2025;04:50:00;4,6; m/s
05-10-2025;05:00:00;4,8; m/s
05-10-2025;05:10:00;5,5; m/s
05-10-2025;05:20:00;4,8; m/s
05-10-2025;05:30:00;5,1; m/s
05-10-2025;05:40:00;5,3; m/s
05-10-2025;05:50:00;5,5; m/s
05-10-2025;06:00:00;6,1; m/s
05-10-2025;06:10:00;5,1; m/s
05-10-2025;06:20:00;7,1; m/s
05-10-2025;06:30:00;5,6; m/s
05-10-2025;06:40:00;6,7; m/s
05-10-2025;06:50:00;7,2; m/s
05-10-2025;07:00:00;7; m/s
05-10-2025;07:10:00;6; m/s
05-10-2025;07:20:00;5,4; m/s
05-10-2025;07:30:00;5,5; m/s
05-10-2025;07:40:00;6,4; m/s
05-10-2025;07:50:00;6,5; m/s
05-10-2025;08:00:00;7,9; m/s
05-10-2025;08:10:00;6,5; m/s
05-10-2025;08:20:00;6,8; m/s
05-10-2025;08:30:00;6,8; m/s
05-10-2025;08:40:00;5,7; m/s
05-10-2025;08:50:00;5,6; m/s
05-10-2025;09:00:00;5,2; m/s
05-10-2025;09:10:00;5,2; m/s
05-10-2025;09:20:00;5,1; m/s
05-10-2025;09:30:00;5,4; m/s
05-10-2025;09:40:00;5; m/s
05-10-2025;09:50:00;4,8; m/s
05-10-2025;10:00:00;5,8; m/s
05-10-2025;10:10:00;5,1; m/s
05-10-2025;10:20:00;5,7; m/s
05-10-2025;10:30:00;5,1; m/s
05-10-2025;10:40:00;6; m/s
05-10-2025;10:50:00;5,6; m/s
05-10-2025;11:00:00;4,1; m/s
05-10-2025;11:10:00;4,7; m/s
05-10-2025;11:20:00;4,5; m/s
05-10-2025;11:30:00;6,3; m/s
05-10-2025;11:40:00;9,9; m/s
05-10-2025;11:50:00;16,3; m/s
05-10-2025;12:00:00;12,2; m/s
05-10-2025;12:10:00;9,3; m/s
05-10-2025;12:20:00;9,1; m/s
05-10-2025;12:30:00;9,3; m/s
05-10-2025;12:40:00;9; m/s
05-10-2025;12:50:00;7,8; m/s
05-10-2025;13:00:00;7,8; m/s
05-10-2025;13:10:00;6,7; m/s
05-10-2025;13:20:00;6; m/s
05-10-2025;13:30:00;7; m/s
05-10-2025;13:40:00;5,5; m/s
05-10-2025;13:50:00;7,2; m/s
05-10-2025;14:00:00;6,8; m/s
05-10-2025;14:10:00;5; m/s
05-10-2025;14:20:00;4,7; m/s
05-10-2025;14:30:00;4,3; m/s
05-10-2025;14:40:00;5; m/s
05-10-2025;14:50:00;10,3; m/s
05-10-2025;15:00:00;11,8; m/s
05-10-2025;15:10:00;12,2; m/s
05-10-2025;15:20:00;12,4; m/s
05-10-2025;15:30:00;13,6; m/s
05-10-2025;15:40:00;13,1; m/s
05-10-2025;15:50:00;12,7; m/s
05-10-2025;16:00:00;13,3; m/s
05-10-2025;16:10:00;12,1; m/s
05-10-2025;16:20:00;10,2; m/s
05-10-2025;16:30:00;10,8; m/s
05-10-2025;16:40:00;12,7; m/s
05-10-2025;16:50:00;11,8; m/s
05-10-2025;17:00:00;11,9; m/s
05-10-2025;17:10:00;10,9; m/s
05-10-2025;17:20:00;7,8; m/s
05-10-2025;17:30:00;7,6; m/s
05-10-2025;17:40:00;8,5; m/s
05-10-2025;17:50:00;8,7; m/s
05-10-2025;18:00:00;8,8; m/s
05-10-2025;18:10:00;7,7; m/s
05-10-2025;18:20:00;8; m/s
05-10-2025;18:30:00;8,1; m/s
05-10-2025;18:40:00;7,1; m/s
05-10-2025;18:50:00;8,6; m/s
05-10-2025;19:00:00;9,8; m/s
05-10-2025;19:10:00;8,8; m/s
05-10-2025;19:20:00;8,6; m/s
05-10-2025;19:30:00;8,8; m/s
05-10-2025;19:40:00;8,6; m/s
05-10-2025;19:50:00;10,3; m/s
05-10-2025;20:00:00;11; m/s
05-10-2025;20:10:00;10,9; m/s
05-10-2025;20:20:00;10,2; m/s
05-10-2025;20:30:00;9,2; m/s
05-10-2025;20:40:00;8,8; m/s
05-10-2025;20:50:00;5,2; m/s
05-10-2025;21:00:00;4,6; m/s
05-10-2025;21:10:00;4,9; m/s
05-10-2025;21:20:00;4,3; m/s
05-10-2025;21:30:00;4,7; m/s
05-10-2025;21:40:00;4,9; m/s
05-10-2025;21:50:00;4,8; m/s
05-10-2025;22:00:00;5,4; m/s
05-10-2025;22:10:00;6,1; m/s
05-10-2025;22:20:00;7,4; m/s
05-10-2025;22:30:00;7,3; m/s
05-10-2025;22:40:00;6,4; m/s
05-10-2025;22:50:00;6,4; m/s
05-10-2025;23:00:00;5,9; m/s
05-10-2025;23:10:00;5,3; m/s
05-10-2025;23:20:00;6,4; m/s
05-10-2025;23:30:00;5,8; m/s
05-10-2025;23:40:00;6,2; m/s
05-10-2025;23:50:00;6,7; m/s
06-10-2025;00:00:00;6,8; m/s
06-10-2025;00:10:00;6,3; m/s
06-10-2025;00:20:00;5,4; m/s
06-10-2025;00:30:00;4,7; m/s
06-10-2025;00:40:00;4,7; m/s
06-10-2025;00:50:00;5,2; m/s
06-10-2025;01:00:00;5,4; m/s
06-10-2025;01:10:00;6,1; m/s
06-10-2025;01:20:00;6,1; m/s
06-10-2025;01:30:00;6; m/s
06-10-2025;01:40:00;4,8; m/s
06-10-2025;01:50:00;5,1; m/s
06-10-2025;02:00:00;5,7; m/s
06-10-2025;02:10:00;5,7; m/s
06-10-2025;02:20:00;5,8; m/s
06-10-2025;02:30:00;6,6; m/s
06-10-2025;02:40:00;7,1; m/s
06-10-2025;02:50:00;6,9; m/s
06-10-2025;03:00:00;6,7; m/s
06-10-2025;03:10:00;5,5; m/s
06-10-2025;03:20:00;4,9; m/s
06-10-2025;03:30:00;4; m/s
06-10-2025;03:40:00;4,1; m/s
06-10-2025;03:50:00;3,6; m/s
06-10-2025;04:00:00;3,2; m/s
06-10-2025;04:10:00;2,5; m/s
06-10-2025;04:20:00;3,4; m/s
06-10-2025;04:30:00;4,3; m/s
06-10-2025;04:40:00;4,9; m/s
06-10-2025;04:50:00;3,8; m/s
06-10-2025;05:00:00;3,4; m/s
06-10-2025;05:10:00;4,2; m/s
06-10-2025;05:20:00;4; m/s
06-10-2025;05:30:00;3,9; m/s
06-10-2025;05:40:00;4,1; m/s
06-10-2025;05:50:00;3,7; m/s
06-10-2025;06:00:00;3,9; m/s
06-10-2025;06:10:00;3,5; m/s
06-10-2025;06:20:00;3,6; m/s
06-10-2025;06:30:00;3,6; m/s
06-10-2025;06:40:00;3,6; m/s
06-10-2025;07:00:00;3,4; m/s
06-10-2025;07:10:00;3,6; m/s
06-10-2025;07:20:00;2,9; m/s
06-10-2025;07:30:00;2,5; m/s
06-10-2025;07:40:00;3,3; m/s
06-10-2025;07:50:00;2,8; m/s
06-10-2025;08:00:00;2,3; m/s
06-10-2025;08:10:00;2,5; m/s
06-10-2025;08:20:00;2,8; m/s
06-10-2025;08:30:00;3; m/s
06-10-2025;08:40:00;2,4; m/s
06-10-2025;08:50:00;2,4; m/s
06-10-2025;09:00:00;2,2; m/s
06-10-2025;09:10:00;2,1; m/s
06-10-2025;09:20:00;1,7; m/s
06-10-2025;09:30:00;1,8; m/s
06-10-2025;09:40:00;2,5; m/s
06-10-2025;09:50:00;3,5; m/s
06-10-2025;10:00:00;3,7; m/s
06-10-2025;10:10:00;3; m/s
06-10-2025;10:20:00;2,3; m/s
06-10-2025;10:30:00;2,9; m/s
06-10-2025;10:40:00;3,1; m/s
06-10-2025;10:50:00;2,8; m/s
06-10-2025;11:00:00;2,9; m/s
06-10-2025;11:10:00;2,2; m/s
06-10-2025;11:20:00;2,9; m/s
06-10-2025;11:30:00;2,8; m/s
06-10-2025;11:40:00;3,8; m/s
06-10-2025;11:50:00;3,7; m/s
06-10-2025;12:00:00;3,1; m/s
06-10-2025;12:10:00;2,7; m/s
06-10-2025;12:20:00;2,6; m/s
06-10-2025;12:30:00;4,1; m/s
06-10-2025;12:40:00;4; m/s
06-10-2025;12:50:00;5,3; m/s
06-10-2025;13:00:00;5,1; m/s
06-10-2025;13:10:00;4,4; m/s
06-10-2025;13:20:00;3,1; m/s
06-10-2025;13:30:00;4; m/s
06-10-2025;13:40:00;4,8; m/s
06-10-2025;13:50:00;4,6; m/s
06-10-2025;14:00:00;3,9; m/s
06-10-2025;14:10:00;3,4; m/s
06-10-2025;14:20:00;4; m/s
06-10-2025;14:30:00;6,1; m/s
06-10-2025;14:40:00;3,5; m/s
06-10-2025;14:50:00;4,2; m/s
06-10-2025;15:00:00;2,8; m/s
06-10-2025;15:10:00;3,9; m/s
06-10-2025;15:20:00;5,6; m/s
06-10-2025;15:30:00;5,6; m/s
06-10-2025;15:40:00;3,9; m/s
06-10-2025;15:50:00;3,4; m/s
06-10-2025;16:00:00;3,7; m/s
06-10-2025;16:10:00;3,9; m/s
06-10-2025;16:20:00;4,5; m/s
06-10-2025;16:30:00;4,5; m/s
06-10-2025;16:40:00;4,2; m/s
06-10-2025;16:50:00;4; m/s
06-10-2025;17:00:00;4,7; m/s
06-10-2025;17:10:00;3,2; m/s
06-10-2025;17:20:00;3,4; m/s
06-10-2025;17:30:00;3,8; m/s
06-10-2025;17:40:00;3,7; m/s
06-10-2025;17:50:00;4; m/s
06-10-2025;18:00:00;3,8; m/s
06-10-2025;18:10:00;4,7; m/s
06-10-2025;18:20:00;3,5; m/s
06-10-2025;18:30:00;2,4; m/s
06-10-2025;18:40:00;3; m/s
06-10-2025;18:50:00;3,3; m/s
06-10-2025;19:00:00;4,1; m/s
06-10-2025;19:10:00;4,5; m/s
06-10-2025;19:20:00;4,4; m/s
06-10-2025;19:30:00;4,7; m/s
06-10-2025;19:40:00;4,4; m/s
06-10-2025;19:50:00;4,2; m/s
06-10-2025;20:00:00;4,4; m/s
06-10-2025;20:10:00;3,8; m/s
06-10-2025;20:20:00;4; m/s
06-10-2025;20:30:00;4; m/s
06-10-2025;20:40:00;3,4; m/s
06-10-2025;20:50:00;3,1; m/s
06-10-2025;21:00:00;3,2; m/s
06-10-2025;21:10:00;2,9; m/s
06-10-2025;21:20:00;3,1; m/s
06-10-2025;21:30:00;2,7; m/s
06-10-2025;21:40:00;2,8; m/s
06-10-2025;21:50:00;3,4; m/s
06-10-2025;22:00:00;3,9; m/s
06-10-2025;22:10:00;3,8; m/s
06-10-2025;22:20:00;3,2; m/s
06-10-2025;22:30:00;3,7; m/s
06-10-2025;22:40:00;3,5; m/s
06-10-2025;22:50:00;3,2; m/s
06-10-2025;23:00:00;3,2; m/s
06-10-2025;23:10:00;4,2; m/s
06-10-2025;23:20:00;4,3; m/s
06-10-2025;23:30:00;4,4; m/s
06-10-2025;23:40:00;4,1; m/s
06-10-2025;23:50:00;4; m/s
07-10-2025;00:00:00;2,9; m/s
07-10-2025;00:10:00;4; m/s
07-10-2025;00:20:00;4,6; m/s
07-10-2025;00:30:00;4,6; m/s
07-10-2025;00:40:00;4,2; m/s
07-10-2025;00:50:00;3,5; m/s
07-10-2025;01:00:00;5; m/s
07-10-2025;01:10:00;4,6; m/s
07-10-2025;01:20:00;4,6; m/s
07-10-2025;01:30:00;4,2; m/s
07-10-2025;01:40:00;3,5; m/s
07-10-2025;01:50:00;4,3; m/s
07-10-2025;02:00:00;5,2; m/s
07-10-2025;02:10:00;5,5; m/s
07-10-2025;02:20:00;5,3; m/s
07-10-2025;02:30:00;5,1; m/s
07-10-2025;02:40:00;4,2; m/s
07-10-2025;02:50:00;3,9; m/s
07-10-2025;03:00:00;4,4; m/s
07-10-2025;03:10:00;4,9; m/s
07-10-2025;03:20:00;4,1; m/s
07-10-2025;03:30:00;3,7; m/s
07-10-2025;03:40:00;4,1; m/s
07-10-2025;03:50:00;4; m/s
07-10-2025;04:00:00;4,5; m/s
07-10-2025;04:10:00;5,3; m/s
07-10-2025;04:20:00;4,5; m/s
07-10-2025;04:30:00;3,7; m/s
07-10-2025;04:40:00;3,5; m/s
07-10-2025;04:50:00;3,3; m/s
07-10-2025;05:00:00;2,8; m/s
07-10-2025;05:10:00;3,3; m/s
07-10-2025;05:20:00;4,3; m/s
07-10-2025;05:30:00;4; m/s
07-10-2025;05:40:00;4,5; m/s
07-10-2025;05:50:00;4,4; m/s
07-10-2025;06:00:00;4,2; m/s
07-10-2025;06:10:00;5; m/s
07-10-2025;06:20:00;5; m/s
07-10-2025;06:30:00;4,3; m/s
07-10-2025;06:40:00;3,9; m/s
07-10-2025;06:50:00;3,6; m/s
07-10-2025;07:00:00;4,1; m/s
07-10-2025;07:10:00;4,6; m/s
07-10-2025;07:20:00;4,2; m/s
07-10-2025;07:30:00;4,1; m/s
07-10-2025;07:40:00;3,3; m/s
07-10-2025;07:50:00;2,5; m/s
07-10-2025;08:00:00;2,7; m/s
07-10-2025;08:10:00;2,3; m/s
07-10-2025;08:20:00;2,6; m/s
07-10-2025;08:30:00;3; m/s
07-10-2025;08:40:00;2,3; m/s
07-10-2025;08:50:00;3; m/s
07-10-2025;09:00:00;2,1; m/s
07-10-2025;09:10:00;2,4; m/s
07-10-2025;09:20:00;2; m/s
07-10-2025;09:30:00;2,7; m/s
07-10-2025;09:40:00;3; m/s
07-10-2025;09:50:00;2,9; m/s
07-10-2025;10:00:00;3,6; m/s
07-10-2025;10:10:00;3,5; m/s
07-10-2025;10:20:00;2,9; m/s
07-10-2025;10:30:00;2,9; m/s
07-10-2025;10:40:00;2,4; m/s
07-10-2025;10:50:00;3,1; m/s
07-10-2025;11:00:00;2,8; m/s
07-10-2025;11:10:00;3,2; m/s
07-10-2025;11:20:00;2,7; m/s
07-10-2025;11:30:00;3,7; m/s
07-10-2025;11:40:00;5,2; m/s
07-10-2025;11:50:00;6,7; m/s
07-10-2025;12:00:00;7,2; m/s
07-10-2025;12:10:00;7,2; m/s
07-10-2025;12:20:00;6,9; m/s
07-10-2025;12:30:00;6,8; m/s
07-10-2025;12:40:00;7,6; m/s
07-10-2025;12:50:00;8,1; m/s
07-10-2025;13:00:00;8,9; m/s
07-10-2025;13:10:00;8,8; m/s
07-10-2025;13:20:00;8; m/s
07-10-2025;13:30:00;8,2; m/s
07-10-2025;13:40:00;9,1; m/s
07-10-2025;13:50:00;9; m/s
07-10-2025;14:00:00;8,5; m/s
07-10-2025;14:10:00;8,5; m/s
07-10-2025;14:20:00;8,2; m/s
07-10-2025;14:30:00;8; m/s
07-10-2025;14:40:00;8,3; m/s
07-10-2025;14:50:00;7,8; m/s
07-10-2025;15:00:00;7; m/s
07-10-2025;15:10:00;7,2; m/s
07-10-2025;15:20:00;6,9; m/s
07-10-2025;15:30:00;6; m/s
07-10-2025;15:40:00;5,8; m/s
07-10-2025;15:50:00;5,7; m/s
07-10-2025;16:00:00;4,8; m/s
07-10-2025;16:10:00;5,1; m/s
07-10-2025;16:20:00;3,4; m/s
07-10-2025;16:30:00;2,8; m/s
07-10-2025;16:40:00;4,4; m/s
07-10-2025;16:50:00;4,1; m/s
07-10-2025;17:00:00;3,9; m/s
07-10-2025;17:10:00;3,6; m/s
07-10-2025;17:20:00;2,1; m/s
07-10-2025;17:30:00;3; m/s
07-10-2025;17:40:00;3,4; m/s
07-10-2025;17:50:00;3,4; m/s
07-10-2025;18:00:00;3,4; m/s
07-10-2025;18:10:00;3,1; m/s
07-10-2025;18:20:00;3,1; m/s
07-10-2025;18:30:00;3; m/s
07-10-2025;18:40:00;3; m/s
07-10-2025;18:50:00;3,4; m/s
07-10-2025;19:00:00;3,9; m/s
07-10-2025;19:10:00;3,8; m/s
07-10-2025;19:20:00;3,3; m/s
07-10-2025;19:30:00;3,3; m/s
07-10-2025;19:40:00;2,4; m/s
07-10-2025;19:50:00;2,2; m/s
07-10-2025;20:00:00;3; m/s
07-10-2025;20:10:00;3,5; m/s
07-10-2025;20:20:00;4; m/s
07-10-2025;20:30:00;3,8; m/s
07-10-2025;20:40:00;2,7; m/s
07-10-2025;20:50:00;2,6; m/s
07-10-2025;21:00:00;2,8; m/s
07-10-2025;21:10:00;3,3; m/s
07-10-2025;21:20:00;3,5; m/s
07-10-2025;21:30:00;3,6; m/s
07-10-2025;21:40:00;3,3; m/s
07-10-2025;21:50:00;3,3; m/s
07-10-2025;22:00:00;3,6; m/s
07-10-2025;22:10:00;3,6; m/s
07-10-2025;22:20:00;2,7; m/s
07-10-2025;22:30:00;4,3; m/s
07-10-2025;22:40:00;5,2; m/s
07-10-2025;22:50:00;5,3; m/s
07-10-2025;23:00:00;4,6; m/s
07-10-2025;23:10:00;3,2; m/s
07-10-2025;23:20:00;2,8; m/s
07-10-2025;23:30:00;2,8; m/s
07-10-2025;23:40:00;5,3; m/s
07-10-2025;23:50:00;4,5; m/s
08-10-2025;00:00:00;3,3; m/s
08-10-2025;00:10:00;2,5; m/s
08-10-2025;00:20:00;2,7; m/s
08-10-2025;00:30:00;3,8; m/s
08-10-2025;00:40:00;4,3; m/s
08-10-2025;00:50:00;3,3; m/s
08-10-2025;01:00:00;2,9; m/s
08-10-2025;01:10:00;2,8; m/s
08-10-2025;01:20:00;3,8; m/s
08-10-2025;01:30:00;4,3; m/s
08-10-2025;01:40:00;4,4; m/s
08-10-2025;01:50:00;3,6; m/s
08-10-2025;02:00:00;3,9; m/s
08-10-2025;02:10:00;4,4; m/s
08-10-2025;02:20:00;4,5; m/s
08-10-2025;02:30:00;5; m/s
08-10-2025;02:40:00;4,9; m/s
08-10-2025;02:50:00;4,5; m/s
08-10-2025;03:00:00;4,1; m/s
08-10-2025;03:10:00;4,4; m/s
08-10-2025;03:20:00;5,9; m/s
08-10-2025;03:30:00;5,4; m/s
08-10-2025;03:40:00;5,3; m/s
08-10-2025;03:50:00;4,4; m/s
08-10-2025;04:00:00;3,2; m/s
08-10-2025;04:10:00;3,8; m/s
08-10-2025;04:20:00;4,1; m/s
08-10-2025;04:30:00;3,2; m/s
08-10-2025;04:40:00;4,6; m/s
08-10-2025;04:50:00;3,8; m/s
08-10-2025;05:00:00;3,9; m/s
08-10-2025;05:10:00;4,7; m/s
08-10-2025;05:20:00;4,7; m/s
08-10-2025;05:30:00;5,2; m/s
08-10-2025;05:40:00;5,6; m/s
08-10-2025;05:50:00;5,3; m/s
08-10-2025;06:00:00;4,4; m/s
08-10-2025;06:10:00;4,4; m/s
08-10-2025;06:20:00;4,6; m/s
08-10-2025;06:30:00;3,6; m/s
08-10-2025;06:40:00;3,1; m/s
08-10-2025;06:50:00;4,4; m/s
08-10-2025;07:00:00;5,5; m/s
08-10-2025;07:10:00;4,5; m/s
08-10-2025;07:20:00;3,9; m/s
08-10-2025;07:30:00;3,7; m/s
08-10-2025;07:40:00;4,4; m/s
08-10-2025;07:50:00;3,5; m/s
08-10-2025;08:00:00;4,4; m/s
08-10-2025;08:10:00;4,2; m/s
08-10-2025;08:20:00;4,2; m/s
08-10-2025;08:30:00;4,7; m/s
08-10-2025;08:40:00;4,7; m/s
08-10-2025;08:50:00;4,2; m/s
08-10-2025;09:00:00;5,9; m/s
08-10-2025;09:10:00;4,5; m/s
08-10-2025;09:20:00;5,5; m/s
08-10-2025;09:30:00;3,3; m/s
08-10-2025;09:40:00;2,8; m/s
08-10-2025;09:50:00;3,6; m/s
08-10-2025;10:00:00;3,4; m/s
08-10-2025;10:10:00;3,1; m/s
08-10-2025;10:20:00;2,7; m/s
08-10-2025;10:30:00;2,5; m/s
08-10-2025;10:40:00;2,2; m/s
08-10-2025;10:50:00;2,1; m/s
08-10-2025;11:00:00;2,1; m/s
08-10-2025;11:10:00;2,1; m/s
08-10-2025;11:20:00;4,5; m/s
08-10-2025;11:30:00;4,1; m/s
08-10-2025;11:40:00;5,4; m/s
08-10-2025;11:50:00;5,6; m/s
08-10-2025;12:00:00;5,3; m/s
08-10-2025;12:10:00;5,3; m/s
08-10-2025;12:20:00;6,5; m/s
08-10-2025;12:30:00;6,7; m/s
08-10-2025;12:40:00;6; m/s
08-10-2025;12:50:00;6,5; m/s
08-10-2025;13:00:00;6,8; m/s
08-10-2025;13:10:00;7,1; m/s
08-10-2025;13:20:00;6,4; m/s
08-10-2025;13:30:00;6,5; m/s
08-10-2025;13:40:00;6,2; m/s
08-10-2025;13:50:00;6,4; m/s
08-10-2025;14:00:00;6; m/s
08-10-2025;14:10:00;5,4; m/s
08-10-2025;14:20:00;5,2; m/s
08-10-2025;14:30:00;5,5; m/s
08-10-2025;14:40:00;5,6; m/s
08-10-2025;14:50:00;5,6; m/s
08-10-2025;15:00:00;5,1; m/s
08-10-2025;15:10:00;5; m/s
08-10-2025;15:20:00;5; m/s
08-10-2025;15:30:00;4,9; m/s
08-10-2025;15:40:00;5,1; m/s
08-10-2025;15:50:00;5,4; m/s
08-10-2025;16:00:00;5,8; m/s
08-10-2025;16:10:00;5,8; m/s
08-10-2025;16:20:00;5,3; m/s
08-10-2025;16:30:00;5,1; m/s
08-10-2025;16:40:00;4,8; m/s
08-10-2025;16:50:00;5,5; m/s
08-10-2025;17:00:00;6; m/s
08-10-2025;17:10:00;6,2; m/s
08-10-2025;17:20:00;6,3; m/s
08-10-2025;17:30:00;6,4; m/s
08-10-2025;17:40:00;6,4; m/s
08-10-2025;17:50:00;5,8; m/s
08-10-2025;18:00:00;4,9; m/s
08-10-2025;18:10:00;3,5; m/s
08-10-2025;18:20:00;4; m/s
08-10-2025;18:30:00;3,7; m/s
08-10-2025;18:40:00;2,8; m/s
08-10-2025;18:50:00;3,8; m/s
08-10-2025;19:10:00;3,5; m/s
08-10-2025;19:20:00;3,3; m/s
08-10-2025;19:30:00;4,2; m/s
08-10-2025;19:40:00;3,7; m/s
08-10-2025;19:50:00;2,8; m/s
08-10-2025;20:00:00;2; m/s
08-10-2025;20:10:00;1,8; m/s
08-10-2025;20:20:00;1,8; m/s
08-10-2025;20:30:00;1,9; m/s
08-10-2025;20:40:00;1,6; m/s
08-10-2025;20:50:00;1,5; m/s
08-10-2025;21:00:00;1,3; m/s
08-10-2025;21:10:00;1,6; m/s
08-10-2025;21:20:00;1,5; m/s
08-10-2025;21:30:00;1,9; m/s
08-10-2025;21:40:00;3,3; m/s
08-10-2025;21:50:00;3,4; m/s
08-10-2025;22:00:00;2,9; m/s
08-10-2025;22:10:00;2,5; m/s
08-10-2025;22:20:00;3,2; m/s
08-10-2025;22:30:00;2,1; m/s
08-10-2025;22:40:00;2,5; m/s
08-10-2025;22:50:00;2,5; m/s
08-10-2025;23:00:00;2,7; m/s
08-10-2025;23:10:00;3,1; m/s
08-10-2025;23:20:00;2,4; m/s
08-10-2025;23:30:00;2,3; m/s
08-10-2025;23:40:00;2,2; m/s
08-10-2025;23:50:00;2,2; m/s
09-10-2025;00:00:00;2,3; m/s
09-10-2025;00:10:00;2,5; m/s
09-10-2025;00:20:00;3; m/s
09-10-2025;00:30:00;2; m/s
09-10-2025;00:40:00;3; m/s
09-10-2025;00:50:00;2,2; m/s
09-10-2025;01:00:00;2,3; m/s
09-10-2025;01:10:00;3; m/s
09-10-2025;01:20:00;3,1; m/s
09-10-2025;01:30:00;2,7; m/s
09-10-2025;01:40:00;3; m/s
09-10-2025;01:50:00;2,4; m/s
09-10-2025;02:00:00;2; m/s
09-10-2025;02:10:00;2,1; m/s
09-10-2025;02:20:00;2,4; m/s
09-10-2025;02:30:00;2,7; m/s
09-10-2025;02:40:00;3; m/s
09-10-2025;02:50:00;2,9; m/s
09-10-2025;03:00:00;3,6; m/s
09-10-2025;03:10:00;3,5; m/s
09-10-2025;03:20:00;2,8; m/s
09-10-2025;03:30:00;3,4; m/s
09-10-2025;03:40:00;3; m/s
09-10-2025;03:50:00;2,1; m/s
09-10-2025;04:00:00;2,2; m/s
09-10-2025;04:10:00;3,3; m/s
09-10-2025;04:20:00;3,2; m/s
09-10-2025;04:30:00;2,7; m/s
09-10-2025;04:40:00;2,8; m/s
09-10-2025;04:50:00;3,3; m/s
09-10-2025;05:00:00;3,3; m/s
09-10-2025;05:10:00;3,1; m/s
09-10-2025;05:20:00;3,1; m/s
09-10-2025;05:30:00;2,8; m/s
09-10-2025;05:40:00;2,8; m/s
09-10-2025;05:50:00;3,2; m/s
09-10-2025;06:00:00;3,1; m/s
09-10-2025;06:10:00;2,7; m/s
09-10-2025;06:20:00;2,7; m/s
09-10-2025;06:30:00;2,4; m/s
09-10-2025;06:40:00;2,8; m/s
09-10-2025;06:50:00;3,1; m/s
09-10-2025;07:00:00;3,2; m/s
09-10-2025;07:10:00;3,1; m/s
09-10-2025;07:20:00;2,6; m/s
09-10-2025;07:30:00;3,1; m/s
09-10-2025;07:40:00;3,1; m/s
09-10-2025;07:50:00;2,8; m/s
09-10-2025;08:00:00;2,5; m/s
09-10-2025;08:10:00;2,6; m/s
09-10-2025;08:20:00;2; m/s
09-10-2025;08:30:00;1,5; m/s
09-10-2025;08:40:00;1,5; m/s
09-10-2025;08:50:00;1,7; m/s
09-10-2025;09:00:00;1,6; m/s
09-10-2025;09:10:00;1,7; m/s
09-10-2025;09:20:00;1,5; m/s
09-10-2025;09:30:00;2,3; m/s
09-10-2025;09:40:00;2,6; m/s
09-10-2025;09:50:00;1,8; m/s
09-10-2025;10:00:00;1,8; m/s
09-10-2025;10:10:00;1,8; m/s
09-10-2025;10:20:00;1,9; m/s
09-10-2025;10:30:00;1,9; m/s
09-10-2025;10:40:00;2; m/s
09-10-2025;10:50:00;1,8; m/s
09-10-2025;11:00:00;1,8; m/s
09-10-2025;11:10:00;1,9; m/s
09-10-2025;11:20:00;2,1; m/s
09-10-2025;11:30:00;1,8; m/s
09-10-2025;11:40:00;1,9; m/s
09-10-2025;11:50:00;2; m/s
09-10-2025;12:00:00;2; m/s
09-10-2025;12:10:00;2,1; m/s
09-10-2025;12:20:00;2,1; m/s
09-10-2025;12:30:00;2,1; m/s
09-10-2025;12:40:00;2,1; m/s
09-10-2025;12:50:00;2,1; m/s
09-10-2025;13:00:00;2,2; m/s
09-10-2025;13:10:00;2,1; m/s
09-10-2025;13:20:00;2,3; m/s
09-10-2025;13:30:00;2,2; m/s
09-10-2025;13:40:00;2,2; m/s
09-10-2025;13:50:00;1,9; m/s
09-10-2025;14:00:00;2,3; m/s
09-10-2025;14:10:00;2,1; m/s
09-10-2025;14:20:00;2,4; m/s
09-10-2025;14:30:00;2,3; m/s
09-10-2025;14:40:00;2,1; m/s
09-10-2025;14:50:00;2,3; m/s
09-10-2025;15:00:00;2,1; m/s
09-10-2025;15:10:00;2,2; m/s
09-10-2025;15:20:00;1,9; m/s
09-10-2025;15:30:00;2,3; m/s
09-10-2025;15:40:00;2,3; m/s
09-10-2025;15:50:00;2,7; m/s
09-10-2025;16:00:00;2,5; m/s
09-10-2025;16:10:00;2,7; m/s
09-10-2025;16:20:00;3; m/s
09-10-2025;16:30:00;3,5; m/s
09-10-2025;16:40:00;3,4; m/s
09-10-2025;16:50:00;3,1; m/s
09-10-2025;17:00:00;3,2; m/s
09-10-2025;17:10:00;3,2; m/s
09-10-2025;17:20:00;3,4; m/s
09-10-2025;17:30:00;3,6; m/s
09-10-2025;17:40:00;3; m/s
09-10-2025;17:50:00;2,5; m/s
09-10-2025;18:00:00;2,7; m/s
09-10-2025;18:10:00;2,8; m/s
09-10-2025;18:20:00;2,6; m/s
09-10-2025;18:30:00;2,2; m/s
09-10-2025;18:40:00;1,9; m/s
09-10-2025;18:50:00;1,7; m/s
09-10-2025;19:00:00;1,7; m/s
09-10-2025;19:10:00;1,2; m/s
09-10-2025;19:20:00;1,5; m/s
09-10-2025;19:30:00;0,7; m/s
09-10-2025;19:40:00;0,9; m/s
09-10-2025;19:50:00;1,1; m/s
09-10-2025;20:00:00;1; m/s
09-10-2025;20:10:00;1; m/s
09-10-2025;20:20:00;1,3; m/s
09-10-2025;20:30:00;0,7; m/s
09-10-2025;20:40:00;0,9; m/s
09-10-2025;20:50:00;1; m/s
09-10-2025;21:00:00;1,2; m/s
09-10-2025;21:10:00;1,2; m/s
09-10-2025;21:20:00;1,4; m/s
09-10-2025;21:30:00;1,6; m/s
09-10-2025;21:40:00;1,7; m/s
09-10-2025;21:50:00;1,9; m/s
09-10-2025;22:00:00;2; m/s
09-10-2025;22:10:00;1,9; m/s
09-10-2025;22:20:00;2,2; m/s
09-10-2025;22:30:00;2,8; m/s
09-10-2025;22:40:00;2,7; m/s
09-10-2025;22:50:00;2,4; m/s
09-10-2025;23:00:00;2,6; m/s
09-10-2025;23:10:00;2,7; m/s
09-10-2025;23:20:00;2,9; m/s
09-10-2025;23:30:00;2,9; m/s
09-10-2025;23:40:00;2,8; m/s
09-10-2025;23:50:00;2,6; m/s
10-10-2025;00:00:00;2,8; m/s
10-10-2025;00:10:00;2,5; m/s
10-10-2025;00:20:00;2,2; m/s
10-10-2025;00:30:00;1,9; m/s
10-10-2025;00:40:00;1,8; m/s
10-10-2025;00:50:00;2,1; m/s
10-10-2025;01:00:00;2,2; m/s
10-10-2025;01:10:00;2,5; m/s
10-10-2025;01:20:00;2,3; m/s
10-10-2025;01:30:00;2,3; m/s
10-10-2025;01:40:00;2,5; m/s
10-10-2025;01:50:00;2,1; m/s
10-10-2025;02:00:00;2,2; m/s
10-10-2025;02:10:00;2,4; m/s
10-10-2025;02:20:00;2,6; m/s
10-10-2025;02:30:00;2,6; m/s
10-10-2025;02:40:00;2,2; m/s
10-10-2025;02:50:00;1,8; m/s
10-10-2025;03:00:00;1,7; m/s
10-10-2025;03:10:00;1,9; m/s
10-10-2025;03:20:00;2,2; m/s
10-10-2025;03:30:00;2,6; m/s
10-10-2025;03:40:00;2,4; m/s
10-10-2025;03:50:00;1,8; m/s
10-10-2025;04:00:00;1,6; m/s
10-10-2025;04:10:00;1,6; m/s
10-10-2025;04:20:00;1,1; m/s
10-10-2025;04:30:00;1; m/s
10-10-2025;04:40:00;0,9; m/s
10-10-2025;04:50:00;1,3; m/s
10-10-2025;05:00:00;2; m/s
10-10-2025;05:10:00;2,2; m/s
10-10-2025;05:20:00;2,2; m/s
10-10-2025;05:30:00;2,6; m/s
10-10-2025;05:40:00;2,5; m/s
10-10-2025;05:50:00;2,8; m/s
10-10-2025;06:00:00;3,1; m/s
10-10-2025;06:10:00;3,1; m/s
10-10-2025;06:20:00;2,9; m/s
10-10-2025;06:30:00;2,6; m/s
10-10-2025;06:40:00;2,2; m/s
10-10-2025;06:50:00;1,7; m/s
10-10-2025;07:00:00;1,6; m/s
10-10-2025;07:10:00;1,4; m/s
10-10-2025;07:20:00;1; m/s
10-10-2025;07:30:00;0,9; m/s
10-10-2025;07:40:00;1,3; m/s
10-10-2025;07:50:00;1,4; m/s
10-10-2025;08:00:00;1,4; m/s
10-10-2025;08:10:00;1,8; m/s
10-10-2025;08:20:00;1,5; m/s
10-10-2025;08:30:00;2; m/s
10-10-2025;08:40:00;2,2; m/s
10-10-2025;08:50:00;2,3; m/s
10-10-2025;09:00:00;2,8; m/s
10-10-2025;09:10:00;2,9; m/s
10-10-2025;09:20:00;2,8; m/s
10-10-2025;09:30:00;2,8; m/s
10-10-2025;09:40:00;2,4; m/s
10-10-2025;09:50:00;2,1; m/s
10-10-2025;10:00:00;2,4; m/s
10-10-2025;10:10:00;2,5; m/s
10-10-2025;10:20:00;2,2; m/s
10-10-2025;10:30:00;2,2; m/s
10-10-2025;10:40:00;1,8; m/s
10-10-2025;10:50:00;1,2; m/s
10-10-2025;11:00:00;1,6; m/s
10-10-2025;11:10:00;1,4; m/s
10-10-2025;11:20:00;1,5; m/s
10-10-2025;11:30:00;1,9; m/s
10-10-2025;11:40:00;2,6; m/s
10-10-2025;11:50:00;2,7; m/s
10-10-2025;12:00:00;2,4; m/s
10-10-2025;12:10:00;2,6; m/s
10-10-2025;12:20:00;2,7; m/s
10-10-2025;12:30:00;3; m/s
10-10-2025;12:40:00;2,9; m/s
10-10-2025;12:50:00;2,9; m/s
10-10-2025;13:00:00;3,1; m/s
10-10-2025;13:10:00;2,7; m/s
10-10-2025;13:20:00;3,3; m/s
10-10-2025;13:30:00;3,3; m/s
10-10-2025;13:40:00;2,7; m/s
10-10-2025;13:50:00;2,6; m/s
10-10-2025;14:00:00;2,3; m/s
10-10-2025;14:10:00;1,9; m/s
10-10-2025;14:20:00;2,7; m/s
10-10-2025;14:30:00;3,4; m/s
10-10-2025;14:40:00;2,7; m/s
10-10-2025;14:50:00;2,4; m/s
10-10-2025;15:00:00;2,5; m/s
10-10-2025;15:10:00;2,5; m/s
10-10-2025;15:20:00;2; m/s
10-10-2025;15:30:00;2,1; m/s
10-10-2025;15:40:00;2,8; m/s
10-10-2025;15:50:00;2,7; m/s
10-10-2025;16:00:00;2,9; m/s
10-10-2025;16:10:00;3,2; m/s
10-10-2025;16:20:00;3; m/s
10-10-2025;16:30:00;2,9; m/s
10-10-2025;16:40:00;3,4; m/s
10-10-2025;16:50:00;3,5; m/s
10-10-2025;17:00:00;3,3; m/s
10-10-2025;17:10:00;3,8; m/s
10-10-2025;17:20:00;3,4; m/s
10-10-2025;17:30:00;3,5; m/s
10-10-2025;17:40:00;4,2; m/s
10-10-2025;17:50:00;4; m/s
10-10-2025;18:00:00;3,6; m/s
10-10-2025;18:10:00;3,7; m/s
10-10-2025;18:20:00;3,3; m/s
10-10-2025;18:30:00;1,8; m/s
10-10-2025;18:40:00;1,8; m/s
10-10-2025;18:50:00;2; m/s
10-10-2025;19:00:00;2,5; m/s
10-10-2025;19:10:00;2,7; m/s
10-10-2025;19:20:00;2,7; m/s
10-10-2025;19:30:00;2,2; m/s
10-10-2025;19:40:00;2,3; m/s
10-10-2025;19:50:00;2,1; m/s
10-10-2025;20:00:00;2,1; m/s
10-10-2025;20:10:00;2,7; m/s
10-10-2025;20:20:00;2,2; m/s
10-10-2025;20:30:00;2,1; m/s
10-10-2025;20:40:00;2,5; m/s
10-10-2025;20:50:00;2,3; m/s
10-10-2025;21:00:00;2; m/s
10-10-2025;21:10:00;2,4; m/s
10-10-2025;21:20:00;2; m/s
10-10-2025;21:30:00;2,1; m/s
10-10-2025;21:40:00;2,2; m/s
10-10-2025;21:50:00;2,2; m/s
10-10-2025;22:00:00;1,9; m/s
10-10-2025;22:10:00;2,1; m/s
10-10-2025;22:20:00;2,2; m/s
10-10-2025;22:30:00;2; m/s
10-10-2025;22:40:00;2,5; m/s
10-10-2025;22:50:00;2,5; m/s
10-10-2025;23:00:00;2,5; m/s
10-10-2025;23:10:00;2,4; m/s
10-10-2025;23:20:00;3,1; m/s
10-10-2025;23:30:00;2,5; m/s
10-10-2025;23:40:00;2,4; m/s
10-10-2025;23:50:00;1,9; m/s
11-10-2025;00:00:00;2; m/s
11-10-2025;00:10:00;1,6; m/s
11-10-2025;00:20:00;1,6; m/s
11-10-2025;00:30:00;0,8; m/s
11-10-2025;00:40:00;0,7; m/s
11-10-2025;00:50:00;1,9; m/s
11-10-2025;01:00:00;1,5; m/s
11-10-2025;01:10:00;1,7; m/s
11-10-2025;01:20:00;1,6; m/s
11-10-2025;01:30:00;1,2; m/s
11-10-2025;01:40:00;0,7; m/s
11-10-2025;01:50:00;1; m/s
11-10-2025;02:00:00;1,5; m/s
11-10-2025;02:10:00;1,6; m/s
11-10-2025;02:20:00;0,8; m/s
11-10-2025;02:30:00;0,6; m/s
11-10-2025;02:40:00;0,7; m/s
11-10-2025;02:50:00;2,8; m/s
11-10-2025;03:00:00;2,8; m/s
11-10-2025;03:10:00;3; m/s
11-10-2025;03:20:00;3,1; m/s
11-10-2025;03:30:00;3,7; m/s
11-10-2025;03:40:00;3,6; m/s
11-10-2025;03:50:00;3,2; m/s
11-10-2025;04:00:00;2,1; m/s
11-10-2025;04:10:00;3,5; m/s
11-10-2025;04:20:00;2,8; m/s
11-10-2025;04:30:00;2,6; m/s
11-10-2025;04:40:00;3,7; m/s
11-10-2025;04:50:00;3; m/s
11-10-2025;05:00:00;3; m/s
11-10-2025;05:10:00;2,7; m/s
11-10-2025;05:20:00;1,8; m/s
11-10-2025;05:30:00;1,8; m/s
11-10-2025;05:40:00;1,7; m/s
11-10-2025;05:50:00;1,9; m/s
11-10-2025;06:00:00;1,8; m/s
11-10-2025;06:10:00;2,4; m/s
11-10-2025;06:20:00;2,3; m/s
11-10-2025;06:30:00;2,4; m/s
11-10-2025;06:40:00;1; m/s
11-10-2025;06:50:00;1,4; m/s
11-10-2025;07:00:00;1,2; m/s
11-10-2025;07:10:00;2,4; m/s
11-10-2025;07:20:00;1,9; m/s
11-10-2025;07:30:00;2,3; m/s
11-10-2025;07:40:00;2,1; m/s
11-10-2025;07:50:00;2; m/s
11-10-2025;08:00:00;1,7; m/s
11-10-2025;08:10:00;1,7; m/s
11-10-2025;08:20:00;1,5; m/s
11-10-2025;08:30:00;1,6; m/s
11-10-2025;08:40:00;1,8; m/s
11-10-2025;08:50:00;1,8; m/s
11-10-2025;09:00:00;2,7; m/s
11-10-2025;09:10:00;2,7; m/s
11-10-2025;09:20:00;2,5; m/s
11-10-2025;09:30:00;3,1; m/s
11-10-2025;09:40:00;2; m/s
11-10-2025;09:50:00;2,6; m/s
11-10-2025;10:00:00;1,8; m/s
11-10-2025;10:10:00;1,8; m/s
11-10-2025;10:20:00;1,5; m/s
11-10-2025;10:30:00;1,5; m/s
11-10-2025;10:40:00;1,6; m/s
11-10-2025;10:50:00;1,7; m/s
11-10-2025;11:00:00;2,8; m/s
11-10-2025;11:10:00;2,3; m/s
11-10-2025;11:20:00;2,2; m/s
11-10-2025;11:30:00;2,6; m/s
11-10-2025;11:40:00;2,5; m/s
11-10-2025;11:50:00;2,9; m/s
11-10-2025;12:00:00;2,4; m/s
11-10-2025;12:10:00;2,3; m/s
11-10-2025;12:20:00;2; m/s
11-10-2025;12:30:00;2,1; m/s
11-10-2025;12:40:00;2,2; m/s
11-10-2025;12:50:00;2,1; m/s
11-10-2025;13:00:00;2,7; m/s
11-10-2025;13:10:00;2,2; m/s
11-10-2025;13:20:00;3,4; m/s
11-10-2025;13:30:00;3,1; m/s
11-10-2025;13:40:00;3; m/s
11-10-2025;13:50:00;3; m/s
11-10-2025;14:00:00;2,9; m/s
11-10-2025;14:10:00;3,3; m/s
11-10-2025;14:20:00;2,9; m/s
11-10-2025;14:30:00;2,3; m/s
11-10-2025;14:40:00;2,6; m/s
11-10-2025;14:50:00;2; m/s
11-10-2025;15:00:00;2; m/s
11-10-2025;15:10:00;3; m/s
11-10-2025;15:20:00;3,3; m/s
11-10-2025;15:30:00;3,1; m/s
11-10-2025;15:40:00;3,1; m/s
11-10-2025;15:50:00;4,8; m/s
11-10-2025;16:00:00;4,9; m/s
11-10-2025;16:10:00;6,8; m/s
11-10-2025;16:20:00;6,9; m/s
11-10-2025;16:30:00;7; m/s
11-10-2025;16:40:00;7,3; m/s
11-10-2025;16:50:00;7,2; m/s
11-10-2025;17:00:00;6; m/s
11-10-2025;17:10:00;4,2; m/s
11-10-2025;17:20:00;3,3; m/s
11-10-2025;17:30:00;3,7; m/s
11-10-2025;17:40:00;4,4; m/s
11-10-2025;17:50:00;4,6; m/s
11-10-2025;18:00:00;4,3; m/s
11-10-2025;18:10:00;3,9; m/s
11-10-2025;18:20:00;4,1; m/s
11-10-2025;18:30:00;3,7; m/s
11-10-2025;18:40:00;2,8; m/s
11-10-2025;18:50:00;2,2; m/s
11-10-2025;19:00:00;2,1; m/s
11-10-2025;19:10:00;1,6; m/s
11-10-2025;19:20:00;2; m/s
11-10-2025;19:30:00;3,2; m/s
11-10-2025;19:40:00;3,9; m/s
11-10-2025;19:50:00;4,1; m/s
11-10-2025;20:00:00;3,5; m/s
11-10-2025;20:10:00;3,9; m/s
11-10-2025;20:20:00;4,8; m/s
11-10-2025;20:30:00;3,5; m/s
11-10-2025;20:40:00;4,6; m/s
11-10-2025;20:50:00;3,7; m/s
11-10-2025;21:00:00;4; m/s
11-10-2025;21:10:00;4,4; m/s
11-10-2025;21:20:00;4,1; m/s
11-10-2025;21:30:00;4,1; m/s
11-10-2025;21:40:00;4,2; m/s
11-10-2025;21:50:00;4,7; m/s
11-10-2025;22:00:00;4,8; m/s
11-10-2025;22:10:00;4,6; m/s
11-10-2025;22:20:00;4,8; m/s
11-10-2025;22:30:00;5,3; m/s
11-10-2025;22:40:00;4,8; m/s
11-10-2025;22:50:00;4,5; m/s
11-10-2025;23:00:00;5; m/s
11-10-2025;23:10:00;5,3; m/s
11-10-2025;23:20:00;5,3; m/s
11-10-2025;23:30:00;4,7; m/s
11-10-2025;23:40:00;4,9; m/s
11-10-2025;23:50:00;4,4; m/s
12-10-2025;00:00:00;3,5; m/s
12-10-2025;00:10:00;3,5; m/s
12-10-2025;00:20:00;3,3; m/s
12-10-2025;00:30:00;3,6; m/s
12-10-2025;00:40:00;2,1; m/s
12-10-2025;00:50:00;2,8; m/s
12-10-2025;01:00:00;2,1; m/s
12-10-2025;01:10:00;2,4; m/s
12-10-2025;01:20:00;3,1; m/s
12-10-2025;01:30:00;3,8; m/s
12-10-2025;01:40:00;3,6; m/s
12-10-2025;01:50:00;3,5; m/s
12-10-2025;02:00:00;4,7; m/s
12-10-2025;02:10:00;3,9; m/s
12-10-2025;02:20:00;3,3; m/s
12-10-2025;02:30:00;2,7; m/s
12-10-2025;02:40:00;2; m/s
12-10-2025;02:50:00;1,5; m/s
12-10-2025;03:00:00;2,2; m/s
12-10-2025;03:10:00;2,1; m/s
12-10-2025;03:20:00;2,2; m/s
12-10-2025;03:30:00;2,3; m/s
12-10-2025;03:40:00;2,4; m/s
12-10-2025;03:50:00;2,2; m/s
12-10-2025;04:00:00;1,9; m/s
12-10-2025;04:10:00;2,2; m/s
12-10-2025;04:20:00;1,8; m/s
12-10-2025;04:30:00;1,4; m/s
12-10-2025;04:40:00;1,2; m/s
12-10-2025;04:50:00;1,4; m/s
12-10-2025;05:00:00;2,4; m/s
12-10-2025;05:10:00;2,6; m/s
12-10-2025;05:20:00;1,9; m/s
12-10-2025;05:30:00;1,8; m/s
12-10-2025;05:40:00;2,2; m/s
12-10-2025;05:50:00;2,4; m/s
12-10-2025;06:00:00;2,6; m/s
12-10-2025;06:10:00;2,8; m/s
12-10-2025;06:20:00;2,7; m/s
12-10-2025;06:30:00;2,8; m/s
12-10-2025;06:40:00;2,2; m/s
12-10-2025;06:50:00;1,7; m/s
12-10-2025;07:00:00;1,7; m/s
12-10-2025;07:10:00;1,2; m/s
12-10-2025;07:20:00;1,2; m/s
12-10-2025;07:30:00;0,9; m/s
12-10-2025;07:40:00;1,4; m/s
12-10-2025;07:50:00;1,3; m/s
12-10-2025;08:00:00;0,6; m/s
12-10-2025;08:10:00;0,7; m/s
12-10-2025;08:20:00;0,7; m/s
12-10-2025;08:30:00;1,4; m/s
12-10-2025;08:40:00;1; m/s
12-10-2025;08:50:00;1; m/s
12-10-2025;09:00:00;1,2; m/s
12-10-2025;09:10:00;1,3; m/s
12-10-2025;09:20:00;1; m/s
12-10-2025;09:30:00;0,7; m/s
12-10-2025;09:40:00;1,2; m/s
12-10-2025;09:50:00;1,3; m/s
12-10-2025;10:00:00;1,2; m/s
12-10-2025;10:10:00;1,7; m/s
12-10-2025;10:20:00;1,4; m/s
12-10-2025;10:30:00;2,2; m/s
12-10-2025;10:40:00;2,5; m/s
12-10-2025;10:50:00;2,3; m/s
12-10-2025;11:00:00;2,3; m/s
12-10-2025;11:10:00;2; m/s
12-10-2025;11:20:00;2,2; m/s
12-10-2025;11:30:00;2,1; m/s
12-10-2025;11:40:00;2,6; m/s
12-10-2025;11:50:00;2,4; m/s
12-10-2025;12:00:00;2,6; m/s
12-10-2025;12:10:00;2,9; m/s
12-10-2025;12:20:00;3,4; m/s
12-10-2025;12:30:00;3,2; m/s
12-10-2025;12:40:00;3,5; m/s
12-10-2025;12:50:00;3,9; m/s
12-10-2025;13:00:00;3,4; m/s
12-10-2025;13:10:00;3,9; m/s
12-10-2025;13:20:00;4,1; m/s
12-10-2025;13:30:00;3,9; m/s
12-10-2025;13:40:00;4,3; m/s
12-10-2025;13:50:00;4,3; m/s
12-10-2025;14:00:00;4,6; m/s
12-10-2025;14:10:00;4,6; m/s
12-10-2025;14:20:00;4,3; m/s
12-10-2025;14:30:00;4; m/s
12-10-2025;14:40:00;4,3; m/s
12-10-2025;14:50:00;4,8; m/s
12-10-2025;15:00:00;5,1; m/s
12-10-2025;15:10:00;4,6; m/s
12-10-2025;15:20:00;4,2; m/s
12-10-2025;15:30:00;3,8; m/s
12-10-2025;15:40:00;4; m/s
12-10-2025;15:50:00;3,4; m/s
12-10-2025;16:00:00;3,5; m/s
12-10-2025;16:10:00;3,6; m/s
12-10-2025;16:20:00;3,5; m/s
12-10-2025;16:30:00;4,6; m/s
12-10-2025;16:40:00;5,6; m/s
12-10-2025;16:50:00;5,7; m/s
12-10-2025;17:00:00;5,7; m/s
12-10-2025;17:10:00;5,6; m/s
12-10-2025;17:20:00;5,5; m/s
12-10-2025;17:30:00;4,4; m/s
12-10-2025;17:40:00;3,3; m/s
12-10-2025;17:50:00;2,7; m/s
12-10-2025;18:00:00;3,5; m/s
12-10-2025;18:10:00;3,1; m/s
12-10-2025;18:20:00;3,1; m/s
12-10-2025;18:30:00;3,1; m/s
12-10-2025;18:40:00;3,1; m/s
12-10-2025;18:50:00;3,3; m/s
12-10-2025;19:00:00;3,3; m/s
12-10-2025;19:10:00;3,1; m/s
12-10-2025;19:20:00;3,1; m/s
12-10-2025;19:30:00;3; m/s
12-10-2025;19:40:00;2,6; m/s
12-10-2025;19:50:00;2,5; m/s
12-10-2025;20:00:00;2,4; m/s
12-10-2025;20:10:00;2,4; m/s
12-10-2025;20:20:00;2,1; m/s
12-10-2025;20:30:00;1,8; m/s
12-10-2025;20:40:00;1,3; m/s
12-10-2025;20:50:00;1,1; m/s
12-10-2025;21:00:00;1,1; m/s
12-10-2025;21:10:00;1,7; m/s
12-10-2025;21:20:00;2,2; m/s
12-10-2025;21:30:00;2; m/s
12-10-2025;21:40:00;1,8; m/s
12-10-2025;21:50:00;1,9; m/s
12-10-2025;22:00:00;2,3; m/s
12-10-2025;22:10:00;2,3; m/s
12-10-2025;22:20:00;2,7; m/s
12-10-2025;22:30:00;2,8; m/s
12-10-2025;22:40:00;2,7; m/s
12-10-2025;22:50:00;2,5; m/s
12-10-2025;23:00:00;2,2; m/s
12-10-2025;23:10:00;2; m/s
12-10-2025;23:20:00;1,9; m/s
12-10-2025;23:30:00;2; m/s
12-10-2025;23:40:00;2,2; m/s
12-10-2025;23:50:00;2,3; m/s
13-10-2025;00:00:00;2,4; m/s
13-10-2025;00:10:00;2,6; m/s
13-10-2025;00:20:00;2,4; m/s
13-10-2025;00:30:00;2,4; m/s
13-10-2025;00:40:00;2,5; m/s
13-10-2025;00:50:00;2,3; m/s
13-10-2025;01:00:00;2,5; m/s
13-10-2025;01:10:00;2,4; m/s
13-10-2025;01:20:00;2,7; m/s
13-10-2025;01:30:00;2,7; m/s
13-10-2025;01:40:00;2,6; m/s
13-10-2025;01:50:00;2,6; m/s
13-10-2025;02:00:00;2,5; m/s
13-10-2025;02:10:00;2,4; m/s
13-10-2025;02:20:00;2,3; m/s
13-10-2025;02:30:00;1,8; m/s
13-10-2025;02:40:00;1,6; m/s
13-10-2025;02:50:00;1,6; m/s
13-10-2025;03:00:00;1,5; m/s
13-10-2025;03:10:00;1,1; m/s
13-10-2025;03:20:00;1,1; m/s
13-10-2025;03:30:00;1,4; m/s
13-10-2025;03:40:00;1,5; m/s
13-10-2025;03:50:00;1,3; m/s
13-10-2025;04:00:00;1,5; m/s
13-10-2025;04:10:00;1,7; m/s
13-10-2025;04:20:00;1,9; m/s
13-10-2025;04:30:00;2; m/s
13-10-2025;04:40:00;1,6; m/s
13-10-2025;04:50:00;2; m/s
13-10-2025;05:00:00;2; m/s
13-10-2025;05:10:00;1,9; m/s
13-10-2025;05:20:00;1,6; m/s
13-10-2025;05:30:00;1,1; m/s
13-10-2025;05:40:00;0,9; m/s
13-10-2025;05:50:00;0,6; m/s
13-10-2025;06:00:00;0,7; m/s
13-10-2025;06:10:00;1,1; m/s
13-10-2025;06:20:00;1,2; m/s
13-10-2025;06:30:00;0,5; m/s
13-10-2025;06:40:00;0; m/s
13-10-2025;06:50:00;0,3; m/s
13-10-2025;07:00:00;1,5; m/s
13-10-2025;07:10:00;1,5; m/s
13-10-2025;07:20:00;1; m/s
13-10-2025;07:30:00;0,6; m/s
13-10-2025;07:40:00;1,3; m/s
13-10-2025;07:50:00;1,1; m/s
13-10-2025;08:00:00;0,3; m/s
13-10-2025;08:10:00;0,3; m/s
13-10-2025;08:20:00;0,5; m/s
13-10-2025;08:30:00;0,6; m/s
13-10-2025;08:40:00;1,6; m/s
13-10-2025;08:50:00;2,1; m/s
13-10-2025;09:00:00;2; m/s
13-10-2025;09:10:00;2; m/s
13-10-2025;09:20:00;2,3; m/s
13-10-2025;09:30:00;2,1; m/s
13-10-2025;09:40:00;2,3; m/s
13-10-2025;09:50:00;2,3; m/s
13-10-2025;10:00:00;2,3; m/s
13-10-2025;10:10:00;2,2; m/s
13-10-2025;10:20:00;2,2; m/s
13-10-2025;10:30:00;2,2; m/s
13-10-2025;10:40:00;2; m/s
13-10-2025;10:50:00;1,8; m/s
13-10-2025;11:00:00;1,6; m/s
13-10-2025;11:10:00;1,6; m/s
13-10-2025;11:20:00;1,5; m/s
13-10-2025;11:30:00;1,7; m/s
13-10-2025;11:40:00;1,7; m/s
13-10-2025;11:50:00;1,5; m/s
13-10-2025;12:00:00;1,5; m/s
13-10-2025;12:10:00;1,8; m/s
13-10-2025;12:20:00;2,5; m/s
13-10-2025;12:30:00;3,3; m/s
13-10-2025;12:40:00;3,5; m/s
13-10-2025;12:50:00;3,4; m/s
13-10-2025;13:00:00;3,2; m/s
13-10-2025;13:10:00;3,3; m/s
13-10-2025;13:20:00;3; m/s
13-10-2025;13:30:00;3,2; m/s
13-10-2025;13:40:00;3,8; m/s
13-10-2025;13:50:00;4,3; m/s
13-10-2025;14:00:00;4,2; m/s
13-10-2025;14:10:00;4; m/s
13-10-2025;14:20:00;4,6; m/s
13-10-2025;14:30:00;4,5; m/s
13-10-2025;14:40:00;4,5; m/s
13-10-2025;14:50:00;4,9; m/s
13-10-2025;15:00:00;4,7; m/s
13-10-2025;15:10:00;4,7; m/s
13-10-2025;15:20:00;4,2; m/s
13-10-2025;15:30:00;3,8; m/s
13-10-2025;15:40:00;4,4; m/s
13-10-2025;15:50:00;4,6; m/s
13-10-2025;16:00:00;5,2; m/s
13-10-2025;16:10:00;5,2; m/s
13-10-2025;16:20:00;5,4; m/s
13-10-2025;16:30:00;5,6; m/s
13-10-2025;16:40:00;5,2; m/s
13-10-2025;16:50:00;5,9; m/s
13-10-2025;17:00:00;6,1; m/s
13-10-2025;17:10:00;5,3; m/s
13-10-2025;17:20:00;5,5; m/s
13-10-2025;17:30:00;4,9; m/s
13-10-2025;17:40:00;5,1; m/s
13-10-2025;17:50:00;4,6; m/s
13-10-2025;18:00:00;3,3; m/s
13-10-2025;18:10:00;2,8; m/s
13-10-2025;18:20:00;3,1; m/s
13-10-2025;18:30:00;3,6; m/s
13-10-2025;18:40:00;3,7; m/s
13-10-2025;18:50:00;3,5; m/s
13-10-2025;19:00:00;3,6; m/s
13-10-2025;19:10:00;3,8; m/s
13-10-2025;19:20:00;3,6; m/s
13-10-2025;19:30:00;3,4; m/s
13-10-2025;19:40:00;3,4; m/s
13-10-2025;19:50:00;3,2; m/s
13-10-2025;20:00:00;3; m/s
13-10-2025;20:10:00;2,9; m/s
13-10-2025;20:20:00;2,6; m/s
13-10-2025;20:30:00;2,4; m/s
13-10-2025;20:40:00;2,3; m/s
13-10-2025;20:50:00;1,5; m/s
13-10-2025;21:00:00;1,4; m/s
13-10-2025;21:10:00;1,6; m/s
13-10-2025;21:20:00;1,7; m/s
13-10-2025;21:30:00;1,8; m/s
13-10-2025;21:40:00;1,8; m/s
13-10-2025;21:50:00;1,2; m/s
13-10-2025;22:00:00;2; m/s
13-10-2025;22:10:00;2,1; m/s
13-10-2025;22:20:00;2,8; m/s
13-10-2025;22:30:00;3,3; m/s
13-10-2025;22:40:00;3,1; m/s
13-10-2025;22:50:00;2,8; m/s
13-10-2025;23:00:00;2,6; m/s
13-10-2025;23:10:00;2,7; m/s
13-10-2025;23:20:00;2,6; m/s
13-10-2025;23:30:00;3,1; m/s
13-10-2025;23:40:00;3; m/s
13-10-2025;23:50:00;2,9; m/s
14-10-2025;00:00:00;2,6; m/s
14-10-2025;00:10:00;3; m/s
14-10-2025;00:20:00;3,2; m/s
14-10-2025;00:30:00;2,9; m/s
14-10-2025;00:40:00;2,9; m/s
14-10-2025;00:50:00;2,5; m/s
14-10-2025;01:00:00;2,1; m/s
14-10-2025;01:10:00;2,6; m/s
14-10-2025;01:20:00;2,6; m/s
14-10-2025;01:30:00;2,6; m/s
14-10-2025;01:40:00;2,2; m/s
14-10-2025;01:50:00;2; m/s
14-10-2025;02:00:00;1,6; m/s
14-10-2025;02:10:00;2; m/s
14-10-2025;02:20:00;2,2; m/s
14-10-2025;02:30:00;1,9; m/s
14-10-2025;02:40:00;1,9; m/s
14-10-2025;02:50:00;2,4; m/s
14-10-2025;03:00:00;2,3; m/s
14-10-2025;03:10:00;2,5; m/s
14-10-2025;03:20:00;2,4; m/s
14-10-2025;03:30:00;2,8; m/s
14-10-2025;03:40:00;2,9; m/s
14-10-2025;03:50:00;3,2; m/s
14-10-2025;04:00:00;3,1; m/s
14-10-2025;04:10:00;3,2; m/s
14-10-2025;04:20:00;3,2; m/s
14-10-2025;04:30:00;3,1; m/s
14-10-2025;04:40:00;3; m/s
14-10-2025;04:50:00;3; m/s
14-10-2025;05:00:00;3,2; m/s
14-10-2025;05:10:00;3,2; m/s
14-10-2025;05:20:00;3,3; m/s
14-10-2025;05:30:00;2,9; m/s
14-10-2025;05:40:00;2,9; m/s
14-10-2025;05:50:00;3,1; m/s
14-10-2025;06:00:00;2,9; m/s
14-10-2025;06:10:00;2,7; m/s
14-10-2025;06:20:00;2,6; m/s
14-10-2025;06:30:00;2,5; m/s
14-10-2025;06:40:00;2,2; m/s
14-10-2025;06:50:00;2; m/s
14-10-2025;07:00:00;2,1; m/s
14-10-2025;07:10:00;2,2; m/s
14-10-2025;07:20:00;2; m/s
14-10-2025;07:30:00;1,8; m/s
14-10-2025;07:40:00;1,9; m/s
14-10-2025;07:50:00;2,4; m/s
14-10-2025;08:00:00;2,7; m/s
14-10-2025;08:10:00;2,4; m/s
14-10-2025;08:20:00;2,3; m/s
14-10-2025;08:30:00;2,7; m/s
14-10-2025;08:40:00;2,2; m/s
14-10-2025;08:50:00;1,8; m/s
14-10-2025;09:00:00;2,6; m/s
14-10-2025;09:10:00;2,4; m/s
14-10-2025;09:20:00;2; m/s
14-10-2025;09:30:00;1,7; m/s
14-10-2025;09:40:00;2,2; m/s
14-10-2025;09:50:00;2; m/s
14-10-2025;10:00:00;2,2; m/s
14-10-2025;10:10:00;2,2; m/s
14-10-2025;10:20:00;2,2; m/s
14-10-2025;10:30:00;1,8; m/s
14-10-2025;10:40:00;1,7; m/s
14-10-2025;10:50:00;1,7; m/s
14-10-2025;11:00:00;1,7; m/s
14-10-2025;11:10:00;1,7; m/s
14-10-2025;11:20:00;1,9; m/s
14-10-2025;11:30:00;1,9; m/s
14-10-2025;11:40:00;1,8; m/s
14-10-2025;11:50:00;1,9; m/s
14-10-2025;12:00:00;1,7; m/s
14-10-2025;12:10:00;1,7; m/s
14-10-2025;12:20:00;1,9; m/s
14-10-2025;12:30:00;2,1; m/s
14-10-2025;12:40:00;2,1; m/s
14-10-2025;12:50:00;2,2; m/s
14-10-2025;13:00:00;2,1; m/s
14-10-2025;13:10:00;1,9; m/s
14-10-2025;13:20:00;2; m/s
14-10-2025;13:30:00;2,1; m/s
14-10-2025;13:40:00;2,1; m/s
14-10-2025;13:50:00;2,2; m/s
14-10-2025;14:00:00;2,3; m/s
14-10-2025;14:10:00;2,3; m/s
14-10-2025;14:20:00;2,4; m/s
14-10-2025;14:30:00;2,3; m/s
14-10-2025;14:40:00;2,4; m/s
14-10-2025;14:50:00;2,8; m/s
14-10-2025;15:00:00;3,2; m/s
14-10-2025;15:10:00;3,9; m/s
14-10-2025;15:20:00;3,5; m/s
14-10-2025;15:30:00;3,5; m/s
14-10-2025;15:40:00;3,2; m/s
14-10-2025;15:50:00;2,7; m/s
14-10-2025;16:00:00;2,6; m/s
14-10-2025;16:10:00;2,6; m/s
14-10-2025;16:20:00;2,2; m/s
14-10-2025;16:30:00;3,2; m/s
14-10-2025;16:40:00;3,8; m/s
14-10-2025;16:50:00;3,1; m/s
14-10-2025;17:00:00;3,1; m/s
14-10-2025;17:10:00;2,6; m/s
14-10-2025;17:20:00;2,2; m/s
14-10-2025;17:30:00;1,2; m/s
14-10-2025;17:40:00;1,3; m/s
14-10-2025;17:50:00;2; m/s
14-10-2025;18:00:00;2,5; m/s
14-10-2025;18:10:00;2; m/s
14-10-2025;18:20:00;1,6; m/s
14-10-2025;18:30:00;1; m/s
14-10-2025;18:40:00;0,6; m/s
14-10-2025;18:50:00;1,5; m/s
14-10-2025;19:00:00;1,4; m/s
14-10-2025;19:10:00;1,3; m/s
14-10-2025;19:20:00;0,7; m/s
14-10-2025;19:30:00;0,9; m/s
14-10-2025;19:40:00;1,1; m/s
14-10-2025;19:50:00;1,7; m/s
14-10-2025;20:00:00;2,2; m/s
14-10-2025;20:10:00;2,5; m/s
14-10-2025;20:20:00;2,4; m/s
14-10-2025;20:30:00;2; m/s
14-10-2025;20:40:00;2; m/s
14-10-2025;20:50:00;2,2; m/s
14-10-2025;21:00:00;2,1; m/s
14-10-2025;21:10:00;2,4; m/s
14-10-2025;21:20:00;2; m/s
14-10-2025;21:30:00;1,9; m/s
14-10-2025;21:40:00;1,9; m/s
14-10-2025;21:50:00;1,8; m/s
14-10-2025;22:00:00;1,7; m/s
14-10-2025;22:10:00;0,5; m/s
14-10-2025;22:20:00;1,1; m/s
14-10-2025;22:30:00;0,4; m/s
14-10-2025;22:40:00;0,2; m/s
14-10-2025;22:50:00;0,2; m/s
14-10-2025;23:00:00;0,8; m/s
14-10-2025;23:10:00;1,2; m/s
14-10-2025;23:20:00;1,4; m/s
14-10-2025;23:30:00;1; m/s
14-10-2025;23:40:00;1,5; m/s
14-10-2025;23:50:00;1,7; m/s
15-10-2025;00:00:00;1,5; m/s
15-10-2025;00:10:00;2; m/s
15-10-2025;00:20:00;0,9; m/s
15-10-2025;00:30:00;1,2; m/s
15-10-2025;00:40:00;0,8; m/s
15-10-2025;00:50:00;0,8; m/s
15-10-2025;01:00:00;1,2; m/s
15-10-2025;01:10:00;1,9; m/s
15-10-2025;01:20:00;1,7; m/s
15-10-2025;01:30:00;2,2; m/s
15-10-2025;01:40:00;1,7; m/s
15-10-2025;01:50:00;2; m/s
15-10-2025;02:00:00;1,8; m/s
15-10-2025;02:10:00;1,4; m/s
15-10-2025;02:20:00;2,4; m/s
15-10-2025;02:30:00;1,9; m/s
15-10-2025;02:40:00;2,3; m/s
15-10-2025;02:50:00;1,7; m/s
15-10-2025;03:00:00;1,6; m/s
15-10-2025;03:10:00;1,8; m/s
15-10-2025;03:20:00;1,5; m/s
15-10-2025;03:30:00;2,2; m/s
15-10-2025;03:40:00;2,6; m/s
15-10-2025;03:50:00;2,8; m/s
15-10-2025;04:00:00;2,6; m/s
15-10-2025;04:10:00;3,4; m/s
15-10-2025;04:20:00;3,3; m/s
15-10-2025;04:30:00;3,2; m/s
15-10-2025;04:40:00;3,1; m/s
15-10-2025;04:50:00;3,5; m/s
15-10-2025;05:00:00;3,9; m/s
15-10-2025;05:10:00;3,6; m/s
15-10-2025;05:20:00;2,2; m/s
15-10-2025;05:30:00;1,8; m/s
15-10-2025;05:40:00;1,6; m/s
15-10-2025;05:50:00;1,5; m/s
15-10-2025;06:00:00;1,3; m/s
15-10-2025;06:10:00;1,9; m/s
15-10-2025;06:20:00;1,8; m/s
15-10-2025;06:30:00;1,5; m/s
15-10-2025;06:40:00;2,1; m/s
15-10-2025;06:50:00;2,5; m/s
15-10-2025;07:00:00;2,4; m/s
15-10-2025;07:10:00;2,3; m/s
15-10-2025;07:20:00;2,2; m/s
15-10-2025;07:30:00;1,8; m/s
15-10-2025;07:40:00;1,7; m/s
15-10-2025;07:50:00;2,8; m/s
15-10-2025;08:00:00;3; m/s
15-10-2025;08:10:00;2,6; m/s
15-10-2025;08:20:00;1,5; m/s
15-10-2025;08:30:00;1,1; m/s
15-10-2025;08:40:00;1; m/s
15-10-2025;08:50:00;0,9; m/s
15-10-2025;09:00:00;0,9; m/s
15-10-2025;09:10:00;1,1; m/s
15-10-2025;09:20:00;1,3; m/s
15-10-2025;09:30:00;2; m/s
15-10-2025;09:40:00;1,5; m/s
15-10-2025;09:50:00;1,2; m/s
15-10-2025;10:00:00;1,3; m/s
15-10-2025;10:10:00;0,6; m/s
15-10-2025;10:20:00;0,9; m/s
15-10-2025;10:30:00;2; m/s
15-10-2025;10:40:00;2,5; m/s
15-10-2025;10:50:00;2; m/s
15-10-2025;11:00:00;1,9; m/s
15-10-2025;11:10:00;1,3; m/s
15-10-2025;11:20:00;1,2; m/s
15-10-2025;11:30:00;1,6; m/s
15-10-2025;11:40:00;1,4; m/s
15-10-2025;11:50:00;2,2; m/s
15-10-2025;12:00:00;1,6; m/s
15-10-2025;12:10:00;2,2; m/s
15-10-2025;12:20:00;1,4; m/s
15-10-2025;12:30:00;1,2; m/s
15-10-2025;12:40:00;2,3; m/s
15-10-2025;12:50:00;1,8; m/s
15-10-2025;13:00:00;2,3; m/s
15-10-2025;13:10:00;2,8; m/s
15-10-2025;13:20:00;2,5; m/s
15-10-2025;13:30:00;1,8; m/s
15-10-2025;13:40:00;2,9; m/s
15-10-2025;13:50:00;2,4; m/s
15-10-2025;14:00:00;3,2; m/s
15-10-2025;14:10:00;4; m/s
15-10-2025;14:20:00;3,6; m/s
15-10-2025;14:30:00;3,4; m/s
15-10-2025;14:40:00;4,2; m/s
15-10-2025;14:50:00;3,9; m/s
15-10-2025;15:00:00;4; m/s
15-10-2025;15:10:00;4; m/s
15-10-2025;15:20:00;3,4; m/s
15-10-2025;15:30:00;3,5; m/s
15-10-2025;15:40:00;3; m/s
15-10-2025;15:50:00;3,3; m/s
15-10-2025;16:00:00;3,4; m/s
15-10-2025;16:10:00;3,9; m/s
15-10-2025;16:20:00;3,8; m/s
15-10-2025;16:30:00;3,3; m/s
15-10-2025;16:40:00;4,3; m/s
15-10-2025;16:50:00;4,3; m/s
15-10-2025;17:00:00;4; m/s
15-10-2025;17:10:00;3,4; m/s
15-10-2025;17:20:00;3,6; m/s
15-10-2025;17:30:00;4,1; m/s
15-10-2025;17:40:00;4,8; m/s
15-10-2025;17:50:00;5,4; m/s
15-10-2025;18:00:00;5; m/s
15-10-2025;18:10:00;5,1; m/s
15-10-2025;18:20:00;5,4; m/s
15-10-2025;18:30:00;5,8; m/s
15-10-2025;18:40:00;5,5; m/s
15-10-2025;18:50:00;5,8; m/s
15-10-2025;19:00:00;5,5; m/s
15-10-2025;19:10:00;5,6; m/s
15-10-2025;19:20:00;5,7; m/s
15-10-2025;19:30:00;6,7; m/s
15-10-2025;19:40:00;6,8; m/s
15-10-2025;19:50:00;6,5; m/s
15-10-2025;20:00:00;6,5; m/s
15-10-2025;20:10:00;6,6; m/s
15-10-2025;20:20:00;6; m/s
15-10-2025;20:30:00;5,7; m/s
15-10-2025;20:40:00;6,1; m/s
15-10-2025;20:50:00;6,5; m/s
15-10-2025;21:00:00;6,2; m/s
15-10-2025;21:10:00;6,5; m/s
15-10-2025;21:20:00;5,7; m/s
15-10-2025;21:30:00;6; m/s
15-10-2025;21:40:00;6,1; m/s
15-10-2025;21:50:00;6; m/s
15-10-2025;22:00:00;5; m/s
15-10-2025;22:10:00;4,7; m/s
15-10-2025;22:20:00;5,5; m/s
15-10-2025;22:30:00;5,8; m/s
15-10-2025;22:40:00;5,6; m/s
15-10-2025;22:50:00;5,3; m/s
15-10-2025;23:00:00;4,9; m/s
15-10-2025;23:10:00;4,5; m/s
15-10-2025;23:20:00;4,3; m/s
15-10-2025;23:30:00;4,4; m/s
15-10-2025;23:40:00;4,2; m/s
15-10-2025;23:50:00;4,3; m/s
16-10-2025;00:00:00;4; m/s
16-10-2025;00:10:00;4,1; m/s
16-10-2025;00:20:00;4,2; m/s
16-10-2025;00:30:00;4,1; m/s
16-10-2025;00:40:00;4,1; m/s
16-10-2025;00:50:00;4,6; m/s
16-10-2025;01:00:00;3,5; m/s
16-10-2025;01:10:00;3,3; m/s
16-10-2025;01:20:00;3,5; m/s
16-10-2025;01:30:00;4,7; m/s
16-10-2025;01:40:00;3,9; m/s
16-10-2025;01:50:00;3,9; m/s
16-10-2025;02:00:00;5,2; m/s
16-10-2025;02:10:00;3,9; m/s
16-10-2025;02:20:00;3,6; m/s
16-10-2025;02:30:00;3,8; m/s
16-10-2025;02:40:00;4,3; m/s
16-10-2025;02:50:00;3,9; m/s
16-10-2025;03:00:00;4,5; m/s
16-10-2025;03:10:00;5,3; m/s
16-10-2025;03:20:00;4,6; m/s
16-10-2025;03:30:00;5,4; m/s
16-10-2025;03:40:00;5,5; m/s
16-10-2025;03:50:00;6; m/s
16-10-2025;04:00:00;6,1; m/s
16-10-2025;04:10:00;5,6; m/s
16-10-2025;04:20:00;5,1; m/s
16-10-2025;04:30:00;5,3; m/s
16-10-2025;04:40:00;5,2; m/s
16-10-2025;04:50:00;4,8; m/s
16-10-2025;05:00:00;4,8; m/s
16-10-2025;05:10:00;5,5; m/s
16-10-2025;05:20:00;5,1; m/s
16-10-2025;05:30:00;4,4; m/s
16-10-2025;05:40:00;5; m/s
16-10-2025;05:50:00;5,5; m/s
16-10-2025;06:00:00;5,1; m/s
16-10-2025;06:10:00;5,5; m/s
16-10-2025;06:20:00;5; m/s
16-10-2025;06:30:00;5,8; m/s
16-10-2025;06:40:00;5,9; m/s
16-10-2025;06:50:00;5,6; m/s
16-10-2025;07:00:00;5,2; m/s
16-10-2025;07:10:00;5,6; m/s
16-10-2025;07:20:00;5,8; m/s
16-10-2025;07:30:00;6,3; m/s
16-10-2025;07:40:00;5,8; m/s
16-10-2025;07:50:00;6; m/s
16-10-2025;08:00:00;5,4; m/s
16-10-2025;08:10:00;4,1; m/s
16-10-2025;08:20:00;4,3; m/s
16-10-2025;08:30:00;2,6; m/s
16-10-2025;08:40:00;3; m/s
16-10-2025;08:50:00;3,4; m/s
16-10-2025;09:00:00;4,1; m/s
16-10-2025;09:10:00;4,9; m/s
16-10-2025;09:20:00;4,2; m/s
16-10-2025;09:30:00;4,1; m/s
16-10-2025;09:40:00;5,3; m/s
16-10-2025;09:50:00;5,1; m/s
16-10-2025;10:00:00;4,8; m/s
16-10-2025;10:10:00;4,4; m/s
16-10-2025;10:20:00;4,9; m/s
16-10-2025;10:30:00;6; m/s
16-10-2025;10:40:00;6,6; m/s
16-10-2025;10:50:00;6,6; m/s
16-10-2025;11:00:00;6,4; m/s
16-10-2025;11:10:00;7,3; m/s
16-10-2025;11:20:00;7,6; m/s
16-10-2025;11:30:00;7,9; m/s
16-10-2025;11:40:00;7,6; m/s
16-10-2025;11:50:00;6,8; m/s
16-10-2025;12:00:00;6,1; m/s
16-10-2025;12:10:00;6,3; m/s
16-10-2025;12:20:00;6,8; m/s
16-10-2025;12:30:00;7,1; m/s
16-10-2025;12:40:00;6,4; m/s
16-10-2025;12:50:00;5,7; m/s
16-10-2025;13:00:00;6,4; m/s
16-10-2025;13:10:00;6,8; m/s
16-10-2025;13:20:00;7,1; m/s
16-10-2025;13:30:00;7,2; m/s
16-10-2025;13:40:00;6,5; m/s
16-10-2025;13:50:00;5,7; m/s
16-10-2025;14:00:00;5,4; m/s
16-10-2025;14:10:00;5,2; m/s
16-10-2025;14:20:00;5,5; m/s
16-10-2025;14:30:00;5,2; m/s
16-10-2025;14:40:00;5,7; m/s
16-10-2025;14:50:00;6,1; m/s
16-10-2025;15:00:00;6,9; m/s
16-10-2025;15:10:00;6,7; m/s
16-10-2025;15:20:00;5,4; m/s
16-10-2025;15:30:00;6,4; m/s
16-10-2025;15:40:00;5,7; m/s
16-10-2025;15:50:00;5,8; m/s
16-10-2025;16:00:00;6; m/s
16-10-2025;16:10:00;5; m/s
16-10-2025;16:20:00;5,5; m/s
16-10-2025;16:30:00;6,6; m/s
16-10-2025;16:40:00;7,2; m/s
16-10-2025;16:50:00;7; m/s
16-10-2025;17:00:00;5,6; m/s
16-10-2025;17:10:00;5,6; m/s
16-10-2025;17:20:00;6,2; m/s
16-10-2025;17:30:00;5,8; m/s
16-10-2025;17:40:00;5,5; m/s
16-10-2025;17:50:00;5,5; m/s
16-10-2025;18:00:00;5,8; m/s
16-10-2025;18:10:00;6,5; m/s
16-10-2025;18:20:00;6,1; m/s
16-10-2025;18:30:00;6,2; m/s
16-10-2025;18:40:00;6,5; m/s
16-10-2025;18:50:00;5,8; m/s
16-10-2025;19:00:00;6,3; m/s
16-10-2025;19:10:00;6,2; m/s
16-10-2025;19:20:00;6,2; m/s
16-10-2025;19:30:00;6,2; m/s
16-10-2025;19:40:00;6,2; m/s
16-10-2025;19:50:00;6,5; m/s
16-10-2025;20:00:00;6,6; m/s
16-10-2025;20:10:00;5,6; m/s
16-10-2025;20:20:00;5,6; m/s
16-10-2025;20:30:00;5,8; m/s
16-10-2025;20:40:00;5,5; m/s
16-10-2025;20:50:00;4,9; m/s
16-10-2025;21:00:00;4,7; m/s
16-10-2025;21:10:00;4,7; m/s
16-10-2025;21:20:00;4,5; m/s
16-10-2025;21:30:00;4,9; m/s
16-10-2025;21:40:00;4,2; m/s
16-10-2025;21:50:00;4,6; m/s
16-10-2025;22:00:00;5,7; m/s
16-10-2025;22:10:00;5,2; m/s
16-10-2025;22:20:00;4,8; m/s
16-10-2025;22:30:00;4; m/s
16-10-2025;22:40:00;3,9; m/s
16-10-2025;22:50:00;3,6; m/s
16-10-2025;23:00:00;3,6; m/s
16-10-2025;23:10:00;3,9; m/s
16-10-2025;23:20:00;4,1; m/s
16-10-2025;23:30:00;4; m/s
16-10-2025;23:40:00;4,4; m/s
16-10-2025;23:50:00;4,4; m/s
17-10-2025;00:00:00;4,7; m/s
17-10-2025;00:10:00;3,9; m/s
17-10-2025;00:20:00;3,7; m/s
17-10-2025;00:30:00;3,4; m/s
17-10-2025;00:40:00;3,1; m/s
17-10-2025;00:50:00;2,5; m/s
17-10-2025;01:00:00;2,3; m/s
17-10-2025;01:10:00;3,5; m/s
17-10-2025;01:20:00;4,2; m/s
17-10-2025;01:30:00;4,2; m/s
17-10-2025;01:40:00;4,6; m/s
17-10-2025;01:50:00;4,9; m/s
17-10-2025;02:00:00;4,3; m/s
17-10-2025;02:10:00;4,4; m/s
17-10-2025;02:20:00;4,6; m/s
17-10-2025;02:30:00;5; m/s
17-10-2025;02:40:00;4,5; m/s
17-10-2025;02:50:00;4,3; m/s
17-10-2025;03:00:00;3,9; m/s
17-10-2025;03:10:00;4,2; m/s
17-10-2025;03:20:00;3,7; m/s
17-10-2025;03:30:00;3,7; m/s
17-10-2025;03:40:00;3,7; m/s
17-10-2025;03:50:00;3,7; m/s
17-10-2025;04:00:00;2,4; m/s
17-10-2025;04:10:00;2,6; m/s
17-10-2025;04:20:00;2,7; m/s
17-10-2025;04:30:00;3,2; m/s
17-10-2025;04:40:00;3,3; m/s
17-10-2025;04:50:00;2,7; m/s
17-10-2025;05:00:00;2,5; m/s
17-10-2025;05:10:00;2,8; m/s
17-10-2025;05:20:00;3,2; m/s
17-10-2025;05:30:00;4,1; m/s
17-10-2025;05:40:00;3,9; m/s
17-10-2025;05:50:00;4; m/s
17-10-2025;06:00:00;3,8; m/s
17-10-2025;06:10:00;3,7; m/s
17-10-2025;06:20:00;3,8; m/s
17-10-2025;06:30:00;3,5; m/s
17-10-2025;06:40:00;3,1; m/s
17-10-2025;06:50:00;3,1; m/s
17-10-2025;07:00:00;2,8; m/s
17-10-2025;07:10:00;2,7; m/s
17-10-2025;07:20:00;3,5; m/s
17-10-2025;07:30:00;2,2; m/s
17-10-2025;07:40:00;2,4; m/s
17-10-2025;07:50:00;1,7; m/s
17-10-2025;08:00:00;1,8; m/s
17-10-2025;08:10:00;1,6; m/s
17-10-2025;08:20:00;2,2; m/s
17-10-2025;08:30:00;2,3; m/s
17-10-2025;08:40:00;2,6; m/s
17-10-2025;08:50:00;2,1; m/s
17-10-2025;09:00:00;1,4; m/s
17-10-2025;09:10:00;1,5; m/s
17-10-2025;09:20:00;0,8; m/s
17-10-2025;09:30:00;1,2; m/s
17-10-2025;09:40:00;1,7; m/s
17-10-2025;09:50:00;1,4; m/s
17-10-2025;10:00:00;1,7; m/s
17-10-2025;10:10:00;1,5; m/s
17-10-2025;10:20:00;2,3; m/s
17-10-2025;10:30:00;2,5; m/s
17-10-2025;10:40:00;1,6; m/s
17-10-2025;10:50:00;1,5; m/s
17-10-2025;11:00:00;2,1; m/s
17-10-2025;11:10:00;1,9; m/s
17-10-2025;11:20:00;1,2; m/s
17-10-2025;11:30:00;1,2; m/s
17-10-2025;11:40:00;1,4; m/s
17-10-2025;11:50:00;1,7; m/s
17-10-2025;12:00:00;1,9; m/s
17-10-2025;12:10:00;1,3; m/s
17-10-2025;12:20:00;1,4; m/s
17-10-2025;12:30:00;1,2; m/s
17-10-2025;12:40:00;0,9; m/s
17-10-2025;12:50:00;1,4; m/s
17-10-2025;13:00:00;1,5; m/s
17-10-2025;13:10:00;0,7; m/s
17-10-2025;13:20:00;1,2; m/s
17-10-2025;13:30:00;1,3; m/s
17-10-2025;13:40:00;1,1; m/s
17-10-2025;13:50:00;1,1; m/s
17-10-2025;14:00:00;1,7; m/s
17-10-2025;14:10:00;1,4; m/s
17-10-2025;14:20:00;1,1; m/s
17-10-2025;14:30:00;1,2; m/s
17-10-2025;14:40:00;1,5; m/s
17-10-2025;14:50:00;1,4; m/s
17-10-2025;15:00:00;1,3; m/s
17-10-2025;15:10:00;1,5; m/s
17-10-2025;15:20:00;1,5; m/s
17-10-2025;15:30:00;1,9; m/s
17-10-2025;15:40:00;1,8; m/s
17-10-2025;15:50:00;1,1; m/s
17-10-2025;16:00:00;1,3; m/s
17-10-2025;16:10:00;1,6; m/s
17-10-2025;16:20:00;1,5; m/s
17-10-2025;16:30:00;1,3; m/s
17-10-2025;16:40:00;1,5; m/s
17-10-2025;16:50:00;1,6; m/s
17-10-2025;17:00:00;1; m/s
17-10-2025;17:10:00;1; m/s
17-10-2025;17:20:00;0,9; m/s
17-10-2025;17:30:00;1,2; m/s
17-10-2025;17:40:00;1,6; m/s
17-10-2025;17:50:00;1,6; m/s
17-10-2025;18:00:00;2; m/s
17-10-2025;18:10:00;1,9; m/s
17-10-2025;18:20:00;1,7; m/s
17-10-2025;18:30:00;1,4; m/s
17-10-2025;18:40:00;1,2; m/s
17-10-2025;18:50:00;1,8; m/s
17-10-2025;19:00:00;2,1; m/s
17-10-2025;19:10:00;1,8; m/s
17-10-2025;19:20:00;2,1; m/s
17-10-2025;19:30:00;1,3; m/s
17-10-2025;19:40:00;2; m/s
17-10-2025;19:50:00;2,2; m/s
17-10-2025;20:00:00;1,9; m/s
17-10-2025;20:10:00;2; m/s
17-10-2025;20:20:00;2,3; m/s
17-10-2025;20:30:00;2,4; m/s
17-10-2025;20:40:00;2,6; m/s
17-10-2025;20:50:00;2,9; m/s
17-10-2025;21:00:00;2,9; m/s
17-10-2025;21:10:00;2,1; m/s
17-10-2025;21:20:00;1,4; m/s
17-10-2025;21:30:00;1,4; m/s
17-10-2025;21:40:00;0,9; m/s
17-10-2025;21:50:00;0,4; m/s
17-10-2025;22:00:00;1,1; m/s
17-10-2025;22:10:00;1,2; m/s
17-10-2025;22:20:00;2; m/s
17-10-2025;22:30:00;2; m/s
17-10-2025;22:40:00;1,9; m/s
17-10-2025;22:50:00;1,9; m/s
17-10-2025;23:00:00;2,5; m/s
17-10-2025;23:10:00;2,1; m/s
17-10-2025;23:20:00;1,8; m/s
17-10-2025;23:30:00;1,9; m/s
17-10-2025;23:40:00;1,7; m/s
17-10-2025;23:50:00;2; m/s
18-10-2025;00:00:00;2,2; m/s
18-10-2025;00:10:00;1,6; m/s
18-10-2025;00:20:00;2,4; m/s
18-10-2025;00:30:00;2,1; m/s
18-10-2025;00:40:00;2,7; m/s
18-10-2025;00:50:00;2,9; m/s
18-10-2025;01:00:00;1,9; m/s
18-10-2025;01:10:00;1,6; m/s
18-10-2025;01:20:00;1,8; m/s
18-10-2025;01:30:00;2,1; m/s
18-10-2025;01:40:00;2,5; m/s
18-10-2025;01:50:00;2,7; m/s
18-10-2025;02:00:00;2,7; m/s
18-10-2025;02:10:00;2,9; m/s
18-10-2025;02:20:00;2,5; m/s
18-10-2025;02:30:00;2,6; m/s
18-10-2025;02:40:00;2,3; m/s
18-10-2025;02:50:00;2,7; m/s
18-10-2025;03:00:00;2,7; m/s
18-10-2025;03:10:00;1,8; m/s
18-10-2025;03:20:00;2,2; m/s
18-10-2025;03:30:00;2,1; m/s
18-10-2025;03:40:00;2,6; m/s
18-10-2025;03:50:00;2,5; m/s
18-10-2025;04:00:00;2,5; m/s
18-10-2025;04:10:00;2,2; m/s
18-10-2025;04:20:00;1,9; m/s
18-10-2025;04:30:00;2,7; m/s
18-10-2025;04:40:00;2,4; m/s
18-10-2025;04:50:00;2,2; m/s
18-10-2025;05:00:00;2,1; m/s
18-10-2025;05:10:00;2; m/s
18-10-2025;05:20:00;2,7; m/s
18-10-2025;05:30:00;2,4; m/s
18-10-2025;05:40:00;2,6; m/s
18-10-2025;05:50:00;2,6; m/s
18-10-2025;06:00:00;2,7; m/s
18-10-2025;06:10:00;3; m/s
18-10-2025;06:20:00;2,8; m/s
18-10-2025;06:30:00;2,5; m/s
18-10-2025;06:40:00;2,7; m/s
18-10-2025;06:50:00;2,6; m/s
18-10-2025;07:00:00;2,5; m/s
18-10-2025;07:10:00;2,6; m/s
18-10-2025;07:20:00;2,7; m/s
18-10-2025;07:30:00;2,3; m/s
18-10-2025;07:40:00;2,5; m/s
18-10-2025;07:50:00;2,4; m/s
18-10-2025;08:00:00;2,8; m/s
18-10-2025;08:10:00;2,1; m/s
18-10-2025;08:20:00;2,1; m/s
18-10-2025;08:30:00;2; m/s
18-10-2025;08:40:00;2,5; m/s
18-10-2025;08:50:00;2,4; m/s
18-10-2025;09:00:00;2,9; m/s
18-10-2025;09:10:00;2,8; m/s
18-10-2025;09:20:00;2,4; m/s
18-10-2025;09:30:00;2,4; m/s
18-10-2025;09:40:00;2,5; m/s
18-10-2025;09:50:00;2,7; m/s
18-10-2025;10:00:00;3,2; m/s
18-10-2025;10:10:00;2,5; m/s
18-10-2025;10:20:00;2,3; m/s
18-10-2025;10:30:00;2,1; m/s
18-10-2025;10:40:00;2,2; m/s
18-10-2025;10:50:00;2,1; m/s
18-10-2025;11:00:00;2,2; m/s
18-10-2025;11:10:00;2,2; m/s
18-10-2025;11:20:00;2; m/s
18-10-2025;11:30:00;2; m/s
18-10-2025;11:40:00;2,2; m/s
18-10-2025;11:50:00;1,9; m/s
18-10-2025;12:00:00;1,9; m/s
18-10-2025;12:10:00;2,2; m/s
18-10-2025;12:20:00;2,2; m/s
18-10-2025;12:30:00;2,4; m/s
18-10-2025;12:40:00;2,3; m/s
18-10-2025;12:50:00;2,1; m/s
18-10-2025;13:00:00;2; m/s
18-10-2025;13:10:00;2,1; m/s
18-10-2025;13:20:00;2; m/s
18-10-2025;13:30:00;2,2; m/s
18-10-2025;13:40:00;2,2; m/s
18-10-2025;13:50:00;2,1; m/s
18-10-2025;14:00:00;2; m/s
18-10-2025;14:10:00;2,2; m/s
18-10-2025;14:20:00;2,1; m/s
18-10-2025;14:30:00;2,4; m/s
18-10-2025;14:40:00;2,1; m/s
18-10-2025;14:50:00;2; m/s
18-10-2025;15:00:00;2,2; m/s
18-10-2025;15:10:00;2,2; m/s
18-10-2025;15:20:00;2,2; m/s
18-10-2025;15:30:00;2,2; m/s
18-10-2025;15:40:00;2,3; m/s
18-10-2025;15:50:00;2,1; m/s
18-10-2025;16:00:00;2,3; m/s
18-10-2025;16:10:00;2,1; m/s
18-10-2025;16:20:00;2,2; m/s
18-10-2025;16:30:00;1,7; m/s
18-10-2025;16:40:00;1,9; m/s
18-10-2025;16:50:00;1,7; m/s
18-10-2025;17:00:00;1,8; m/s
18-10-2025;17:10:00;1,9; m/s
18-10-2025;17:20:00;2,2; m/s
18-10-2025;17:30:00;2; m/s
18-10-2025;17:40:00;2,1; m/s
18-10-2025;17:50:00;2; m/s
18-10-2025;18:00:00;1,8; m/s
18-10-2025;18:10:00;1,6; m/s
18-10-2025;18:20:00;1,2; m/s
18-10-2025;18:30:00;1,8; m/s
18-10-2025;18:40:00;1,3; m/s
18-10-2025;18:50:00;1,2; m/s
18-10-2025;19:00:00;1; m/s
18-10-2025;19:10:00;1,9; m/s
18-10-2025;19:20:00;2,1; m/s
18-10-2025;19:30:00;1,8; m/s
18-10-2025;19:40:00;1,3; m/s
18-10-2025;19:50:00;1,1; m/s
18-10-2025;20:00:00;1,2; m/s
18-10-2025;20:10:00;1,5; m/s
18-10-2025;20:20:00;1,6; m/s
18-10-2025;20:30:00;1,6; m/s
18-10-2025;20:40:00;2; m/s
18-10-2025;20:50:00;2; m/s
18-10-2025;21:00:00;2,6; m/s
18-10-2025;21:10:00;2,4; m/s
18-10-2025;21:20:00;2,3; m/s
18-10-2025;21:30:00;2,4; m/s
18-10-2025;21:40:00;2,6; m/s
18-10-2025;21:50:00;3; m/s
18-10-2025;22:00:00;3,4; m/s
18-10-2025;22:10:00;3; m/s
18-10-2025;22:20:00;2,6; m/s
18-10-2025;22:30:00;2,7; m/s
18-10-2025;22:40:00;2,4; m/s
18-10-2025;22:50:00;2,4; m/s
18-10-2025;23:00:00;2,6; m/s
18-10-2025;23:10:00;2,6; m/s
18-10-2025;23:20:00;3,8; m/s
18-10-2025;23:30:00;4; m/s
18-10-2025;23:40:00;3,2; m/s
18-10-2025;23:50:00;1,9; m/s
19-10-2025;00:00:00;2,5; m/s
19-10-2025;00:10:00;2,3; m/s
19-10-2025;00:20:00;2,7; m/s
19-10-2025;00:30:00;2,4; m/s
19-10-2025;00:40:00;3; m/s
19-10-2025;00:50:00;3,3; m/s
19-10-2025;01:00:00;3,4; m/s
19-10-2025;01:10:00;3,7; m/s
19-10-2025;01:20:00;3,7; m/s
19-10-2025;01:30:00;3,6; m/s
19-10-2025;01:40:00;3,6; m/s
19-10-2025;01:50:00;3,6; m/s
19-10-2025;02:00:00;4,2; m/s
19-10-2025;02:10:00;3,8; m/s
19-10-2025;02:20:00;3,7; m/s
19-10-2025;02:30:00;4; m/s
19-10-2025;02:40:00;3,8; m/s
19-10-2025;02:50:00;4,1; m/s
19-10-2025;03:00:00;3,4; m/s
19-10-2025;03:10:00;3,1; m/s
19-10-2025;03:20:00;2,6; m/s
19-10-2025;03:30:00;2,4; m/s
19-10-2025;03:40:00;2,7; m/s
19-10-2025;03:50:00;3; m/s
19-10-2025;04:00:00;2,9; m/s
19-10-2025;04:10:00;3; m/s
19-10-2025;04:20:00;2,6; m/s
19-10-2025;04:30:00;3,1; m/s
19-10-2025;04:40:00;3; m/s
19-10-2025;04:50:00;2,9; m/s
19-10-2025;05:00:00;3,6; m/s
19-10-2025;05:10:00;3,2; m/s
19-10-2025;05:20:00;3,8; m/s
19-10-2025;05:30:00;3,6; m/s
19-10-2025;05:40:00;2,9; m/s
19-10-2025;05:50:00;3,9; m/s
19-10-2025;06:00:00;4,7; m/s
19-10-2025;06:10:00;4; m/s
19-10-2025;06:20:00;2,6; m/s
19-10-2025;06:30:00;3,8; m/s
19-10-2025;06:40:00;3,4; m/s
19-10-2025;06:50:00;2,2; m/s
19-10-2025;07:00:00;2,3; m/s
19-10-2025;07:10:00;2; m/s
19-10-2025;07:20:00;2,2; m/s
19-10-2025;07:30:00;1,6; m/s
19-10-2025;07:40:00;1,3; m/s
19-10-2025;07:50:00;1,8; m/s
19-10-2025;08:00:00;1,3; m/s
19-10-2025;08:10:00;1,7; m/s
19-10-2025;08:20:00;2,1; m/s
19-10-2025;08:30:00;3; m/s
19-10-2025;08:40:00;2,3; m/s
19-10-2025;08:50:00;1,9; m/s
19-10-2025;09:00:00;1,8; m/s
19-10-2025;09:10:00;1,8; m/s
19-10-2025;09:20:00;1,5; m/s
19-10-2025;09:30:00;2,3; m/s
19-10-2025;09:40:00;2; m/s
19-10-2025;09:50:00;2; m/s
19-10-2025;10:00:00;1,2; m/s
19-10-2025;10:10:00;1; m/s
19-10-2025;10:20:00;1,4; m/s
19-10-2025;10:30:00;1,3; m/s
19-10-2025;10:40:00;1,5; m/s
19-10-2025;10:50:00;1,7; m/s
19-10-2025;11:00:00;1,8; m/s
19-10-2025;11:10:00;1,9; m/s
19-10-2025;11:20:00;1,6; m/s
19-10-2025;11:30:00;1,6; m/s
19-10-2025;11:40:00;1,6; m/s
19-10-2025;11:50:00;1,5; m/s
19-10-2025;12:00:00;1,6; m/s
19-10-2025;12:10:00;1,4; m/s
19-10-2025;12:20:00;2,1; m/s
19-10-2025;12:30:00;2,5; m/s
19-10-2025;12:40:00;2,7; m/s
19-10-2025;12:50:00;2,8; m/s
19-10-2025;13:00:00;3,2; m/s
19-10-2025;13:10:00;3,5; m/s
19-10-2025;13:20:00;3,4; m/s
19-10-2025;13:30:00;3,6; m/s
19-10-2025;13:40:00;3,4; m/s
19-10-2025;13:50:00;3,1; m/s
19-10-2025;14:00:00;3,4; m/s
19-10-2025;14:10:00;3,4; m/s
19-10-2025;14:20:00;3,2; m/s
19-10-2025;14:30:00;3,1; m/s
19-10-2025;14:40:00;3,3; m/s
19-10-2025;14:50:00;3; m/s
19-10-2025;15:00:00;2,8; m/s
19-10-2025;15:10:00;3; m/s
19-10-2025;15:20:00;3; m/s
19-10-2025;15:30:00;2,8; m/s
19-10-2025;15:40:00;2,6; m/s
19-10-2025;15:50:00;2,8; m/s
19-10-2025;16:00:00;2,8; m/s
19-10-2025;16:10:00;2,9; m/s
19-10-2025;16:20:00;3; m/s
19-10-2025;16:30:00;3,4; m/s
19-10-2025;16:40:00;3,5; m/s
19-10-2025;16:50:00;3,8; m/s
19-10-2025;17:00:00;3,9; m/s
19-10-2025;17:10:00;4; m/s
19-10-2025;17:20:00;4,1; m/s
19-10-2025;17:30:00;3,7; m/s
19-10-2025;17:40:00;2,6; m/s
19-10-2025;17:50:00;2,7; m/s
19-10-2025;18:00:00;3,1; m/s
19-10-2025;18:10:00;3,2; m/s
19-10-2025;18:20:00;2,8; m/s
19-10-2025;18:30:00;3,4; m/s
19-10-2025;18:40:00;3,2; m/s
19-10-2025;18:50:00;3; m/s
19-10-2025;19:00:00;3,2; m/s
19-10-2025;19:10:00;3,2; m/s
19-10-2025;19:20:00;3,4; m/s
19-10-2025;19:30:00;3,5; m/s
19-10-2025;19:40:00;3,6; m/s
19-10-2025;19:50:00;3,5; m/s
19-10-2025;20:00:00;3,4; m/s
19-10-2025;20:10:00;3,5; m/s
19-10-2025;20:20:00;3,4; m/s
19-10-2025;20:30:00;3,4; m/s
19-10-2025;20:40:00;3,1; m/s
19-10-2025;20:50:00;3,1; m/s
19-10-2025;21:00:00;3,4; m/s
19-10-2025;21:10:00;3,2; m/s
19-10-2025;21:20:00;3; m/s
19-10-2025;21:30:00;2,6; m/s
19-10-2025;21:40:00;2,6; m/s
19-10-2025;21:50:00;2,3; m/s
19-10-2025;22:00:00;2,5; m/s
19-10-2025;22:10:00;2,8; m/s
19-10-2025;22:20:00;3; m/s
19-10-2025;22:30:00;3,3; m/s
19-10-2025;22:40:00;3,1; m/s
19-10-2025;22:50:00;3,3; m/s
19-10-2025;23:00:00;3,2; m/s
19-10-2025;23:10:00;3,1; m/s
19-10-2025;23:20:00;3,2; m/s
19-10-2025;23:30:00;3,2; m/s
19-10-2025;23:40:00;3; m/s
19-10-2025;23:50:00;3,1; m/s
20-10-2025;00:00:00;3; m/s
20-10-2025;00:10:00;2,8; m/s
20-10-2025;00:20:00;2,8; m/s
20-10-2025;00:30:00;2,8; m/s
20-10-2025;00:40:00;3,1; m/s
20-10-2025;00:50:00;2,8; m/s
20-10-2025;01:00:00;2,6; m/s
20-10-2025;01:10:00;2,5; m/s
20-10-2025;01:20:00;2,4; m/s
20-10-2025;01:30:00;2,3; m/s
20-10-2025;01:40:00;2,4; m/s
20-10-2025;01:50:00;2,5; m/s
20-10-2025;02:00:00;2,7; m/s
20-10-2025;02:10:00;2,5; m/s
20-10-2025;02:20:00;2,8; m/s
20-10-2025;02:30:00;2,8; m/s
20-10-2025;02:40:00;2,9; m/s
20-10-2025;02:50:00;2,7; m/s
20-10-2025;03:00:00;2,8; m/s
20-10-2025;03:10:00;2,7; m/s
20-10-2025;03:20:00;2,7; m/s
20-10-2025;03:30:00;2,9; m/s
20-10-2025;03:40:00;2,9; m/s
20-10-2025;03:50:00;3,3; m/s
20-10-2025;04:00:00;3,3; m/s
20-10-2025;04:10:00;3,3; m/s
20-10-2025;04:20:00;3,1; m/s
20-10-2025;04:30:00;3,1; m/s
20-10-2025;04:40:00;3,1; m/s
20-10-2025;04:50:00;3,2; m/s
20-10-2025;05:00:00;2,9; m/s
20-10-2025;05:10:00;2,7; m/s
20-10-2025;05:20:00;2,6; m/s
20-10-2025;05:30:00;2,4; m/s
20-10-2025;05:40:00;2,3; m/s
20-10-2025;05:50:00;2,3; m/s
20-10-2025;06:00:00;2,6; m/s
20-10-2025;06:10:00;2,5; m/s
20-10-2025;06:20:00;2; m/s
20-10-2025;06:30:00;1,8; m/s
20-10-2025;06:40:00;2; m/s
20-10-2025;06:50:00;2,7; m/s
20-10-2025;07:00:00;3,2; m/s
20-10-2025;07:10:00;3,4; m/s
20-10-2025;07:20:00;3; m/s
20-10-2025;07:30:00;2,9; m/s
20-10-2025;07:40:00;3; m/s
20-10-2025;07:50:00;3,1; m/s
20-10-2025;08:00:00;2,4; m/s
20-10-2025;08:10:00;2,4; m/s
20-10-2025;08:20:00;2,2; m/s
20-10-2025;08:30:00;2,1; m/s
20-10-2025;08:40:00;2,3; m/s
20-10-2025;08:50:00;2,7; m/s
20-10-2025;09:00:00;3; m/s
20-10-2025;09:10:00;3,1; m/s
20-10-2025;09:20:00;3; m/s
20-10-2025;09:30:00;2,7; m/s
20-10-2025;09:40:00;2,8; m/s
20-10-2025;09:50:00;2,5; m/s
20-10-2025;10:00:00;2,2; m/s
20-10-2025;10:10:00;2,1; m/s
20-10-2025;10:20:00;2,4; m/s
20-10-2025;10:30:00;2,3; m/s
20-10-2025;10:40:00;2,3; m/s
20-10-2025;10:50:00;1,9; m/s
20-10-2025;11:00:00;1,9; m/s
20-10-2025;11:10:00;2,1; m/s
20-10-2025;11:20:00;2,1; m/s
20-10-2025;11:30:00;2; m/s
20-10-2025;11:40:00;2,1; m/s
20-10-2025;11:50:00;1,9; m/s
20-10-2025;12:00:00;2,2; m/s
20-10-2025;12:10:00;2,1; m/s
20-10-2025;12:20:00;2; m/s
20-10-2025;12:30:00;2; m/s
20-10-2025;12:40:00;2,2; m/s
20-10-2025;12:50:00;2; m/s
20-10-2025;13:00:00;1,8; m/s
20-10-2025;13:10:00;2,1; m/s
20-10-2025;13:20:00;2,2; m/s
20-10-2025;13:30:00;1,9; m/s
20-10-2025;13:40:00;1,9; m/s
20-10-2025;13:50:00;1,7; m/s
20-10-2025;14:00:00;1,9; m/s
20-10-2025;14:10:00;2; m/s
20-10-2025;14:20:00;1,9; m/s
20-10-2025;14:30:00;1,8; m/s
20-10-2025;14:40:00;1,5; m/s
20-10-2025;14:50:00;1,6; m/s
20-10-2025;15:00:00;1,8; m/s
20-10-2025;15:10:00;1,6; m/s
20-10-2025;15:20:00;1,8; m/s
20-10-2025;15:30:00;1,8; m/s
20-10-2025;15:40:00;1,7; m/s
20-10-2025;15:50:00;2,1; m/s
20-10-2025;16:00:00;3,3; m/s
20-10-2025;16:10:00;3,9; m/s
20-10-2025;16:20:00;3,4; m/s
20-10-2025;16:30:00;3,3; m/s
20-10-2025;16:40:00;3,8; m/s
20-10-2025;16:50:00;3,4; m/s
20-10-2025;17:00:00;3,8; m/s
20-10-2025;17:10:00;3,5; m/s
20-10-2025;17:20:00;2,9; m/s
20-10-2025;17:30:00;3,3; m/s
20-10-2025;17:40:00;2,1; m/s
20-10-2025;17:50:00;3; m/s
20-10-2025;18:00:00;3,6; m/s
20-10-2025;18:10:00;2,9; m/s
20-10-2025;18:20:00;2,2; m/s
20-10-2025;18:30:00;1,9; m/s
20-10-2025;18:40:00;2,3; m/s
20-10-2025;18:50:00;2,7; m/s
20-10-2025;19:00:00;2,5; m/s
20-10-2025;19:10:00;2,7; m/s
20-10-2025;19:20:00;2,2; m/s
20-10-2025;19:30:00;2,5; m/s
20-10-2025;19:40:00;2,5; m/s
20-10-2025;19:50:00;2,4; m/s
20-10-2025;20:00:00;2,3; m/s
20-10-2025;20:10:00;1,9; m/s
20-10-2025;20:20:00;1,9; m/s
20-10-2025;20:30:00;2; m/s
20-10-2025;20:40:00;2; m/s
20-10-2025;20:50:00;1,8; m/s
20-10-2025;21:00:00;1,8; m/s
20-10-2025;21:10:00;2; m/s
20-10-2025;21:20:00;2; m/s
20-10-2025;21:30:00;2,2; m/s
20-10-2025;21:40:00;1,1; m/s
20-10-2025;21:50:00;2,1; m/s
20-10-2025;22:00:00;2; m/s
20-10-2025;22:10:00;1,1; m/s
20-10-2025;22:20:00;1,4; m/s
20-10-2025;22:30:00;1,4; m/s
20-10-2025;22:40:00;1,6; m/s
20-10-2025;22:50:00;2,2; m/s
20-10-2025;23:00:00;1,2; m/s
20-10-2025;23:10:00;1,1; m/s
20-10-2025;23:20:00;1,4; m/s
20-10-2025;23:30:00;1; m/s
20-10-2025;23:40:00;1; m/s
20-10-2025;23:50:00;0,4; m/s
21-10-2025;00:00:00;0,1; m/s
21-10-2025;00:10:00;0,3; m/s
21-10-2025;00:20:00;1; m/s
21-10-2025;00:30:00;1; m/s
21-10-2025;00:40:00;0,8; m/s
21-10-2025;00:50:00;0,4; m/s
21-10-2025;01:00:00;1,4; m/s
21-10-2025;01:10:00;2,6; m/s
21-10-2025;01:20:00;2,4; m/s
21-10-2025;01:30:00;2,6; m/s
21-10-2025;01:40:00;2,2; m/s
21-10-2025;01:50:00;2,2; m/s
21-10-2025;02:00:00;2,5; m/s
21-10-2025;02:10:00;2,4; m/s
21-10-2025;02:20:00;2,6; m/s
21-10-2025;02:30:00;2,5; m/s
21-10-2025;02:40:00;2,5; m/s
21-10-2025;02:50:00;2,2; m/s
21-10-2025;03:00:00;3; m/s
21-10-2025;03:10:00;2,9; m/s
21-10-2025;03:20:00;2,9; m/s
21-10-2025;03:30:00;2,8; m/s
21-10-2025;03:40:00;3; m/s
21-10-2025;03:50:00;2,9; m/s
21-10-2025;04:00:00;2,8; m/s
21-10-2025;04:10:00;2,8; m/s
21-10-2025;04:20:00;2,8; m/s
21-10-2025;04:30:00;3,4; m/s
21-10-2025;04:40:00;3; m/s
21-10-2025;04:50:00;3,2; m/s
21-10-2025;05:00:00;3,1; m/s
21-10-2025;05:10:00;3; m/s
21-10-2025;05:20:00;3,4; m/s
21-10-2025;05:30:00;3,2; m/s
21-10-2025;05:40:00;3,4; m/s
21-10-2025;05:50:00;3,6; m/s
21-10-2025;06:00:00;3,6; m/s
21-10-2025;06:10:00;3,7; m/s
21-10-2025;06:20:00;2,8; m/s
21-10-2025;06:30:00;2,6; m/s
21-10-2025;06:40:00;3,7; m/s
21-10-2025;06:50:00;4,1; m/s
21-10-2025;07:00:00;4; m/s
21-10-2025;07:10:00;3,5; m/s
21-10-2025;07:20:00;3,9; m/s
21-10-2025;07:30:00;4,4; m/s
21-10-2025;07:40:00;3,8; m/s
21-10-2025;07:50:00;4,6; m/s
21-10-2025;08:00:00;4,1; m/s
21-10-2025;08:10:00;3,3; m/s
21-10-2025;08:20:00;4,2; m/s
21-10-2025;08:30:00;4,3; m/s
21-10-2025;08:40:00;4,6; m/s
21-10-2025;08:50:00;4,5; m/s
21-10-2025;09:00:00;4; m/s
21-10-2025;09:10:00;4; m/s
21-10-2025;09:20:00;3,5; m/s
21-10-2025;09:30:00;2,6; m/s
21-10-2025;09:40:00;2,6; m/s
21-10-2025;09:50:00;3,2; m/s
21-10-2025;10:00:00;2,8; m/s
21-10-2025;10:10:00;3,3; m/s
21-10-2025;10:20:00;3,7; m/s
21-10-2025;10:30:00;3; m/s
21-10-2025;10:40:00;2,9; m/s
21-10-2025;10:50:00;3,2; m/s
21-10-2025;11:00:00;3,2; m/s
21-10-2025;11:10:00;4,2; m/s
21-10-2025;11:20:00;4,9; m/s
21-10-2025;11:30:00;4,6; m/s
21-10-2025;11:40:00;3,9; m/s
21-10-2025;11:50:00;2,9; m/s
21-10-2025;12:00:00;3,7; m/s
21-10-2025;12:10:00;3,9; m/s
21-10-2025;12:20:00;3,7; m/s
21-10-2025;12:30:00;3,8; m/s
21-10-2025;12:40:00;4,6; m/s
21-10-2025;12:50:00;3,8; m/s
21-10-2025;13:00:00;4; m/s
21-10-2025;13:10:00;3,7; m/s
21-10-2025;13:20:00;3,5; m/s
21-10-2025;13:30:00;4; m/s
21-10-2025;13:40:00;3,8; m/s
21-10-2025;13:50:00;4,2; m/s
21-10-2025;14:00:00;4,3; m/s
21-10-2025;14:10:00;4,1; m/s
21-10-2025;14:20:00;3,8; m/s
21-10-2025;14:30:00;3,8; m/s
21-10-2025;14:40:00;3,9; m/s
21-10-2025;14:50:00;4,2; m/s
21-10-2025;15:00:00;4,2; m/s
21-10-2025;15:10:00;4,8; m/s
21-10-2025;15:20:00;4,1; m/s
21-10-2025;15:30:00;5; m/s
21-10-2025;15:40:00;4,8; m/s
21-10-2025;15:50:00;5; m/s
21-10-2025;16:00:00;4,7; m/s
21-10-2025;16:10:00;5; m/s
21-10-2025;16:20:00;5,1; m/s
21-10-2025;16:30:00;4,9; m/s
21-10-2025;16:40:00;4,7; m/s
21-10-2025;16:50:00;5,2; m/s
21-10-2025;17:00:00;4,3; m/s
21-10-2025;17:10:00;4,6; m/s
21-10-2025;17:20:00;4,6; m/s
21-10-2025;17:30:00;3; m/s
21-10-2025;17:40:00;4,5; m/s
21-10-2025;17:50:00;3,9; m/s
21-10-2025;18:00:00;3,2; m/s
21-10-2025;18:10:00;2,9; m/s
21-10-2025;18:20:00;2,8; m/s
21-10-2025;18:30:00;2,4; m/s
21-10-2025;18:40:00;1,9; m/s
21-10-2025;18:50:00;1,9; m/s
21-10-2025;19:00:00;1,9; m/s
21-10-2025;19:10:00;2,9; m/s
21-10-2025;19:20:00;4,2; m/s
21-10-2025;19:30:00;4,2; m/s
21-10-2025;19:40:00;4,8; m/s
21-10-2025;19:50:00;4,4; m/s
21-10-2025;20:00:00;3,5; m/s
21-10-2025;20:10:00;3,5; m/s
21-10-2025;20:20:00;2,6; m/s
21-10-2025;20:30:00;2; m/s
21-10-2025;20:40:00;1,8; m/s
21-10-2025;20:50:00;1,8; m/s
21-10-2025;21:00:00;1,7; m/s
21-10-2025;21:10:00;1,6; m/s
21-10-2025;21:20:00;2,5; m/s
21-10-2025;21:30:00;2,1; m/s
21-10-2025;21:40:00;2,5; m/s
21-10-2025;21:50:00;3; m/s
21-10-2025;22:00:00;3,6; m/s
21-10-2025;22:10:00;3,6; m/s
21-10-2025;22:20:00;3; m/s
21-10-2025;22:30:00;3; m/s
21-10-2025;22:40:00;2,8; m/s
21-10-2025;22:50:00;1,9; m/s
21-10-2025;23:00:00;1,5; m/s
21-10-2025;23:10:00;2,3; m/s
21-10-2025;23:20:00;2,1; m/s
21-10-2025;23:30:00;2,3; m/s
21-10-2025;23:40:00;2,3; m/s
21-10-2025;23:50:00;1,9; m/s
22-10-2025;00:00:00;1,9; m/s
22-10-2025;00:10:00;1,7; m/s
22-10-2025;00:20:00;1,5; m/s
22-10-2025;00:30:00;1,6; m/s
22-10-2025;00:40:00;1,6; m/s
22-10-2025;00:50:00;1,9; m/s
22-10-2025;01:00:00;1,9; m/s
22-10-2025;01:10:00;1,7; m/s
22-10-2025;01:20:00;1,6; m/s
22-10-2025;01:30:00;1,2; m/s
22-10-2025;01:40:00;1,3; m/s
22-10-2025;01:50:00;1,4; m/s
22-10-2025;02:00:00;1,4; m/s
22-10-2025;02:10:00;2,1; m/s
22-10-2025;02:20:00;2,4; m/s
22-10-2025;02:30:00;2,2; m/s
22-10-2025;02:40:00;1,7; m/s
22-10-2025;02:50:00;1,7; m/s
22-10-2025;03:00:00;2,4; m/s
22-10-2025;03:10:00;2,7; m/s
22-10-2025;03:20:00;2,2; m/s
22-10-2025;03:30:00;1,9; m/s
22-10-2025;03:40:00;1,2; m/s
22-10-2025;03:50:00;1; m/s
22-10-2025;04:00:00;1,1; m/s
22-10-2025;04:10:00;1,3; m/s
22-10-2025;04:20:00;1,4; m/s
22-10-2025;04:30:00;2,1; m/s
22-10-2025;04:40:00;2,3; m/s
22-10-2025;04:50:00;2,1; m/s
22-10-2025;05:00:00;1,8; m/s
22-10-2025;05:10:00;1,6; m/s
22-10-2025;05:20:00;2,1; m/s
22-10-2025;05:30:00;1,9; m/s
22-10-2025;05:40:00;1,9; m/s
22-10-2025;05:50:00;2,9; m/s
22-10-2025;06:00:00;2,7; m/s
22-10-2025;06:10:00;2,5; m/s
22-10-2025;06:20:00;2,8; m/s
22-10-2025;06:30:00;2,5; m/s
22-10-2025;06:40:00;2,8; m/s
22-10-2025;06:50:00;2,9; m/s
22-10-2025;07:00:00;3; m/s
22-10-2025;07:10:00;2,6; m/s
22-10-2025;07:20:00;2,5; m/s
22-10-2025;07:30:00;2,8; m/s
22-10-2025;07:40:00;2,8; m/s
22-10-2025;07:50:00;3,3; m/s
22-10-2025;08:00:00;3,1; m/s
22-10-2025;08:10:00;3,1; m/s
22-10-2025;08:20:00;3,3; m/s
22-10-2025;08:30:00;3,8; m/s
22-10-2025;08:40:00;4; m/s
22-10-2025;08:50:00;4,1; m/s
22-10-2025;09:00:00;4,4; m/s
22-10-2025;09:10:00;4,7; m/s
22-10-2025;09:20:00;4,7; m/s
22-10-2025;09:30:00;4,1; m/s
22-10-2025;09:40:00;3,5; m/s
22-10-2025;09:50:00;2,5; m/s
22-10-2025;10:00:00;2,7; m/s
22-10-2025;10:10:00;3,2; m/s
22-10-2025;10:20:00;3; m/s
22-10-2025;10:30:00;2,6; m/s
22-10-2025;10:40:00;2,3; m/s
22-10-2025;10:50:00;2,2; m/s
22-10-2025;11:00:00;2,5; m/s
22-10-2025;11:10:00;3; m/s
22-10-2025;11:20:00;2,6; m/s
22-10-2025;11:30:00;2,5; m/s
22-10-2025;11:40:00;2,3; m/s
22-10-2025;11:50:00;2; m/s
22-10-2025;12:00:00;2,7; m/s
22-10-2025;12:10:00;1,9; m/s
22-10-2025;12:20:00;2,3; m/s
22-10-2025;12:30:00;1,9; m/s
22-10-2025;12:40:00;2,1; m/s
22-10-2025;12:50:00;2,2; m/s
22-10-2025;13:00:00;2,1; m/s
22-10-2025;13:10:00;1,9; m/s
22-10-2025;13:20:00;2; m/s
22-10-2025;13:30:00;1,8; m/s
22-10-2025;13:40:00;2,1; m/s
22-10-2025;13:50:00;2,8; m/s
22-10-2025;14:00:00;2,7; m/s
22-10-2025;14:10:00;2,5; m/s
22-10-2025;14:20:00;2,3; m/s
22-10-2025;14:30:00;1,8; m/s
22-10-2025;14:40:00;1,6; m/s
22-10-2025;14:50:00;1,5; m/s
22-10-2025;15:00:00;1,3; m/s
22-10-2025;15:10:00;1,3; m/s
22-10-2025;15:20:00;1,6; m/s
22-10-2025;15:30:00;1,4; m/s
22-10-2025;15:40:00;1,2; m/s
22-10-2025;15:50:00;2,2; m/s
22-10-2025;16:00:00;2,5; m/s
22-10-2025;16:10:00;1,3; m/s
22-10-2025;16:20:00;1,3; m/s
22-10-2025;16:30:00;2,3; m/s
22-10-2025;16:40:00;2,6; m/s
22-10-2025;16:50:00;1,2; m/s
22-10-2025;17:00:00;1,3; m/s
22-10-2025;17:10:00;0,9; m/s
22-10-2025;17:20:00;1,1; m/s
22-10-2025;17:30:00;1,7; m/s
22-10-2025;17:40:00;1,5; m/s
22-10-2025;17:50:00;1,4; m/s
22-10-2025;18:00:00;2; m/s
22-10-2025;18:10:00;1,8; m/s
22-10-2025;18:20:00;1,1; m/s
22-10-2025;18:30:00;1,1; m/s
22-10-2025;18:40:00;0,8; m/s
22-10-2025;18:50:00;1; m/s
22-10-2025;19:00:00;1,5; m/s
22-10-2025;19:10:00;0,8; m/s
22-10-2025;19:20:00;1,6; m/s
22-10-2025;19:30:00;1,3; m/s
22-10-2025;19:40:00;1,5; m/s
22-10-2025;19:50:00;1,3; m/s
22-10-2025;20:00:00;1,5; m/s
22-10-2025;20:10:00;1,7; m/s
22-10-2025;20:20:00;2; m/s
22-10-2025;20:30:00;1,7; m/s
22-10-2025;20:40:00;1,3; m/s
22-10-2025;20:50:00;1,3; m/s
22-10-2025;21:00:00;1,2; m/s
22-10-2025;21:10:00;1,3; m/s
22-10-2025;21:20:00;1,2; m/s
22-10-2025;21:30:00;1,4; m/s
22-10-2025;21:40:00;1,5; m/s
22-10-2025;21:50:00;1,3; m/s
22-10-2025;22:00:00;1,4; m/s
22-10-2025;22:10:00;1,8; m/s
22-10-2025;22:20:00;1,6; m/s
22-10-2025;22:30:00;1,7; m/s
22-10-2025;22:40:00;1,7; m/s
22-10-2025;22:50:00;2,3; m/s
22-10-2025;23:00:00;3; m/s
22-10-2025;23:10:00;2; m/s
22-10-2025;23:20:00;2,3; m/s
22-10-2025;23:30:00;2,4; m/s
22-10-2025;23:40:00;2,2; m/s
22-10-2025;23:50:00;2,7; m/s
23-10-2025;00:00:00;2,5; m/s
23-10-2025;00:10:00;1,9; m/s
23-10-2025;00:20:00;3,1; m/s
23-10-2025;00:30:00;3,2; m/s
23-10-2025;00:40:00;3,8; m/s
23-10-2025;00:50:00;3,3; m/s
23-10-2025;01:00:00;3,3; m/s
23-10-2025;01:10:00;2,3; m/s
23-10-2025;01:20:00;2,2; m/s
23-10-2025;01:30:00;2,6; m/s
23-10-2025;01:40:00;3,2; m/s
23-10-2025;01:50:00;2,9; m/s
23-10-2025;02:00:00;3; m/s
23-10-2025;02:10:00;3,4; m/s
23-10-2025;02:20:00;3; m/s
23-10-2025;02:30:00;2,2; m/s
23-10-2025;02:40:00;2,4; m/s
23-10-2025;02:50:00;2,6; m/s
23-10-2025;03:00:00;2,2; m/s
23-10-2025;03:10:00;2,8; m/s
23-10-2025;03:20:00;2,6; m/s
23-10-2025;03:30:00;2,9; m/s
23-10-2025;03:40:00;3,2; m/s
23-10-2025;03:50:00;3,1; m/s
23-10-2025;04:00:00;2,6; m/s
23-10-2025;04:10:00;2,5; m/s
23-10-2025;04:20:00;3; m/s
23-10-2025;04:30:00;3,1; m/s
23-10-2025;04:40:00;2,8; m/s
23-10-2025;04:50:00;2,8; m/s
23-10-2025;05:00:00;3,4; m/s
23-10-2025;05:10:00;3,5; m/s
23-10-2025;05:20:00;3,4; m/s
23-10-2025;05:30:00;2,6; m/s
23-10-2025;05:40:00;2,5; m/s
23-10-2025;05:50:00;2,8; m/s
23-10-2025;06:00:00;3,2; m/s
23-10-2025;06:10:00;3,2; m/s
23-10-2025;06:20:00;3,5; m/s
23-10-2025;06:30:00;3,5; m/s
23-10-2025;06:40:00;3; m/s
23-10-2025;06:50:00;2,7; m/s
23-10-2025;07:00:00;2,4; m/s
23-10-2025;07:10:00;2,6; m/s
23-10-2025;07:20:00;2,8; m/s
23-10-2025;07:30:00;2,5; m/s
23-10-2025;07:40:00;3,1; m/s
23-10-2025;07:50:00;3,6; m/s
23-10-2025;08:00:00;3,4; m/s
23-10-2025;08:10:00;3,7; m/s
23-10-2025;08:20:00;3,6; m/s
23-10-2025;08:30:00;3,2; m/s
23-10-2025;08:40:00;3,8; m/s
23-10-2025;08:50:00;3,6; m/s
23-10-2025;09:00:00;3,8; m/s
23-10-2025;09:10:00;4; m/s
23-10-2025;09:20:00;3,3; m/s
23-10-2025;09:30:00;3,5; m/s
23-10-2025;09:40:00;3,5; m/s
23-10-2025;09:50:00;4,2; m/s
23-10-2025;10:00:00;4,3; m/s
23-10-2025;10:10:00;4; m/s
23-10-2025;10:20:00;4,4; m/s
23-10-2025;10:30:00;5; m/s
23-10-2025;10:40:00;5,3; m/s
23-10-2025;10:50:00;4,2; m/s
23-10-2025;11:00:00;4; m/s
23-10-2025;11:10:00;4,1; m/s
23-10-2025;11:20:00;4,7; m/s
23-10-2025;11:30:00;4,1; m/s
23-10-2025;11:40:00;4; m/s
23-10-2025;11:50:00;3,3; m/s
23-10-2025;12:00:00;3,1; m/s
23-10-2025;12:10:00;3,1; m/s
23-10-2025;12:20:00;3,5; m/s
23-10-2025;12:30:00;4; m/s
23-10-2025;12:40:00;3,1; m/s
23-10-2025;12:50:00;3,3; m/s
23-10-2025;13:00:00;2,8; m/s
23-10-2025;13:10:00;2,7; m/s
23-10-2025;13:20:00;3; m/s
23-10-2025;13:30:00;3,1; m/s
23-10-2025;13:40:00;3,3; m/s
23-10-2025;13:50:00;3,5; m/s
23-10-2025;14:00:00;4,1; m/s
23-10-2025;14:10:00;4,3; m/s
23-10-2025;14:20:00;4,8; m/s
23-10-2025;14:30:00;4,9; m/s
23-10-2025;14:40:00;5,4; m/s
23-10-2025;14:50:00;5,1; m/s
23-10-2025;15:00:00;4,6; m/s
23-10-2025;15:10:00;5; m/s
23-10-2025;15:20:00;4,7; m/s
23-10-2025;15:30:00;4,1; m/s
23-10-2025;15:40:00;4; m/s
23-10-2025;15:50:00;4; m/s
23-10-2025;16:00:00;4; m/s
23-10-2025;16:10:00;4,6; m/s
23-10-2025;16:20:00;4,5; m/s
23-10-2025;16:30:00;4,8; m/s
23-10-2025;16:40:00;4,4; m/s
23-10-2025;16:50:00;4,7; m/s
23-10-2025;17:00:00;4,9; m/s
23-10-2025;17:10:00;5,1; m/s
23-10-2025;17:20:00;5,2; m/s
23-10-2025;17:30:00;4,7; m/s
23-10-2025;17:40:00;5; m/s
23-10-2025;17:50:00;4,6; m/s
23-10-2025;18:00:00;4,7; m/s
23-10-2025;18:10:00;5,2; m/s
23-10-2025;18:20:00;6,1; m/s
23-10-2025;18:30:00;6,9; m/s
23-10-2025;18:40:00;7,4; m/s
23-10-2025;18:50:00;6,8; m/s
23-10-2025;19:00:00;7,2; m/s
23-10-2025;19:10:00;7,6; m/s
23-10-2025;19:20:00;8,4; m/s
23-10-2025;19:30:00;10,2; m/s
23-10-2025;19:40:00;11,1; m/s
23-10-2025;19:50:00;12,3; m/s
23-10-2025;20:00:00;15,9; m/s
23-10-2025;20:10:00;11,6; m/s
23-10-2025;20:20:00;9,4; m/s
23-10-2025;20:30:00;14,1; m/s
23-10-2025;20:40:00;11,3; m/s
23-10-2025;20:50:00;13,8; m/s
23-10-2025;21:00:00;14; m/s
23-10-2025;21:10:00;12,5; m/s
23-10-2025;21:20:00;12,3; m/s
23-10-2025;21:30:00;13,5; m/s
23-10-2025;21:40:00;13,5; m/s
23-10-2025;21:50:00;14,6; m/s
23-10-2025;22:00:00;14,2; m/s
23-10-2025;22:10:00;14,2; m/s
23-10-2025;22:20:00;15; m/s
23-10-2025;22:30:00;14,4; m/s
23-10-2025;22:40:00;14,2; m/s
23-10-2025;22:50:00;15,8; m/s
23-10-2025;23:00:00;14,5; m/s
23-10-2025;23:10:00;14,8; m/s
23-10-2025;23:20:00;14,4; m/s
23-10-2025;23:30:00;15,1; m/s
23-10-2025;23:40:00;14; m/s
23-10-2025;23:50:00;18,1; m/s
24-10-2025;00:00:00;16,7; m/s
24-10-2025;00:10:00;16,4; m/s
24-10-2025;00:20:00;16,5; m/s
24-10-2025;00:30:00;16,8; m/s
24-10-2025;00:40:00;15,6; m/s
24-10-2025;00:50:00;13,2; m/s
24-10-2025;01:00:00;13,2; m/s
24-10-2025;01:10:00;16,5; m/s
24-10-2025;01:20:00;14,8; m/s
24-10-2025;01:30:00;15,9; m/s
24-10-2025;01:40:00;18; m/s
24-10-2025;01:50:00;17,7; m/s
24-10-2025;02:00:00;17,4; m/s
24-10-2025;02:10:00;17,5; m/s
24-10-2025;02:20:00;17,2; m/s
24-10-2025;02:30:00;17,9; m/s
24-10-2025;02:40:00;16,9; m/s
24-10-2025;02:50:00;15,7; m/s
24-10-2025;03:00:00;14,1; m/s
24-10-2025;03:10:00;14,2; m/s
24-10-2025;03:20:00;13,9; m/s
24-10-2025;03:30:00;12,4; m/s
24-10-2025;03:40:00;12,5; m/s
24-10-2025;03:50:00;13,2; m/s
24-10-2025;04:00:00;12,3; m/s
24-10-2025;04:10:00;12; m/s
24-10-2025;04:20:00;11,6; m/s
24-10-2025;04:30:00;11,3; m/s
24-10-2025;04:40:00;10,3; m/s
24-10-2025;04:50:00;11,2; m/s
24-10-2025;05:00:00;11,3; m/s
24-10-2025;05:10:00;11,3; m/s
24-10-2025;05:20:00;12; m/s
24-10-2025;05:30:00;11,2; m/s
24-10-2025;05:40:00;12; m/s
24-10-2025;05:50:00;11,1; m/s
24-10-2025;06:00:00;10,7; m/s
24-10-2025;06:10:00;10,4; m/s
24-10-2025;06:20:00;10,2; m/s
24-10-2025;06:30:00;10,5; m/s
24-10-2025;06:40:00;10; m/s
24-10-2025;06:50:00;10,5; m/s
24-10-2025;07:00:00;10; m/s
24-10-2025;07:10:00;9,8; m/s
24-10-2025;07:20:00;9,6; m/s
24-10-2025;07:30:00;10,5; m/s
24-10-2025;07:40:00;9,7; m/s
24-10-2025;07:50:00;9,3; m/s
24-10-2025;08:00:00;10,1; m/s
24-10-2025;08:10:00;9,2; m/s
24-10-2025;08:20:00;9,1; m/s
24-10-2025;08:30:00;10,5; m/s
24-10-2025;08:40:00;9,7; m/s
24-10-2025;08:50:00;8,8; m/s
24-10-2025;09:00:00;9,5; m/s
24-10-2025;09:10:00;8,6; m/s
24-10-2025;09:20:00;8,9; m/s
24-10-2025;09:30:00;9,3; m/s
24-10-2025;09:40:00;9,2; m/s
24-10-2025;09:50:00;9,9; m/s
24-10-2025;10:00:00;8,9; m/s
24-10-2025;10:10:00;9,3; m/s
24-10-2025;10:20:00;8,4; m/s
24-10-2025;10:30:00;8,8; m/s
24-10-2025;10:40:00;9,2; m/s
24-10-2025;10:50:00;8,4; m/s
24-10-2025;11:00:00;9,2; m/s
24-10-2025;11:10:00;9,5; m/s
24-10-2025;11:20:00;9,6; m/s
24-10-2025;11:30:00;9,4; m/s
24-10-2025;11:40:00;10,5; m/s
24-10-2025;11:50:00;9,4; m/s
24-10-2025;12:00:00;10,4; m/s
24-10-2025;12:10:00;9,4; m/s
24-10-2025;12:20:00;9,9; m/s
24-10-2025;12:30:00;8; m/s
24-10-2025;12:40:00;8,6; m/s
24-10-2025;12:50:00;9,2; m/s
24-10-2025;13:00:00;9,1; m/s
24-10-2025;13:10:00;10,1; m/s
24-10-2025;13:20:00;8,8; m/s
24-10-2025;13:30:00;8,7; m/s
24-10-2025;13:40:00;8,6; m/s
24-10-2025;13:50:00;7,5; m/s
24-10-2025;14:00:00;7,5; m/s
24-10-2025;14:10:00;8,9; m/s
24-10-2025;14:20:00;9; m/s
24-10-2025;14:30:00;9,6; m/s
24-10-2025;14:40:00;10,5; m/s
24-10-2025;14:50:00;9,7; m/s
24-10-2025;15:00:00;9,4; m/s
24-10-2025;15:10:00;9,1; m/s
24-10-2025;15:20:00;8,9; m/s
24-10-2025;15:30:00;8,6; m/s
24-10-2025;15:40:00;8,2; m/s
24-10-2025;15:50:00;7,8; m/s
24-10-2025;16:00:00;7,5; m/s
24-10-2025;16:10:00;7,9; m/s
24-10-2025;16:20:00;7,5; m/s
24-10-2025;16:30:00;7,2; m/s
24-10-2025;16:40:00;7,2; m/s
24-10-2025;16:50:00;6,9; m/s
24-10-2025;17:00:00;7,4; m/s
24-10-2025;17:10:00;7,9; m/s
24-10-2025;17:20:00;9,4; m/s
24-10-2025;17:30:00;9,2; m/s
24-10-2025;17:40:00;8,6; m/s
24-10-2025;17:50:00;9,1; m/s
24-10-2025;18:00:00;7,5; m/s
24-10-2025;18:10:00;6,9; m/s
24-10-2025;18:20:00;8,2; m/s
24-10-2025;18:30:00;8,3; m/s
24-10-2025;18:40:00;7,5; m/s
24-10-2025;18:50:00;9; m/s
24-10-2025;19:00:00;8,1; m/s
24-10-2025;19:10:00;7,8; m/s
24-10-2025;19:20:00;7,2; m/s
24-10-2025;19:30:00;7,7; m/s
24-10-2025;19:40:00;8,1; m/s
24-10-2025;19:50:00;7,3; m/s
24-10-2025;20:00:00;7,7; m/s
24-10-2025;20:10:00;8; m/s
24-10-2025;20:20:00;8; m/s
24-10-2025;20:30:00;8,5; m/s
24-10-2025;20:40:00;7,6; m/s
24-10-2025;20:50:00;7,7; m/s
24-10-2025;21:00:00;9,7; m/s
24-10-2025;21:10:00;8,5; m/s
24-10-2025;21:20:00;7,5; m/s
24-10-2025;21:30:00;9,2; m/s
24-10-2025;21:40:00;9,8; m/s
24-10-2025;21:50:00;8,8; m/s
24-10-2025;22:00:00;7,6; m/s
24-10-2025;22:10:00;8,1; m/s
24-10-2025;22:20:00;8,1; m/s
24-10-2025;22:30:00;7,3; m/s
24-10-2025;22:40:00;3,9; m/s
24-10-2025;22:50:00;6,7; m/s
24-10-2025;23:00:00;7,2; m/s
24-10-2025;23:10:00;7,2; m/s
24-10-2025;23:20:00;6,8; m/s
24-10-2025;23:30:00;6,8; m/s
24-10-2025;23:40:00;7; m/s
24-10-2025;23:50:00;7,8; m/s
25-10-2025;00:00:00;6,9; m/s
25-10-2025;00:10:00;5,6; m/s
25-10-2025;00:20:00;6,5; m/s
25-10-2025;00:30:00;6,4; m/s
25-10-2025;00:40:00;6,6; m/s
25-10-2025;00:50:00;6; m/s
25-10-2025;01:00:00;6,5; m/s
25-10-2025;01:10:00;7,6; m/s
25-10-2025;01:20:00;5,8; m/s
25-10-2025;01:30:00;5,2; m/s
25-10-2025;01:40:00;6,5; m/s
25-10-2025;01:50:00;6,9; m/s
25-10-2025;02:00:00;6,6; m/s
25-10-2025;02:10:00;5,8; m/s
25-10-2025;02:20:00;6,4; m/s
25-10-2025;02:30:00;6,8; m/s
25-10-2025;02:40:00;6,1; m/s
25-10-2025;02:50:00;5,9; m/s
25-10-2025;03:00:00;6,9; m/s
25-10-2025;03:10:00;6,4; m/s
25-10-2025;03:20:00;6,2; m/s
25-10-2025;03:30:00;6,7; m/s
25-10-2025;03:40:00;6,5; m/s
25-10-2025;03:50:00;7,1; m/s
25-10-2025;04:00:00;6,4; m/s
25-10-2025;04:10:00;7,4; m/s
25-10-2025;04:20:00;6,4; m/s
25-10-2025;04:30:00;6,3; m/s
25-10-2025;04:40:00;5,8; m/s
25-10-2025;04:50:00;5,7; m/s
25-10-2025;05:00:00;5,5; m/s
25-10-2025;05:10:00;6,6; m/s
25-10-2025;05:20:00;4,8; m/s
25-10-2025;05:30:00;4,4; m/s
25-10-2025;05:40:00;4,4; m/s
25-10-2025;05:50:00;4,4; m/s
25-10-2025;06:00:00;5; m/s
25-10-2025;06:10:00;4,5; m/s
25-10-2025;06:20:00;5; m/s
25-10-2025;06:30:00;4,5; m/s
25-10-2025;06:40:00;5,7; m/s
25-10-2025;06:50:00;3,6; m/s
25-10-2025;07:00:00;3,9; m/s
25-10-2025;07:10:00;4,7; m/s
25-10-2025;07:20:00;4,9; m/s
25-10-2025;07:30:00;4,3; m/s
25-10-2025;07:40:00;4,4; m/s
25-10-2025;07:50:00;5,2; m/s
25-10-2025;08:00:00;4,8; m/s
25-10-2025;08:10:00;4; m/s
25-10-2025;08:20:00;3,5; m/s
25-10-2025;08:30:00;3,3; m/s
25-10-2025;08:40:00;4,4; m/s
25-10-2025;08:50:00;4,1; m/s
25-10-2025;09:00:00;4,1; m/s
25-10-2025;09:10:00;2,9; m/s
25-10-2025;09:20:00;4,3; m/s
25-10-2025;09:30:00;4,7; m/s
25-10-2025;09:40:00;4,1; m/s
25-10-2025;09:50:00;4,3; m/s
25-10-2025;10:00:00;5,2; m/s
25-10-2025;10:10:00;6,3; m/s
25-10-2025;10:20:00;6,1; m/s
25-10-2025;10:30:00;5,2; m/s
25-10-2025;10:40:00;4,7; m/s
25-10-2025;10:50:00;5; m/s
25-10-2025;11:00:00;6,5; m/s
25-10-2025;11:10:00;5,8; m/s
25-10-2025;11:20:00;6,1; m/s
25-10-2025;11:30:00;5,2; m/s
25-10-2025;11:40:00;4,4; m/s
25-10-2025;11:50:00;4,5; m/s
25-10-2025;12:00:00;5,6; m/s
25-10-2025;12:10:00;4,4; m/s
25-10-2025;12:20:00;3,8; m/s
25-10-2025;12:30:00;4,1; m/s
25-10-2025;12:40:00;4; m/s
25-10-2025;12:50:00;3,3; m/s
25-10-2025;13:00:00;3,8; m/s
25-10-2025;13:10:00;4,1; m/s
25-10-2025;13:20:00;4,3; m/s
25-10-2025;13:30:00;4,7; m/s
25-10-2025;13:40:00;4,1; m/s
25-10-2025;13:50:00;4,2; m/s
25-10-2025;14:00:00;4,7; m/s
25-10-2025;14:10:00;4,2; m/s
25-10-2025;14:20:00;3,8; m/s
25-10-2025;14:30:00;4,1; m/s
25-10-2025;14:40:00;3,9; m/s
25-10-2025;14:50:00;3,7; m/s
25-10-2025;15:00:00;4; m/s
25-10-2025;15:10:00;3,7; m/s
25-10-2025;15:20:00;3,6; m/s
25-10-2025;15:30:00;3,2; m/s
25-10-2025;15:40:00;2,7; m/s
25-10-2025;15:50:00;2,8; m/s
25-10-2025;16:00:00;2,7; m/s
25-10-2025;16:10:00;2,7; m/s
25-10-2025;16:20:00;2,6; m/s
25-10-2025;16:30:00;2,1; m/s
25-10-2025;16:40:00;2,4; m/s
25-10-2025;16:50:00;2,3; m/s
25-10-2025;17:00:00;2,3; m/s
25-10-2025;17:10:00;2; m/s
25-10-2025;17:20:00;2,4; m/s
25-10-2025;17:30:00;2,7; m/s
25-10-2025;17:40:00;2,7; m/s
25-10-2025;17:50:00;2,7; m/s
25-10-2025;18:00:00;2,5; m/s
25-10-2025;18:10:00;2,7; m/s
25-10-2025;18:20:00;3,1; m/s
25-10-2025;18:30:00;2,4; m/s
25-10-2025;18:40:00;3; m/s
25-10-2025;18:50:00;3,4; m/s
25-10-2025;19:00:00;3; m/s
25-10-2025;19:10:00;3,1; m/s
25-10-2025;19:20:00;2,9; m/s
25-10-2025;19:30:00;3,2; m/s
25-10-2025;19:40:00;3,2; m/s
25-10-2025;19:50:00;3,5; m/s
25-10-2025;20:00:00;3,7; m/s
25-10-2025;20:10:00;3,7; m/s
25-10-2025;20:20:00;3,4; m/s
25-10-2025;20:30:00;3,7; m/s
25-10-2025;20:40:00;3,7; m/s
25-10-2025;20:50:00;4; m/s
25-10-2025;21:00:00;4; m/s
25-10-2025;21:10:00;4,1; m/s
25-10-2025;21:20:00;3,5; m/s
25-10-2025;21:30:00;3,3; m/s
25-10-2025;21:40:00;3,5; m/s
25-10-2025;21:50:00;3,8; m/s
25-10-2025;22:00:00;3,6; m/s
25-10-2025;22:10:00;3,5; m/s
25-10-2025;22:20:00;3,3; m/s
25-10-2025;22:30:00;3,7; m/s
25-10-2025;22:40:00;3,3; m/s
25-10-2025;22:50:00;3,7; m/s
25-10-2025;23:00:00;3,7; m/s
25-10-2025;23:10:00;3,6; m/s
25-10-2025;23:20:00;5; m/s
25-10-2025;23:30:00;4,8; m/s
25-10-2025;23:40:00;5,6; m/s
25-10-2025;23:50:00;6,1; m/s
26-10-2025;00:00:00;6,2; m/s
26-10-2025;00:10:00;5,9; m/s
26-10-2025;00:20:00;5,3; m/s
26-10-2025;00:30:00;5,9; m/s
26-10-2025;00:40:00;6,2; m/s
26-10-2025;00:50:00;6,1; m/s
26-10-2025;01:00:00;6,7; m/s
26-10-2025;01:10:00;7; m/s
26-10-2025;01:20:00;7,3; m/s
26-10-2025;01:30:00;7,7; m/s
26-10-2025;01:40:00;7,6; m/s
26-10-2025;01:50:00;7,9; m/s
26-10-2025;02:00:00;7,9; m/s
26-10-2025;02:10:00;7,2; m/s
26-10-2025;02:20:00;7,5; m/s
26-10-2025;02:30:00;7,5; m/s
26-10-2025;02:40:00;7,4; m/s
26-10-2025;02:50:00;7,9; m/s
26-10-2025;03:00:00;7,5; m/s
26-10-2025;03:10:00;7,8; m/s
26-10-2025;03:20:00;7,2; m/s
26-10-2025;03:30:00;7,3; m/s
26-10-2025;03:40:00;7; m/s
26-10-2025;03:50:00;7,3; m/s
26-10-2025;04:00:00;7,2; m/s
26-10-2025;04:10:00;7,3; m/s
26-10-2025;04:20:00;7; m/s
26-10-2025;04:30:00;6,2; m/s
26-10-2025;04:40:00;6,3; m/s
26-10-2025;04:50:00;7,6; m/s
26-10-2025;05:00:00;8,4; m/s
26-10-2025;05:10:00;8,3; m/s
26-10-2025;05:20:00;8,5; m/s
26-10-2025;05:30:00;8,5; m/s
26-10-2025;05:40:00;7,9; m/s
26-10-2025;05:50:00;8,8; m/s
26-10-2025;06:00:00;9; m/s
26-10-2025;06:10:00;10,1; m/s
26-10-2025;06:20:00;9,5; m/s
26-10-2025;06:30:00;7,1; m/s
26-10-2025;06:40:00;6,5; m/s
26-10-2025;06:50:00;7,1; m/s
26-10-2025;07:00:00;5,8; m/s
26-10-2025;07:10:00;5,1; m/s
26-10-2025;07:20:00;6,2; m/s
26-10-2025;07:30:00;6,4; m/s
26-10-2025;07:40:00;6,7; m/s
26-10-2025;07:50:00;8,5; m/s
26-10-2025;08:00:00;8,8; m/s
26-10-2025;08:10:00;8,4; m/s
26-10-2025;08:20:00;8,3; m/s
26-10-2025;08:30:00;8,8; m/s
26-10-2025;08:40:00;9,2; m/s
26-10-2025;08:50:00;8,6; m/s
26-10-2025;09:00:00;8,6; m/s
26-10-2025;09:10:00;9; m/s
26-10-2025;09:20:00;8,7; m/s
26-10-2025;09:30:00;9,8; m/s
26-10-2025;09:40:00;9; m/s
26-10-2025;09:50:00;8,9; m/s
26-10-2025;10:00:00;8; m/s
26-10-2025;10:10:00;8; m/s
26-10-2025;10:20:00;8,2; m/s
26-10-2025;10:30:00;8; m/s
26-10-2025;10:40:00;7,4; m/s
26-10-2025;10:50:00;7,3; m/s
26-10-2025;11:00:00;6,7; m/s
26-10-2025;11:10:00;7; m/s
26-10-2025;11:20:00;6,5; m/s
26-10-2025;11:30:00;7,2; m/s
26-10-2025;11:40:00;6,3; m/s
26-10-2025;11:50:00;5,7; m/s
26-10-2025;12:00:00;6,4; m/s
26-10-2025;12:10:00;6,2; m/s
26-10-2025;12:20:00;5,1; m/s
26-10-2025;12:30:00;5,2; m/s
26-10-2025;12:40:00;5,5; m/s
26-10-2025;12:50:00;6,4; m/s
26-10-2025;13:00:00;6,6; m/s
26-10-2025;13:10:00;6,8; m/s
26-10-2025;13:20:00;6,5; m/s
26-10-2025;13:30:00;6,8; m/s
26-10-2025;13:40:00;6,8; m/s
26-10-2025;13:50:00;6,9; m/s
26-10-2025;14:00:00;5,8; m/s
26-10-2025;14:10:00;5,8; m/s
26-10-2025;14:20:00;5,2; m/s
26-10-2025;14:30:00;5,2; m/s
26-10-2025;14:40:00;5,7; m/s
26-10-2025;14:50:00;6,8; m/s
26-10-2025;15:00:00;6,2; m/s
26-10-2025;15:10:00;7; m/s
26-10-2025;15:20:00;7,4; m/s
26-10-2025;15:30:00;7,1; m/s
26-10-2025;15:40:00;8,1; m/s
26-10-2025;15:50:00;7,6; m/s
26-10-2025;16:00:00;7,8; m/s
26-10-2025;16:10:00;7,6; m/s
26-10-2025;16:20:00;8,2; m/s
26-10-2025;16:30:00;8,3; m/s
26-10-2025;16:40:00;7,4; m/s
26-10-2025;16:50:00;7,2; m/s
26-10-2025;17:00:00;7,2; m/s
26-10-2025;17:10:00;7,5; m/s
26-10-2025;17:20:00;7,6; m/s
26-10-2025;17:30:00;8,8; m/s
26-10-2025;17:40:00;7,8; m/s
26-10-2025;17:50:00;6,6; m/s
26-10-2025;18:00:00;6,7; m/s
26-10-2025;18:10:00;6,8; m/s
26-10-2025;18:20:00;7,1; m/s
26-10-2025;18:30:00;7,5; m/s
26-10-2025;18:40:00;7,6; m/s
26-10-2025;18:50:00;6,2; m/s
26-10-2025;19:00:00;6,2; m/s
26-10-2025;19:10:00;6; m/s
26-10-2025;19:20:00;6; m/s
26-10-2025;19:30:00;7; m/s
26-10-2025;19:50:00;9,9; m/s
26-10-2025;20:00:00;10,4; m/s
26-10-2025;20:10:00;11,6; m/s
26-10-2025;20:20:00;10; m/s
26-10-2025;20:30:00;9,2; m/s
26-10-2025;20:40:00;9,8; m/s
26-10-2025;20:50:00;8,6; m/s
26-10-2025;21:00:00;9,7; m/s
26-10-2025;21:10:00;11,3; m/s
26-10-2025;21:20:00;7,7; m/s
26-10-2025;21:30:00;6,6; m/s
26-10-2025;21:40:00;5,6; m/s
26-10-2025;21:50:00;5,3; m/s
26-10-2025;22:00:00;7; m/s
26-10-2025;22:10:00;6,6; m/s
26-10-2025;22:20:00;6,3; m/s
26-10-2025;22:30:00;5,4; m/s
26-10-2025;22:40:00;5,4; m/s
26-10-2025;22:50:00;3,8; m/s
26-10-2025;23:00:00;2,8; m/s
26-10-2025;23:10:00;4,5; m/s
26-10-2025;23:20:00;4,7; m/s
26-10-2025;23:30:00;4; m/s
26-10-2025;23:40:00;5,4; m/s
26-10-2025;23:50:00;5,8; m/s
27-10-2025;00:00:00;5,5; m/s
27-10-2025;00:10:00;6; m/s
27-10-2025;00:20:00;7,7; m/s
27-10-2025;00:30:00;8,1; m/s
27-10-2025;00:40:00;9,4; m/s
27-10-2025;00:50:00;10; m/s
27-10-2025;01:00:00;8,9; m/s
27-10-2025;01:10:00;8,6; m/s
27-10-2025;01:20:00;8; m/s
27-10-2025;01:30:00;7,6; m/s
27-10-2025;01:40:00;8,1; m/s
27-10-2025;01:50:00;7,8; m/s
27-10-2025;02:00:00;8,2; m/s
27-10-2025;02:10:00;8,7; m/s
27-10-2025;02:20:00;7,9; m/s
27-10-2025;02:30:00;8,6; m/s
27-10-2025;02:40:00;6,9; m/s
27-10-2025;02:50:00;8,3; m/s
27-10-2025;03:00:00;8,1; m/s
27-10-2025;03:10:00;8,2; m/s
27-10-2025;03:20:00;8,3; m/s
27-10-2025;03:30:00;7,1; m/s
27-10-2025;03:40:00;7,3; m/s
27-10-2025;03:50:00;7; m/s
27-10-2025;04:00:00;7,5; m/s
27-10-2025;04:10:00;9,2; m/s
27-10-2025;04:20:00;11,3; m/s
27-10-2025;04:30:00;11,9; m/s
27-10-2025;04:40:00;11; m/s
27-10-2025;04:50:00;9,8; m/s
27-10-2025;05:00:00;8,6; m/s
27-10-2025;05:10:00;8; m/s
27-10-2025;05:20:00;7,8; m/s
27-10-2025;05:30:00;8; m/s
27-10-2025;05:40:00;7,7; m/s
27-10-2025;05:50:00;7,2; m/s
27-10-2025;06:00:00;7; m/s
27-10-2025;06:10:00;6,2; m/s
27-10-2025;06:20:00;7; m/s
27-10-2025;06:30:00;5,9; m/s
27-10-2025;06:40:00;6,2; m/s
27-10-2025;06:50:00;5,6; m/s
27-10-2025;07:00:00;5,6; m/s
27-10-2025;07:10:00;4,8; m/s
27-10-2025;07:20:00;3,6; m/s
27-10-2025;07:30:00;3,8; m/s
27-10-2025;07:40:00;3,4; m/s
27-10-2025;07:50:00;2,7; m/s
27-10-2025;08:00:00;3,5; m/s
27-10-2025;08:10:00;2,8; m/s
27-10-2025;08:20:00;1,8; m/s
27-10-2025;08:30:00;1,2; m/s
27-10-2025;08:40:00;2,1; m/s
27-10-2025;08:50:00;1,8; m/s
27-10-2025;09:00:00;2,2; m/s
27-10-2025;09:10:00;4,2; m/s
27-10-2025;09:20:00;4,5; m/s
27-10-2025;09:30:00;4,9; m/s
27-10-2025;09:40:00;5,2; m/s
27-10-2025;09:50:00;4,9; m/s
27-10-2025;10:00:00;5,3; m/s
27-10-2025;10:10:00;6,9; m/s
27-10-2025;10:20:00;7,4; m/s
27-10-2025;10:30:00;6,9; m/s
27-10-2025;10:40:00;6,5; m/s
27-10-2025;10:50:00;6,9; m/s
27-10-2025;11:00:00;7,5; m/s
27-10-2025;11:10:00;8; m/s
27-10-2025;11:20:00;7,5; m/s
27-10-2025;11:30:00;6,5; m/s
27-10-2025;11:40:00;6,5; m/s
27-10-2025;11:50:00;6,4; m/s
27-10-2025;12:00:00;7,5; m/s
27-10-2025;12:10:00;7,5; m/s
27-10-2025;12:20:00;8; m/s
27-10-2025;12:30:00;10,2; m/s
27-10-2025;12:40:00;10,4; m/s
27-10-2025;12:50:00;10; m/s
27-10-2025;13:00:00;10,1; m/s
27-10-2025;13:10:00;10,6; m/s
27-10-2025;13:20:00;10,6; m/s
27-10-2025;13:30:00;10,3; m/s
27-10-2025;13:40:00;10,8; m/s
27-10-2025;13:50:00;9,9; m/s
27-10-2025;14:00:00;11,2; m/s
27-10-2025;14:10:00;9,9; m/s
27-10-2025;14:20:00;10,2; m/s
27-10-2025;14:30:00;9,9; m/s
27-10-2025;14:40:00;9; m/s
27-10-2025;14:50:00;8,9; m/s
27-10-2025;15:00:00;9; m/s
27-10-2025;15:10:00;8,7; m/s
27-10-2025;15:20:00;8,1; m/s
27-10-2025;15:30:00;8,7; m/s
27-10-2025;15:40:00;8,7; m/s
27-10-2025;15:50:00;9,1; m/s
27-10-2025;16:00:00;8,9; m/s
27-10-2025;16:10:00;8,2; m/s
27-10-2025;16:20:00;9,1; m/s
27-10-2025;16:30:00;8,8; m/s
27-10-2025;16:40:00;8,2; m/s
27-10-2025;16:50:00;8,1; m/s
27-10-2025;17:00:00;8,5; m/s
27-10-2025;17:10:00;7,8; m/s
27-10-2025;17:20:00;8; m/s
27-10-2025;17:30:00;7,1; m/s
27-10-2025;17:40:00;8,1; m/s
27-10-2025;17:50:00;7,5; m/s
27-10-2025;18:00:00;6,7; m/s
27-10-2025;18:10:00;8,7; m/s
27-10-2025;18:20:00;7,8; m/s
27-10-2025;18:30:00;7,6; m/s
27-10-2025;18:40:00;7,2; m/s
27-10-2025;18:50:00;7,9; m/s
27-10-2025;19:00:00;9; m/s
27-10-2025;19:10:00;6,6; m/s
27-10-2025;19:20:00;7,2; m/s
27-10-2025;19:30:00;7,9; m/s
27-10-2025;19:40:00;8,7; m/s
27-10-2025;19:50:00;7,1; m/s
27-10-2025;20:00:00;5,6; m/s
27-10-2025;20:10:00;5,6; m/s
27-10-2025;20:20:00;7,3; m/s
27-10-2025;20:30:00;7,7; m/s
27-10-2025;20:40:00;5,3; m/s
27-10-2025;20:50:00;7,8; m/s
27-10-2025;21:00:00;8,4; m/s
27-10-2025;21:10:00;9,2; m/s
27-10-2025;21:20:00;11,9; m/s
27-10-2025;21:30:00;9,5; m/s
27-10-2025;21:40:00;8,7; m/s
27-10-2025;21:50:00;12,2; m/s
27-10-2025;22:00:00;10,7; m/s
27-10-2025;22:10:00;9,5; m/s
27-10-2025;22:20:00;11,4; m/s
27-10-2025;22:30:00;11; m/s
27-10-2025;22:40:00;9,8; m/s
27-10-2025;22:50:00;10,2; m/s
27-10-2025;23:00:00;10,5; m/s
27-10-2025;23:10:00;8,6; m/s
27-10-2025;23:20:00;7,6; m/s
27-10-2025;23:30:00;10,7; m/s
27-10-2025;23:40:00;11; m/s
27-10-2025;23:50:00;9,4; m/s
28-10-2025;00:00:00;9,4; m/s
28-10-2025;00:10:00;8,5; m/s
28-10-2025;00:20:00;8,6; m/s
28-10-2025;00:30:00;8,4; m/s
28-10-2025;00:40:00;10,1; m/s
28-10-2025;00:50:00;8,7; m/s
28-10-2025;01:00:00;7,3; m/s
28-10-2025;01:10:00;7,3; m/s
28-10-2025;01:20:00;6,9; m/s
28-10-2025;01:30:00;6,3; m/s
28-10-2025;01:40:00;5,6; m/s
28-10-2025;01:50:00;6; m/s
28-10-2025;02:00:00;5,5; m/s
28-10-2025;02:10:00;6,9; m/s
28-10-2025;02:20:00;6,4; m/s
28-10-2025;02:30:00;5,2; m/s
28-10-2025;02:40:00;4; m/s
28-10-2025;02:50:00;4,2; m/s
28-10-2025;03:00:00;3,8; m/s
28-10-2025;03:10:00;3,4; m/s
28-10-2025;03:20:00;3,1; m/s
28-10-2025;03:30:00;2,5; m/s
28-10-2025;03:40:00;2,6; m/s
28-10-2025;03:50:00;2,3; m/s
28-10-2025;04:00:00;2,6; m/s
28-10-2025;04:10:00;2,7; m/s
28-10-2025;04:20:00;2,6; m/s
28-10-2025;04:30:00;3; m/s
28-10-2025;04:40:00;3,3; m/s
28-10-2025;04:50:00;2,9; m/s
28-10-2025;05:00:00;2,6; m/s
28-10-2025;05:10:00;2,4; m/s
28-10-2025;05:20:00;1,6; m/s
28-10-2025;05:30:00;1,7; m/s
28-10-2025;05:40:00;2,6; m/s
28-10-2025;05:50:00;2; m/s
28-10-2025;06:00:00;1,9; m/s
28-10-2025;06:10:00;3,1; m/s
28-10-2025;06:20:00;3,3; m/s
28-10-2025;06:30:00;2,4; m/s
28-10-2025;06:40:00;2,4; m/s
28-10-2025;06:50:00;2,6; m/s
28-10-2025;07:00:00;2,3; m/s
28-10-2025;07:10:00;2; m/s
28-10-2025;07:20:00;1,6; m/s
28-10-2025;07:30:00;3,1; m/s
28-10-2025;07:40:00;3,6; m/s
28-10-2025;07:50:00;3,5; m/s
28-10-2025;08:00:00;2,8; m/s
28-10-2025;08:10:00;2,4; m/s
28-10-2025;08:20:00;1,9; m/s
28-10-2025;08:30:00;1,9; m/s
28-10-2025;08:40:00;1,6; m/s
28-10-2025;08:50:00;1,8; m/s
28-10-2025;09:00:00;1,9; m/s
28-10-2025;09:10:00;1,9; m/s
28-10-2025;09:20:00;1,6; m/s
28-10-2025;09:30:00;1,8; m/s
28-10-2025;09:40:00;1,6; m/s
28-10-2025;09:50:00;2,8; m/s
28-10-2025;10:00:00;3; m/s
28-10-2025;10:10:00;2,1; m/s
28-10-2025;10:20:00;1,9; m/s
28-10-2025;10:30:00;1,9; m/s
28-10-2025;10:40:00;2; m/s
28-10-2025;10:50:00;1,9; m/s
28-10-2025;11:00:00;1,6; m/s
28-10-2025;11:10:00;1,4; m/s
28-10-2025;11:20:00;1,1; m/s
28-10-2025;11:30:00;1,5; m/s
28-10-2025;11:40:00;1,6; m/s
28-10-2025;11:50:00;1,7; m/s
28-10-2025;12:00:00;2,1; m/s
28-10-2025;12:10:00;2,2; m/s
28-10-2025;12:20:00;2; m/s
28-10-2025;12:30:00;1,7; m/s
28-10-2025;12:40:00;1,9; m/s
28-10-2025;12:50:00;2,1; m/s
28-10-2025;13:00:00;1,9; m/s
28-10-2025;13:10:00;2,6; m/s
28-10-2025;13:20:00;2,4; m/s
28-10-2025;13:30:00;2,4; m/s
28-10-2025;13:40:00;2,2; m/s
28-10-2025;13:50:00;2,1; m/s
28-10-2025;14:00:00;1,9; m/s
28-10-2025;14:10:00;2,4; m/s
28-10-2025;14:20:00;2,3; m/s
28-10-2025;14:30:00;3,1; m/s
28-10-2025;14:40:00;3,3; m/s
28-10-2025;14:50:00;3,3; m/s
28-10-2025;15:00:00;3,4; m/s
28-10-2025;15:10:00;3,4; m/s
28-10-2025;15:20:00;3,4; m/s
28-10-2025;15:30:00;3,2; m/s
28-10-2025;15:40:00;3,4; m/s
28-10-2025;15:50:00;3; m/s
28-10-2025;16:00:00;2,8; m/s
28-10-2025;16:10:00;2,7; m/s
28-10-2025;16:20:00;3; m/s
28-10-2025;16:30:00;4,3; m/s
28-10-2025;16:40:00;4,6; m/s
28-10-2025;16:50:00;4,7; m/s
28-10-2025;17:00:00;5,2; m/s
28-10-2025;17:10:00;5,3; m/s
28-10-2025;17:20:00;4,7; m/s
28-10-2025;17:30:00;3,8; m/s
28-10-2025;17:40:00;2,1; m/s
28-10-2025;17:50:00;2,8; m/s
28-10-2025;18:00:00;3,4; m/s
28-10-2025;18:10:00;3; m/s
28-10-2025;18:20:00;2,6; m/s
28-10-2025;18:30:00;2,3; m/s
28-10-2025;18:40:00;1,9; m/s
28-10-2025;18:50:00;1,5; m/s
28-10-2025;19:00:00;1,9; m/s
28-10-2025;19:10:00;2,8; m/s
28-10-2025;19:20:00;2,5; m/s
28-10-2025;19:30:00;2,4; m/s
28-10-2025;19:40:00;2,6; m/s
28-10-2025;19:50:00;2,6; m/s
28-10-2025;20:00:00;2,2; m/s
28-10-2025;20:10:00;1,5; m/s
28-10-2025;20:20:00;0,5; m/s
28-10-2025;20:30:00;1; m/s
28-10-2025;20:40:00;0,3; m/s
28-10-2025;20:50:00;0,6; m/s
28-10-2025;21:00:00;0,6; m/s
28-10-2025;21:10:00;1; m/s
28-10-2025;21:20:00;0,9; m/s
28-10-2025;21:30:00;0,2; m/s
28-10-2025;21:40:00;0,2; m/s
28-10-2025;21:50:00;0,5; m/s
28-10-2025;22:00:00;0,7; m/s
28-10-2025;22:10:00;1; m/s
28-10-2025;22:20:00;1; m/s
28-10-2025;22:30:00;1,3; m/s
28-10-2025;22:40:00;1,6; m/s
28-10-2025;22:50:00;1,7; m/s
28-10-2025;23:00:00;2; m/s
28-10-2025;23:10:00;2,3; m/s
28-10-2025;23:20:00;2,2; m/s
28-10-2025;23:30:00;2,6; m/s
28-10-2025;23:40:00;2,9; m/s
28-10-2025;23:50:00;2,2; m/s
29-10-2025;00:00:00;2,5; m/s
29-10-2025;00:10:00;2,5; m/s
29-10-2025;00:20:00;2,2; m/s
29-10-2025;00:30:00;2; m/s
29-10-2025;00:40:00;1,5; m/s
29-10-2025;00:50:00;1,1; m/s
29-10-2025;01:00:00;1,3; m/s
29-10-2025;01:10:00;1,7; m/s
29-10-2025;01:20:00;2,4; m/s
29-10-2025;01:30:00;1,8; m/s
29-10-2025;01:40:00;1,7; m/s
29-10-2025;01:50:00;0,6; m/s
29-10-2025;02:00:00;1,6; m/s
29-10-2025;02:10:00;1,9; m/s
29-10-2025;02:20:00;1,5; m/s
29-10-2025;02:30:00;1,2; m/s
29-10-2025;02:40:00;1,3; m/s
29-10-2025;02:50:00;1,9; m/s
29-10-2025;03:00:00;1,9; m/s
29-10-2025;03:10:00;2,4; m/s
29-10-2025;03:20:00;2,4; m/s
29-10-2025;03:30:00;2,4; m/s
29-10-2025;03:40:00;2,5; m/s
29-10-2025;03:50:00;2,1; m/s
29-10-2025;04:00:00;1,5; m/s
29-10-2025;04:10:00;1,7; m/s
29-10-2025;04:20:00;1,7; m/s
29-10-2025;04:30:00;1,8; m/s
29-10-2025;04:40:00;1,4; m/s
29-10-2025;04:50:00;1,8; m/s
29-10-2025;05:00:00;2,1; m/s
29-10-2025;05:10:00;2,8; m/s
29-10-2025;05:20:00;2,3; m/s
29-10-2025;05:30:00;1,6; m/s
29-10-2025;05:40:00;1; m/s
29-10-2025;05:50:00;2,8; m/s
29-10-2025;06:00:00;2,3; m/s
29-10-2025;06:10:00;1,8; m/s
29-10-2025;06:20:00;1,6; m/s
29-10-2025;06:30:00;2; m/s
29-10-2025;06:40:00;2,3; m/s
29-10-2025;06:50:00;2,7; m/s
29-10-2025;07:00:00;2,8; m/s
29-10-2025;07:10:00;2,5; m/s
29-10-2025;07:20:00;2,4; m/s
29-10-2025;07:30:00;2,3; m/s
29-10-2025;07:40:00;2,1; m/s
29-10-2025;07:50:00;2,3; m/s
29-10-2025;08:00:00;2,1; m/s
29-10-2025;08:10:00;2,1; m/s
29-10-2025;08:20:00;2; m/s
29-10-2025;08:30:00;2,2; m/s
29-10-2025;08:40:00;1,9; m/s
29-10-2025;08:50:00;1,6; m/s
29-10-2025;09:00:00;1,8; m/s
29-10-2025;09:10:00;1,4; m/s
29-10-2025;09:20:00;1,3; m/s
29-10-2025;09:30:00;1,3; m/s
29-10-2025;09:40:00;1,7; m/s
29-10-2025;09:50:00;1,8; m/s
29-10-2025;10:00:00;2,5; m/s
29-10-2025;10:10:00;1,8; m/s
29-10-2025;10:20:00;2,5; m/s
29-10-2025;10:30:00;2; m/s
29-10-2025;10:40:00;1,8; m/s
29-10-2025;10:50:00;2,1; m/s
29-10-2025;11:00:00;1,9; m/s
29-10-2025;11:10:00;1,8; m/s
29-10-2025;11:20:00;1,9; m/s
29-10-2025;11:30:00;2,3; m/s
29-10-2025;11:40:00;2,1; m/s
29-10-2025;11:50:00;2,2; m/s
29-10-2025;12:00:00;2,1; m/s
29-10-2025;12:10:00;2,1; m/s
29-10-2025;12:20:00;2,2; m/s
29-10-2025;12:30:00;2,4; m/s
29-10-2025;12:40:00;2,3; m/s
29-10-2025;12:50:00;2,2; m/s
29-10-2025;13:00:00;2,1; m/s
29-10-2025;13:10:00;2,3; m/s
29-10-2025;13:20:00;2,1; m/s
29-10-2025;13:30:00;2,1; m/s
29-10-2025;13:40:00;2,1; m/s
29-10-2025;13:50:00;2,1; m/s
29-10-2025;14:00:00;2,2; m/s
29-10-2025;14:10:00;2,1; m/s
29-10-2025;14:20:00;2,1; m/s
29-10-2025;14:30:00;2,3; m/s
29-10-2025;14:40:00;2,2; m/s
29-10-2025;14:50:00;2,1; m/s
29-10-2025;15:00:00;2,1; m/s
29-10-2025;15:10:00;1,9; m/s
29-10-2025;15:20:00;2,1; m/s
29-10-2025;15:30:00;1,9; m/s
29-10-2025;15:40:00;1,9; m/s
29-10-2025;15:50:00;2; m/s
29-10-2025;16:00:00;1,9; m/s
29-10-2025;16:10:00;2,1; m/s
29-10-2025;16:20:00;1,9; m/s
29-10-2025;16:30:00;1,8; m/s
29-10-2025;16:40:00;1,6; m/s
29-10-2025;16:50:00;2; m/s
29-10-2025;17:00:00;2,1; m/s
29-10-2025;17:10:00;2,1; m/s
29-10-2025;17:20:00;2,4; m/s
29-10-2025;17:30:00;2,2; m/s
29-10-2025;17:40:00;1,7; m/s
29-10-2025;17:50:00;1,3; m/s
29-10-2025;18:00:00;1,6; m/s
29-10-2025;18:10:00;1,8; m/s
29-10-2025;18:20:00;1,6; m/s
29-10-2025;18:30:00;2; m/s
29-10-2025;18:40:00;2; m/s
29-10-2025;18:50:00;1,1; m/s
29-10-2025;19:00:00;1,1; m/s
29-10-2025;19:10:00;1,5; m/s
29-10-2025;19:20:00;2; m/s
29-10-2025;19:30:00;2,1; m/s
29-10-2025;19:40:00;1,3; m/s
29-10-2025;19:50:00;1,7; m/s
29-10-2025;20:00:00;1,4; m/s
29-10-2025;20:10:00;1,7; m/s
29-10-2025;20:20:00;1,3; m/s
29-10-2025;20:30:00;1,5; m/s
29-10-2025;20:40:00;1,5; m/s
29-10-2025;20:50:00;1,2; m/s
29-10-2025;21:00:00;1,7; m/s
29-10-2025;21:10:00;1,7; m/s
29-10-2025;21:20:00;2; m/s
29-10-2025;21:30:00;2,3; m/s
29-10-2025;21:40:00;2,7; m/s
29-10-2025;21:50:00;3; m/s
29-10-2025;22:00:00;2,4; m/s
29-10-2025;22:10:00;2,2; m/s
29-10-2025;22:20:00;2,9; m/s
29-10-2025;22:30:00;3,1; m/s
29-10-2025;22:40:00;2,6; m/s
29-10-2025;22:50:00;3; m/s
29-10-2025;23:00:00;2,8; m/s
29-10-2025;23:10:00;3; m/s
29-10-2025;23:20:00;3,1; m/s
29-10-2025;23:30:00;2,4; m/s
29-10-2025;23:40:00;3,1; m/s
29-10-2025;23:50:00;3,4; m/s
30-10-2025;00:00:00;3,2; m/s
30-10-2025;00:10:00;3,1; m/s
30-10-2025;00:20:00;3,1; m/s
30-10-2025;00:30:00;3,1; m/s
30-10-2025;00:40:00;3,2; m/s
30-10-2025;00:50:00;3,2; m/s
30-10-2025;01:00:00;2,7; m/s
30-10-2025;01:10:00;2,4; m/s
30-10-2025;01:20:00;1,8; m/s
30-10-2025;01:30:00;2,3; m/s
30-10-2025;01:40:00;2,3; m/s
30-10-2025;01:50:00;2,6; m/s
30-10-2025;02:00:00;2,8; m/s
30-10-2025;02:10:00;2,5; m/s
30-10-2025;02:20:00;3,3; m/s
30-10-2025;02:30:00;3,6; m/s
30-10-2025;02:40:00;3,3; m/s
30-10-2025;02:50:00;3,5; m/s
30-10-2025;03:00:00;4; m/s
30-10-2025;03:10:00;3,7; m/s
30-10-2025;03:20:00;3,2; m/s
30-10-2025;03:30:00;3,2; m/s
30-10-2025;03:40:00;3,3; m/s
30-10-2025;03:50:00;3,9; m/s
30-10-2025;04:00:00;3,4; m/s
30-10-2025;04:10:00;4; m/s
30-10-2025;04:20:00;3,9; m/s
30-10-2025;04:30:00;3,3; m/s
30-10-2025;04:40:00;3,1; m/s
30-10-2025;04:50:00;3,5; m/s
30-10-2025;05:00:00;3,1; m/s
30-10-2025;05:10:00;2,8; m/s
30-10-2025;05:20:00;3,2; m/s
30-10-2025;05:30:00;3; m/s
30-10-2025;05:40:00;3; m/s
30-10-2025;05:50:00;3,6; m/s
30-10-2025;06:00:00;3,8; m/s
30-10-2025;06:10:00;3,5; m/s
30-10-2025;06:20:00;3,6; m/s
30-10-2025;06:30:00;4,1; m/s
30-10-2025;06:40:00;4,5; m/s
30-10-2025;06:50:00;3,5; m/s
30-10-2025;07:00:00;3; m/s
30-10-2025;07:10:00;2,5; m/s
30-10-2025;07:20:00;4,1; m/s
30-10-2025;07:30:00;4,3; m/s
30-10-2025;07:40:00;3,6; m/s
30-10-2025;07:50:00;3,7; m/s
30-10-2025;08:00:00;3,1; m/s
30-10-2025;08:10:00;3,4; m/s
30-10-2025;08:20:00;2,7; m/s
30-10-2025;08:30:00;3,2; m/s
30-10-2025;08:40:00;3,3; m/s
30-10-2025;08:50:00;3,5; m/s
30-10-2025;09:00:00;3,7; m/s
30-10-2025;09:10:00;3,2; m/s
30-10-2025;09:20:00;3,3; m/s
30-10-2025;09:30:00;3,6; m/s
30-10-2025;09:40:00;3,5; m/s
30-10-2025;09:50:00;3,7; m/s
30-10-2025;10:00:00;4; m/s
30-10-2025;10:10:00;3,4; m/s
30-10-2025;10:20:00;3,5; m/s
30-10-2025;10:30:00;3,6; m/s
30-10-2025;10:40:00;2,8; m/s
30-10-2025;10:50:00;3,8; m/s
30-10-2025;11:00:00;3,4; m/s
30-10-2025;11:10:00;2,9; m/s
30-10-2025;11:20:00;3,4; m/s
30-10-2025;11:30:00;3,4; m/s
30-10-2025;11:40:00;3,5; m/s
30-10-2025;11:50:00;3,4; m/s
30-10-2025;12:00:00;3,5; m/s
30-10-2025;12:10:00;3,7; m/s
30-10-2025;12:20:00;3,3; m/s
30-10-2025;12:30:00;3,9; m/s
30-10-2025;12:40:00;3,3; m/s
30-10-2025;12:50:00;3,3; m/s
30-10-2025;13:00:00;3; m/s
30-10-2025;13:10:00;3,1; m/s
30-10-2025;13:20:00;3,2; m/s
30-10-2025;13:30:00;3,4; m/s
30-10-2025;13:40:00;3,3; m/s
30-10-2025;13:50:00;3; m/s
30-10-2025;14:00:00;3,2; m/s
30-10-2025;14:10:00;2,7; m/s
30-10-2025;14:20:00;3,1; m/s
30-10-2025;14:30:00;2,9; m/s
30-10-2025;14:40:00;2,8; m/s
30-10-2025;14:50:00;2,6; m/s
30-10-2025;15:00:00;3,4; m/s
30-10-2025;15:10:00;3,4; m/s
30-10-2025;15:20:00;3,3; m/s
30-10-2025;15:30:00;3,3; m/s
30-10-2025;15:40:00;3,2; m/s
30-10-2025;15:50:00;3,2; m/s
30-10-2025;16:00:00;2,8; m/s
30-10-2025;16:10:00;2,9; m/s
30-10-2025;16:20:00;2,8; m/s
30-10-2025;16:30:00;3,3; m/s
30-10-2025;16:40:00;2,9; m/s
30-10-2025;16:50:00;3; m/s
30-10-2025;17:00:00;2,8; m/s
30-10-2025;17:10:00;2,6; m/s
30-10-2025;17:20:00;2,7; m/s
30-10-2025;17:30:00;2,6; m/s
30-10-2025;17:40:00;2,9; m/s
30-10-2025;17:50:00;2,6; m/s
30-10-2025;18:00:00;2,5; m/s
30-10-2025;18:10:00;2,1; m/s
30-10-2025;18:20:00;1,9; m/s
30-10-2025;18:30:00;2,6; m/s
30-10-2025;18:40:00;2,3; m/s
30-10-2025;18:50:00;3,6; m/s
30-10-2025;19:00:00;2,9; m/s
30-10-2025;19:10:00;2,1; m/s
30-10-2025;19:20:00;2,2; m/s
30-10-2025;19:30:00;2; m/s
30-10-2025;19:40:00;2,5; m/s
30-10-2025;19:50:00;2,9; m/s
30-10-2025;20:00:00;3,1; m/s
30-10-2025;20:10:00;3; m/s
30-10-2025;20:20:00;2,6; m/s
30-10-2025;20:30:00;2,5; m/s
30-10-2025;20:40:00;2,3; m/s
30-10-2025;20:50:00;2,2; m/s
30-10-2025;21:00:00;3,2; m/s
30-10-2025;21:10:00;2,7; m/s
30-10-2025;21:20:00;2,7; m/s
30-10-2025;21:30:00;2,6; m/s
30-10-2025;21:40:00;3,1; m/s
30-10-2025;21:50:00;3; m/s
30-10-2025;22:00:00;2,8; m/s
30-10-2025;22:10:00;2,5; m/s
30-10-2025;22:20:00;2,2; m/s
30-10-2025;22:30:00;2,5; m/s
30-10-2025;22:40:00;2,9; m/s
30-10-2025;22:50:00;2,9; m/s
30-10-2025;23:00:00;3,3; m/s
30-10-2025;23:10:00;4; m/s
30-10-2025;23:20:00;4; m/s
30-10-2025;23:30:00;4; m/s
30-10-2025;23:40:00;3,3; m/s
30-10-2025;23:50:00;2,9; m/s
31-10-2025;00:00:00;3,1; m/s
31-10-2025;00:10:00;3,6; m/s
31-10-2025;00:20:00;3,4; m/s
31-10-2025;00:30:00;2,9; m/s
31-10-2025;00:40:00;2,8; m/s
31-10-2025;00:50:00;2,4; m/s
31-10-2025;01:00:00;2,8; m/s
31-10-2025;01:10:00;3,1; m/s
31-10-2025;01:20:00;1,7; m/s
31-10-2025;01:30:00;1,3; m/s
31-10-2025;01:40:00;2,2; m/s
31-10-2025;01:50:00;1,6; m/s
31-10-2025;02:00:00;1,2; m/s
31-10-2025;02:10:00;1,9; m/s
31-10-2025;02:20:00;2,7; m/s
31-10-2025;02:30:00;3,6; m/s
31-10-2025;02:40:00;4,3; m/s
31-10-2025;02:50:00;4,3; m/s
31-10-2025;03:00:00;3,2; m/s
31-10-2025;03:10:00;1,7; m/s
31-10-2025;03:20:00;1,4; m/s
31-10-2025;03:30:00;1,8; m/s
31-10-2025;03:40:00;2,1; m/s
31-10-2025;03:50:00;2,5; m/s
31-10-2025;04:00:00;1,9; m/s
31-10-2025;04:10:00;1,2; m/s
31-10-2025;04:20:00;1; m/s
31-10-2025;04:30:00;1,7; m/s
31-10-2025;04:40:00;2,6; m/s
31-10-2025;04:50:00;3,2; m/s
31-10-2025;05:00:00;3,9; m/s
31-10-2025;05:10:00;4; m/s
31-10-2025;05:20:00;3,9; m/s
31-10-2025;05:30:00;3,5; m/s
31-10-2025;05:40:00;2,9; m/s
31-10-2025;05:50:00;3,1; m/s
31-10-2025;06:00:00;3,5; m/s
31-10-2025;06:10:00;2,4; m/s
31-10-2025;06:20:00;2,1; m/s
31-10-2025;06:30:00;2,1; m/s
31-10-2025;06:40:00;1,5; m/s
31-10-2025;06:50:00;1,9; m/s
31-10-2025;07:00:00;1,5; m/s
31-10-2025;07:10:00;1,6; m/s
31-10-2025;07:20:00;1,3; m/s
31-10-2025;07:30:00;1,3; m/s
31-10-2025;07:40:00;1,6; m/s
31-10-2025;07:50:00;1,9; m/s
31-10-2025;08:00:00;2; m/s
31-10-2025;08:10:00;3,4; m/s
31-10-2025;08:20:00;3,2; m/s
31-10-2025;08:30:00;3; m/s
31-10-2025;08:40:00;2,9; m/s
31-10-2025;08:50:00;3,3; m/s
31-10-2025;09:00:00;3,3; m/s
31-10-2025;09:10:00;3,2; m/s
31-10-2025;09:20:00;2,3; m/s
31-10-2025;09:30:00;2,3; m/s
31-10-2025;09:40:00;2; m/s
31-10-2025;09:50:00;1; m/s
31-10-2025;10:00:00;1,3; m/s
31-10-2025;10:10:00;1,7; m/s
31-10-2025;10:20:00;1,6; m/s
31-10-2025;10:30:00;1,2; m/s
31-10-2025;10:40:00;0,9; m/s
31-10-2025;10:50:00;1,2; m/s
31-10-2025;11:00:00;1,1; m/s
31-10-2025;11:10:00;0,9; m/s
31-10-2025;11:20:00;0,9; m/s
31-10-2025;11:30:00;0,9; m/s
31-10-2025;11:40:00;1,5; m/s
31-10-2025;11:50:00;1,1; m/s
31-10-2025;12:00:00;1; m/s
31-10-2025;12:10:00;1,7; m/s
31-10-2025;12:20:00;1,4; m/s
31-10-2025;12:30:00;1,5; m/s
31-10-2025;12:40:00;1,8; m/s
31-10-2025;12:50:00;1,6; m/s
31-10-2025;13:00:00;1,6; m/s
31-10-2025;13:10:00;1,7; m/s
31-10-2025;13:20:00;1,7; m/s
31-10-2025;13:30:00;2; m/s
31-10-2025;13:40:00;1,7; m/s
31-10-2025;13:50:00;2,3; m/s
31-10-2025;14:00:00;2,4; m/s
31-10-2025;14:10:00;2,1; m/s
31-10-2025;14:20:00;1,5; m/s
31-10-2025;14:30:00;1,6; m/s
31-10-2025;14:40:00;1,6; m/s
31-10-2025;14:50:00;1,3; m/s
31-10-2025;15:00:00;1,8; m/s
31-10-2025;15:10:00;2; m/s
31-10-2025;15:20:00;1,7; m/s
31-10-2025;15:30:00;1,9; m/s
31-10-2025;15:40:00;1,8; m/s
31-10-2025;15:50:00;2,3; m/s
31-10-2025;16:00:00;2,1; m/s
31-10-2025;16:10:00;2,5; m/s
31-10-2025;16:20:00;2,8; m/s
31-10-2025;16:30:00;3,3; m/s
31-10-2025;16:40:00;3,3; m/s
31-10-2025;16:50:00;3,6; m/s
31-10-2025;17:00:00;4,3; m/s
31-10-2025;17:10:00;3,8; m/s
31-10-2025;17:20:00;3; m/s
31-10-2025;17:30:00;2,8; m/s
31-10-2025;17:40:00;3,3; m/s
31-10-2025;17:50:00;2,7; m/s
31-10-2025;18:00:00;2,6; m/s
31-10-2025;18:10:00;3; m/s
31-10-2025;18:20:00;3,4; m/s
31-10-2025;18:30:00;3,4; m/s
31-10-2025;18:40:00;2,9; m/s
31-10-2025;18:50:00;3; m/s
31-10-2025;19:00:00;2,8; m/s
31-10-2025;19:10:00;2,5; m/s
31-10-2025;19:20:00;3,4; m/s
31-10-2025;19:30:00;3,7; m/s
31-10-2025;19:40:00;3,8; m/s
31-10-2025;19:50:00;3,8; m/s
31-10-2025;20:00:00;3,5; m/s
31-10-2025;20:10:00;3; m/s
31-10-2025;20:20:00;2,9; m/s
31-10-2025;20:30:00;2,7; m/s
31-10-2025;20:40:00;2,5; m/s
31-10-2025;20:50:00;2,7; m/s
31-10-2025;21:00:00;2,6; m/s
31-10-2025;21:10:00;2; m/s
31-10-2025;21:20:00;1,8; m/s
31-10-2025;21:30:00;2; m/s
31-10-2025;21:40:00;2,4; m/s
31-10-2025;21:50:00;2,1; m/s
31-10-2025;22:00:00;2; m/s
31-10-2025;22:10:00;1,8; m/s
31-10-2025;22:20:00;2; m/s
31-10-2025;22:30:00;2,4; m/s
31-10-2025;22:40:00;1,7; m/s
31-10-2025;22:50:00;2,1; m/s
31-10-2025;23:00:00;2,1; m/s
31-10-2025;23:10:00;2; m/s
31-10-2025;23:20:00;2,2; m/s
31-10-2025;23:30:00;2,8; m/s
31-10-2025;23:40:00;2,2; m/s
31-10-2025;23:50:00;2,5; m/s
01-11-2025;00:00:00;3,2; m/s
01-11-2025;00:10:00;3,2; m/s
01-11-2025;00:20:00;2,6; m/s
01-11-2025;00:30:00;2,2; m/s
01-11-2025;00:40:00;1,6; m/s
01-11-2025;00:50:00;0,8; m/s
01-11-2025;01:00:00;0,1; m/s
01-11-2025;01:10:00;0,4; m/s
01-11-2025;01:20:00;0,3; m/s
01-11-2025;01:30:00;1,6; m/s
01-11-2025;01:40:00;1,4; m/s
01-11-2025;01:50:00;1,5; m/s
01-11-2025;02:00:00;1,4; m/s
01-11-2025;02:10:00;1,5; m/s
01-11-2025;02:20:00;1,4; m/s
01-11-2025;02:30:00;1,4; m/s
01-11-2025;02:40:00;1,4; m/s
01-11-2025;02:50:00;2; m/s
01-11-2025;03:00:00;2,4; m/s
01-11-2025;03:10:00;2,4; m/s
01-11-2025;03:20:00;1,6; m/s
01-11-2025;03:30:00;0,9; m/s
01-11-2025;03:40:00;1,9; m/s
01-11-2025;03:50:00;3; m/s
01-11-2025;04:00:00;3,6; m/s
01-11-2025;04:10:00;3,9; m/s
01-11-2025;04:20:00;3,6; m/s
01-11-2025;04:30:00;2,3; m/s
01-11-2025;04:40:00;1,4; m/s
01-11-2025;04:50:00;1,4; m/s
01-11-2025;05:00:00;2,4; m/s
01-11-2025;05:10:00;1,6; m/s
01-11-2025;05:20:00;1,6; m/s
01-11-2025;05:30:00;0,3; m/s
01-11-2025;05:40:00;1,8; m/s
01-11-2025;05:50:00;1,7; m/s
01-11-2025;06:00:00;1,1; m/s
01-11-2025;06:10:00;0,4; m/s
01-11-2025;06:20:00;1,1; m/s
01-11-2025;06:30:00;0,5; m/s
01-11-2025;06:40:00;1,7; m/s
01-11-2025;06:50:00;2,3; m/s
01-11-2025;07:00:00;2,5; m/s
01-11-2025;07:10:00;1,6; m/s
01-11-2025;07:20:00;1,1; m/s
01-11-2025;07:30:00;1,9; m/s
01-11-2025;07:40:00;1,7; m/s
01-11-2025;07:50:00;1,1; m/s
01-11-2025;08:00:00;0,9; m/s
01-11-2025;08:10:00;0,7; m/s
01-11-2025;08:20:00;1; m/s
01-11-2025;08:30:00;1,7; m/s
01-11-2025;08:40:00;1,3; m/s
01-11-2025;08:50:00;0,4; m/s
01-11-2025;09:00:00;1,3; m/s
01-11-2025;09:10:00;1,5; m/s
01-11-2025;09:20:00;1,1; m/s
01-11-2025;09:30:00;1; m/s
01-11-2025;09:40:00;2,2; m/s
01-11-2025;09:50:00;2,2; m/s
01-11-2025;10:00:00;1,3; m/s
01-11-2025;10:10:00;1,5; m/s
01-11-2025;10:20:00;1; m/s
01-11-2025;10:30:00;0,9; m/s
01-11-2025;10:40:00;1,4; m/s
01-11-2025;10:50:00;1,2; m/s
01-11-2025;11:00:00;0,6; m/s
01-11-2025;11:10:00;1,6; m/s
01-11-2025;11:20:00;1,5; m/s
01-11-2025;11:30:00;1,9; m/s
01-11-2025;11:40:00;2,1; m/s
01-11-2025;11:50:00;1,5; m/s
01-11-2025;12:00:00;1,6; m/s
01-11-2025;12:10:00;1,9; m/s
01-11-2025;12:20:00;1,8; m/s
01-11-2025;12:30:00;1,9; m/s
01-11-2025;12:40:00;2,3; m/s
01-11-2025;12:50:00;3; m/s
01-11-2025;13:00:00;2,2; m/s
01-11-2025;13:10:00;3; m/s
01-11-2025;13:20:00;2,9; m/s
01-11-2025;13:30:00;3,2; m/s
01-11-2025;13:40:00;3; m/s
01-11-2025;13:50:00;2,5; m/s
01-11-2025;14:00:00;2,8; m/s
01-11-2025;14:10:00;2,8; m/s
01-11-2025;14:20:00;3; m/s
01-11-2025;14:30:00;4; m/s
01-11-2025;14:40:00;4; m/s
01-11-2025;14:50:00;3,4; m/s
01-11-2025;15:00:00;3,7; m/s
01-11-2025;15:10:00;3,7; m/s
01-11-2025;15:20:00;4,1; m/s
01-11-2025;15:30:00;3,9; m/s
01-11-2025;15:40:00;4,2; m/s
01-11-2025;15:50:00;4,1; m/s
01-11-2025;16:00:00;3,8; m/s
01-11-2025;16:10:00;4; m/s
01-11-2025;16:20:00;4,4; m/s
01-11-2025;16:30:00;4,6; m/s
01-11-2025;16:40:00;3,5; m/s
01-11-2025;16:50:00;3,5; m/s
01-11-2025;17:00:00;3,6; m/s
01-11-2025;17:10:00;3,9; m/s
01-11-2025;17:20:00;4; m/s
01-11-2025;17:30:00;2,5; m/s
01-11-2025;17:40:00;3; m/s
01-11-2025;17:50:00;2,7; m/s
01-11-2025;18:00:00;2,7; m/s
01-11-2025;18:10:00;2,3; m/s
01-11-2025;18:20:00;1,8; m/s
01-11-2025;18:30:00;1,6; m/s
01-11-2025;18:40:00;1,6; m/s
01-11-2025;18:50:00;1,7; m/s
01-11-2025;19:00:00;0,9; m/s
01-11-2025;19:10:00;0,1; m/s
01-11-2025;19:20:00;0,7; m/s
01-11-2025;19:30:00;1,4; m/s
01-11-2025;19:40:00;1,7; m/s
01-11-2025;19:50:00;1,8; m/s
01-11-2025;20:00:00;2,2; m/s
01-11-2025;20:10:00;1,8; m/s
01-11-2025;20:20:00;1,6; m/s
01-11-2025;20:30:00;1,3; m/s
01-11-2025;20:40:00;1,2; m/s
01-11-2025;20:50:00;1; m/s
01-11-2025;21:00:00;2; m/s
01-11-2025;21:10:00;2,4; m/s
01-11-2025;21:20:00;2,8; m/s
01-11-2025;21:30:00;3,2; m/s
01-11-2025;21:40:00;3; m/s
01-11-2025;21:50:00;2,9; m/s
01-11-2025;22:00:00;3; m/s
01-11-2025;22:10:00;2,7; m/s
01-11-2025;22:20:00;2,1; m/s
01-11-2025;22:30:00;1,7; m/s
01-11-2025;22:40:00;1,3; m/s
01-11-2025;22:50:00;1,7; m/s
01-11-2025;23:00:00;2,7; m/s
01-11-2025;23:10:00;2,2; m/s
01-11-2025;23:20:00;2,1; m/s
01-11-2025;23:30:00;2; m/s
01-11-2025;23:40:00;2,5; m/s
01-11-2025;23:50:00;3,2; m/s
02-11-2025;00:00:00;3; m/s
02-11-2025;00:10:00;2,5; m/s
02-11-2025;00:20:00;2,2; m/s
02-11-2025;00:30:00;3; m/s
02-11-2025;00:40:00;2,9; m/s
02-11-2025;00:50:00;3; m/s
02-11-2025;01:00:00;3,2; m/s
02-11-2025;01:10:00;2,8; m/s
02-11-2025;01:20:00;2,9; m/s
02-11-2025;01:30:00;3,1; m/s
02-11-2025;01:40:00;2,9; m/s
02-11-2025;01:50:00;2,5; m/s
02-11-2025;02:00:00;1,7; m/s
02-11-2025;02:10:00;2,2; m/s
02-11-2025;02:20:00;2,3; m/s
02-11-2025;02:30:00;2,1; m/s
02-11-2025;02:40:00;2,4; m/s
02-11-2025;02:50:00;1,9; m/s
02-11-2025;03:00:00;2,1; m/s
02-11-2025;03:10:00;1,8; m/s
02-11-2025;03:20:00;1,3; m/s
02-11-2025;03:30:00;0,7; m/s
02-11-2025;03:40:00;0,5; m/s
02-11-2025;03:50:00;1,3; m/s
02-11-2025;04:00:00;1,3; m/s
02-11-2025;04:10:00;1,8; m/s
02-11-2025;04:20:00;2,2; m/s
02-11-2025;04:30:00;2,3; m/s
02-11-2025;04:40:00;2,2; m/s
02-11-2025;04:50:00;1,9; m/s
02-11-2025;05:00:00;0,9; m/s
02-11-2025;05:10:00;0,8; m/s
02-11-2025;05:20:00;1; m/s
02-11-2025;05:30:00;1,3; m/s
02-11-2025;05:40:00;1,5; m/s
02-11-2025;05:50:00;1,5; m/s
02-11-2025;06:00:00;1,4; m/s
02-11-2025;06:10:00;1,6; m/s
02-11-2025;06:20:00;1,6; m/s
02-11-2025;06:30:00;1,7; m/s
02-11-2025;06:40:00;1,3; m/s
02-11-2025;06:50:00;1,1; m/s
02-11-2025;07:00:00;1,1; m/s
02-11-2025;07:10:00;1,6; m/s
02-11-2025;07:20:00;1,5; m/s
02-11-2025;07:30:00;1,6; m/s
02-11-2025;07:40:00;2,2; m/s
02-11-2025;07:50:00;2,2; m/s
02-11-2025;08:00:00;2,3; m/s
02-11-2025;08:10:00;1,9; m/s
02-11-2025;08:20:00;1,8; m/s
02-11-2025;08:30:00;2,1; m/s
02-11-2025;08:40:00;1,9; m/s
02-11-2025;08:50:00;2,1; m/s
02-11-2025;09:00:00;2,5; m/s
02-11-2025;09:10:00;2,8; m/s
02-11-2025;09:20:00;2,4; m/s
02-11-2025;09:30:00;2,3; m/s
02-11-2025;09:40:00;2,3; m/s
02-11-2025;09:50:00;2,2; m/s
02-11-2025;10:00:00;1,8; m/s
02-11-2025;10:10:00;1,8; m/s
02-11-2025;10:20:00;2; m/s
02-11-2025;10:30:00;2,2; m/s
02-11-2025;10:40:00;2,3; m/s
02-11-2025;10:50:00;2,5; m/s
02-11-2025;11:00:00;2,2; m/s
02-11-2025;11:10:00;2,1; m/s
02-11-2025;11:20:00;1,9; m/s
02-11-2025;11:30:00;1,6; m/s
02-11-2025;11:40:00;1,6; m/s
02-11-2025;11:50:00;1,6; m/s
02-11-2025;12:00:00;1,7; m/s
02-11-2025;12:10:00;1,5; m/s
02-11-2025;12:20:00;1,6; m/s
02-11-2025;12:30:00;1,6; m/s
02-11-2025;12:40:00;1,7; m/s
02-11-2025;12:50:00;1,7; m/s
02-11-2025;13:00:00;2,2; m/s
02-11-2025;13:10:00;2; m/s
02-11-2025;13:20:00;2,3; m/s
02-11-2025;13:30:00;1,9; m/s
02-11-2025;13:40:00;1,9; m/s
02-11-2025;13:50:00;2; m/s
02-11-2025;14:00:00;2; m/s
02-11-2025;14:10:00;1,9; m/s
02-11-2025;14:20:00;1,7; m/s
02-11-2025;14:30:00;1,5; m/s
02-11-2025;14:40:00;1,7; m/s
02-11-2025;14:50:00;1,7; m/s
02-11-2025;15:00:00;1,6; m/s
02-11-2025;15:10:00;1,8; m/s
02-11-2025;15:20:00;1,8; m/s
02-11-2025;15:30:00;1,4; m/s
02-11-2025;15:40:00;1,4; m/s
02-11-2025;15:50:00;1,4; m/s
02-11-2025;16:00:00;1,6; m/s
02-11-2025;16:10:00;1,2; m/s
02-11-2025;16:20:00;1,1; m/s
02-11-2025;16:30:00;1,3; m/s
02-11-2025;16:40:00;1,2; m/s
02-11-2025;16:50:00;1,3; m/s
02-11-2025;17:00:00;1,2; m/s
02-11-2025;17:10:00;1,3; m/s
02-11-2025;17:20:00;1,2; m/s
02-11-2025;17:30:00;1,3; m/s
02-11-2025;17:40:00;1,6; m/s
02-11-2025;17:50:00;1,4; m/s
02-11-2025;18:00:00;1,5; m/s
02-11-2025;18:10:00;1,4; m/s
02-11-2025;18:20:00;1,5; m/s
02-11-2025;18:30:00;1,1; m/s
02-11-2025;18:40:00;1,5; m/s
02-11-2025;18:50:00;1,7; m/s
02-11-2025;19:00:00;1,6; m/s
02-11-2025;19:10:00;1,5; m/s
02-11-2025;19:20:00;1,4; m/s
02-11-2025;19:30:00;1,3; m/s
02-11-2025;19:40:00;1,5; m/s
02-11-2025;19:50:00;1,8; m/s
02-11-2025;20:00:00;1,6; m/s
02-11-2025;20:10:00;1,6; m/s
02-11-2025;20:20:00;1,8; m/s
02-11-2025;20:30:00;1,9; m/s
02-11-2025;20:40:00;1,9; m/s
02-11-2025;20:50:00;1,9; m/s
02-11-2025;21:00:00;1,6; m/s
02-11-2025;21:10:00;1,8; m/s
02-11-2025;21:20:00;2,1; m/s
02-11-2025;21:30:00;2,1; m/s
02-11-2025;21:40:00;2,6; m/s
02-11-2025;21:50:00;2,5; m/s
02-11-2025;22:00:00;2,4; m/s
02-11-2025;22:10:00;2,3; m/s
02-11-2025;22:20:00;2,4; m/s
02-11-2025;22:30:00;2,1; m/s
02-11-2025;22:40:00;2,2; m/s
02-11-2025;22:50:00;1,8; m/s
02-11-2025;23:00:00;2,4; m/s
02-11-2025;23:10:00;2,4; m/s
02-11-2025;23:20:00;2,4; m/s
02-11-2025;23:30:00;2,2; m/s
02-11-2025;23:40:00;2,1; m/s
02-11-2025;23:50:00;2,6; m/s
03-11-2025;00:00:00;2,2; m/s
03-11-2025;00:10:00;2,1; m/s
03-11-2025;00:20:00;1,9; m/s
03-11-2025;00:30:00;2,1; m/s
03-11-2025;00:40:00;2,1; m/s
03-11-2025;00:50:00;2; m/s
03-11-2025;01:00:00;2,2; m/s
03-11-2025;01:10:00;2,6; m/s
03-11-2025;01:20:00;2,4; m/s
03-11-2025;01:30:00;2,4; m/s
03-11-2025;01:40:00;2,3; m/s
03-11-2025;01:50:00;2,5; m/s
03-11-2025;02:00:00;2,7; m/s
03-11-2025;02:10:00;2,5; m/s
03-11-2025;02:20:00;2,5; m/s
03-11-2025;02:30:00;3; m/s
03-11-2025;02:40:00;2,9; m/s
03-11-2025;02:50:00;2,9; m/s
03-11-2025;03:00:00;2,7; m/s
03-11-2025;03:10:00;2,4; m/s
03-11-2025;03:20:00;2,6; m/s
03-11-2025;03:30:00;2,6; m/s
03-11-2025;03:40:00;2,4; m/s
03-11-2025;03:50:00;2,3; m/s
03-11-2025;04:00:00;1,8; m/s
03-11-2025;04:10:00;1,4; m/s
03-11-2025;04:20:00;1,9; m/s
03-11-2025;04:30:00;2,2; m/s
03-11-2025;04:40:00;2; m/s
03-11-2025;04:50:00;2,1; m/s
03-11-2025;05:00:00;1,7; m/s
03-11-2025;05:10:00;1,9; m/s
03-11-2025;05:20:00;1,9; m/s
03-11-2025;05:30:00;2,1; m/s
03-11-2025;05:40:00;2,1; m/s
03-11-2025;05:50:00;2,3; m/s
03-11-2025;06:00:00;2,6; m/s
03-11-2025;06:10:00;2,4; m/s
03-11-2025;06:20:00;2,2; m/s
03-11-2025;06:30:00;1,7; m/s
03-11-2025;06:40:00;1,8; m/s
03-11-2025;06:50:00;2,2; m/s
03-11-2025;07:00:00;1,9; m/s
03-11-2025;07:10:00;1,8; m/s
03-11-2025;07:20:00;1,8; m/s
03-11-2025;07:30:00;1,9; m/s
03-11-2025;07:40:00;2,2; m/s
03-11-2025;07:50:00;2,3; m/s
03-11-2025;08:00:00;2,3; m/s
03-11-2025;08:10:00;1,8; m/s
03-11-2025;08:20:00;2; m/s
03-11-2025;08:30:00;1,9; m/s
03-11-2025;08:40:00;2,1; m/s
03-11-2025;08:50:00;1,9; m/s
03-11-2025;09:00:00;2,1; m/s
03-11-2025;09:10:00;2,1; m/s
03-11-2025;09:20:00;2; m/s
03-11-2025;09:30:00;2,1; m/s
03-11-2025;09:40:00;2,7; m/s
03-11-2025;09:50:00;2,2; m/s
03-11-2025;10:00:00;2,4; m/s
03-11-2025;10:10:00;2,2; m/s
03-11-2025;10:20:00;8,4; m/s
03-11-2025;10:30:00;10,2; m/s
03-11-2025;10:40:00;4,5; m/s
03-11-2025;10:50:00;4,2; m/s
03-11-2025;11:00:00;4,1; m/s
03-11-2025;11:10:00;3,6; m/s
03-11-2025;11:20:00;3,2; m/s
03-11-2025;11:30:00;3,1; m/s
03-11-2025;11:40:00;3; m/s
03-11-2025;11:50:00;2,2; m/s
03-11-2025;12:00:00;1,6; m/s
03-11-2025;12:10:00;1,2; m/s
03-11-2025;12:20:00;1,4; m/s
03-11-2025;12:30:00;1,5; m/s
03-11-2025;12:40:00;1,3; m/s
03-11-2025;12:50:00;2,8; m/s
03-11-2025;13:00:00;3,8; m/s
03-11-2025;13:10:00;4,4; m/s
03-11-2025;13:20:00;3,5; m/s
03-11-2025;13:30:00;3; m/s
03-11-2025;13:40:00;3,1; m/s
03-11-2025;13:50:00;3; m/s
03-11-2025;14:00:00;2,3; m/s
03-11-2025;14:10:00;2,4; m/s
03-11-2025;14:20:00;2; m/s
03-11-2025;14:30:00;2,1; m/s
03-11-2025;14:40:00;2,3; m/s
03-11-2025;14:50:00;1,8; m/s
03-11-2025;15:00:00;1,8; m/s
03-11-2025;15:10:00;1,8; m/s
03-11-2025;15:20:00;1,9; m/s
03-11-2025;15:30:00;1,5; m/s
03-11-2025;15:40:00;1,7; m/s
03-11-2025;15:50:00;1,6; m/s
03-11-2025;16:00:00;2,1; m/s
03-11-2025;16:10:00;2,1; m/s
03-11-2025;16:20:00;2,2; m/s
03-11-2025;16:30:00;1,7; m/s
03-11-2025;16:40:00;1,6; m/s
03-11-2025;16:50:00;1,8; m/s
03-11-2025;17:00:00;2,4; m/s
03-11-2025;17:10:00;2,6; m/s
03-11-2025;17:20:00;2,2; m/s
03-11-2025;17:30:00;2,5; m/s
03-11-2025;17:40:00;1,6; m/s
03-11-2025;17:50:00;1,4; m/s
03-11-2025;18:00:00;1,4; m/s
03-11-2025;18:10:00;1,4; m/s
03-11-2025;18:20:00;1,3; m/s
03-11-2025;18:30:00;1,2; m/s
03-11-2025;18:40:00;2,2; m/s
03-11-2025;18:50:00;2,3; m/s
03-11-2025;19:00:00;3,2; m/s
03-11-2025;19:10:00;4,1; m/s
03-11-2025;19:20:00;3,7; m/s
03-11-2025;19:30:00;3,7; m/s
03-11-2025;19:40:00;3,9; m/s
03-11-2025;19:50:00;3,4; m/s
03-11-2025;20:00:00;3,5; m/s
03-11-2025;20:10:00;3; m/s
03-11-2025;20:20:00;3,9; m/s
03-11-2025;20:30:00;4,8; m/s
03-11-2025;20:40:00;5,3; m/s
03-11-2025;20:50:00;5,3; m/s
03-11-2025;21:00:00;6,4; m/s
03-11-2025;21:10:00;5,4; m/s
03-11-2025;21:20:00;4,4; m/s
03-11-2025;21:30:00;4,6; m/s
03-11-2025;21:40:00;5,2; m/s
03-11-2025;21:50:00;5,2; m/s
03-11-2025;22:00:00;5,5; m/s
03-11-2025;22:10:00;6,8; m/s
03-11-2025;22:20:00;6,5; m/s
03-11-2025;22:30:00;5,6; m/s
03-11-2025;22:40:00;5,7; m/s
03-11-2025;22:50:00;5,2; m/s
03-11-2025;23:00:00;5,7; m/s
03-11-2025;23:10:00;6,2; m/s
03-11-2025;23:20:00;4,8; m/s
03-11-2025;23:30:00;3,8; m/s
03-11-2025;23:40:00;3,9; m/s
03-11-2025;23:50:00;3,6; m/s
04-11-2025;00:00:00;3,7; m/s
04-11-2025;00:10:00;4,3; m/s
04-11-2025;00:20:00;4,2; m/s
04-11-2025;00:30:00;4,7; m/s
04-11-2025;00:40:00;5,3; m/s
04-11-2025;00:50:00;6,1; m/s
04-11-2025;01:00:00;7,3; m/s
04-11-2025;01:10:00;6,8; m/s
04-11-2025;01:20:00;5,9; m/s
04-11-2025;01:30:00;5,4; m/s
04-11-2025;01:40:00;5,3; m/s
04-11-2025;01:50:00;4,6; m/s
04-11-2025;02:00:00;4,7; m/s
04-11-2025;02:10:00;4,4; m/s
04-11-2025;02:20:00;4,1; m/s
04-11-2025;02:30:00;3,8; m/s
04-11-2025;02:40:00;4,8; m/s
04-11-2025;02:50:00;4,2; m/s
04-11-2025;03:00:00;4,2; m/s
04-11-2025;03:10:00;3,9; m/s
04-11-2025;03:20:00;3,7; m/s
04-11-2025;03:30:00;3,7; m/s
04-11-2025;03:40:00;5,2; m/s
04-11-2025;03:50:00;5,4; m/s
04-11-2025;04:00:00;5,4; m/s
04-11-2025;04:10:00;3,6; m/s
04-11-2025;04:20:00;3,8; m/s
04-11-2025;04:30:00;4,8; m/s
04-11-2025;04:40:00;5,2; m/s
04-11-2025;04:50:00;5,4; m/s
04-11-2025;05:00:00;3,7; m/s
04-11-2025;05:10:00;3,3; m/s
04-11-2025;05:20:00;2,6; m/s
04-11-2025;05:30:00;4,5; m/s
04-11-2025;05:40:00;6,9; m/s
04-11-2025;05:50:00;6,8; m/s
04-11-2025;06:00:00;5,1; m/s
04-11-2025;06:10:00;4,2; m/s
04-11-2025;06:20:00;5; m/s
04-11-2025;06:30:00;4,4; m/s
04-11-2025;06:40:00;4; m/s
04-11-2025;06:50:00;3,8; m/s
04-11-2025;07:00:00;3,7; m/s
04-11-2025;07:10:00;3,8; m/s
04-11-2025;07:20:00;4,4; m/s
04-11-2025;07:30:00;5,8; m/s
04-11-2025;07:40:00;6,2; m/s
04-11-2025;07:50:00;5,3; m/s
04-11-2025;08:00:00;5,6; m/s
04-11-2025;08:10:00;4; m/s
04-11-2025;08:20:00;2,8; m/s
04-11-2025;08:30:00;3,2; m/s
04-11-2025;08:40:00;4,1; m/s
04-11-2025;08:50:00;4,3; m/s
04-11-2025;09:00:00;4,4; m/s
04-11-2025;09:10:00;3,7; m/s
04-11-2025;09:20:00;2,5; m/s
04-11-2025;09:30:00;4; m/s
04-11-2025;09:40:00;3,6; m/s
04-11-2025;09:50:00;3,1; m/s
04-11-2025;10:00:00;3,4; m/s
04-11-2025;10:10:00;3,3; m/s
04-11-2025;10:20:00;3,8; m/s
04-11-2025;10:30:00;4,7; m/s
04-11-2025;10:40:00;3,6; m/s
04-11-2025;10:50:00;3,6; m/s
04-11-2025;11:00:00;4,7; m/s
04-11-2025;11:10:00;4,2; m/s
04-11-2025;11:20:00;4,6; m/s
04-11-2025;11:30:00;3,9; m/s
04-11-2025;11:40:00;3,3; m/s
04-11-2025;11:50:00;3,8; m/s
04-11-2025;12:00:00;3,8; m/s
04-11-2025;12:10:00;2,9; m/s
04-11-2025;12:20:00;4; m/s
04-11-2025;12:30:00;2,8; m/s
04-11-2025;12:40:00;3,5; m/s
04-11-2025;12:50:00;3; m/s
04-11-2025;13:00:00;2,9; m/s
04-11-2025;13:10:00;3,2; m/s
04-11-2025;13:20:00;3; m/s
04-11-2025;13:30:00;3,1; m/s
04-11-2025;13:40:00;3,2; m/s
04-11-2025;13:50:00;3,7; m/s
04-11-2025;14:00:00;4,8; m/s
04-11-2025;14:10:00;4,8; m/s
04-11-2025;14:20:00;3,8; m/s
04-11-2025;14:30:00;4,4; m/s
04-11-2025;14:40:00;4,7; m/s
04-11-2025;14:50:00;5,7; m/s
04-11-2025;15:00:00;5,1; m/s
04-11-2025;15:10:00;4,9; m/s
04-11-2025;15:20:00;6,4; m/s
04-11-2025;15:30:00;5,3; m/s
04-11-2025;15:40:00;4,9; m/s
04-11-2025;15:50:00;4,6; m/s
04-11-2025;16:00:00;4,7; m/s
04-11-2025;16:10:00;4,6; m/s
04-11-2025;16:20:00;4,3; m/s
04-11-2025;16:30:00;3,3; m/s
04-11-2025;16:40:00;3,8; m/s
04-11-2025;16:50:00;4,1; m/s
04-11-2025;17:00:00;3,3; m/s
04-11-2025;17:10:00;3,9; m/s
04-11-2025;17:20:00;3,2; m/s
04-11-2025;17:30:00;2,4; m/s
04-11-2025;17:40:00;2,4; m/s
04-11-2025;17:50:00;3; m/s
04-11-2025;18:00:00;3,2; m/s
04-11-2025;18:10:00;4,6; m/s
04-11-2025;18:20:00;4,7; m/s
04-11-2025;18:30:00;4,9; m/s
04-11-2025;18:40:00;4,9; m/s
04-11-2025;18:50:00;4,5; m/s
04-11-2025;19:00:00;4,8; m/s
04-11-2025;19:10:00;4,5; m/s
04-11-2025;19:20:00;4,7; m/s
04-11-2025;19:30:00;4,3; m/s
04-11-2025;19:40:00;2,8; m/s
04-11-2025;19:50:00;2,9; m/s
04-11-2025;20:00:00;2,6; m/s
04-11-2025;20:10:00;3,4; m/s
04-11-2025;20:20:00;4; m/s
04-11-2025;20:30:00;4,6; m/s
04-11-2025;20:40:00;3,5; m/s
04-11-2025;20:50:00;3,9; m/s
04-11-2025;21:00:00;3,5; m/s
04-11-2025;21:10:00;3,9; m/s
04-11-2025;21:20:00;4,6; m/s
04-11-2025;21:30:00;5; m/s
04-11-2025;21:40:00;5,3; m/s
04-11-2025;21:50:00;6,3; m/s
04-11-2025;22:00:00;6,4; m/s
04-11-2025;22:10:00;5,8; m/s
04-11-2025;22:20:00;6,7; m/s
04-11-2025;22:30:00;5,2; m/s
04-11-2025;22:40:00;5,2; m/s
04-11-2025;22:50:00;5,4; m/s
04-11-2025;23:00:00;6,1; m/s
04-11-2025;23:10:00;5,3; m/s
04-11-2025;23:20:00;4,7; m/s
04-11-2025;23:30:00;4; m/s
04-11-2025;23:40:00;5,5; m/s
04-11-2025;23:50:00;6,1; m/s
05-11-2025;00:00:00;5; m/s
05-11-2025;00:10:00;3,9; m/s
05-11-2025;00:20:00;2,5; m/s
05-11-2025;00:30:00;2,6; m/s
05-11-2025;00:40:00;2,4; m/s
05-11-2025;00:50:00;4,1; m/s
05-11-2025;01:00:00;4; m/s
05-11-2025;01:10:00;3,1; m/s
05-11-2025;01:20:00;3; m/s
05-11-2025;01:30:00;2,8; m/s
05-11-2025;01:40:00;2; m/s
05-11-2025;01:50:00;2; m/s
05-11-2025;02:00:00;1,8; m/s
05-11-2025;02:10:00;1,3; m/s
05-11-2025;02:20:00;1,2; m/s
05-11-2025;02:30:00;1,4; m/s
05-11-2025;02:40:00;1,8; m/s
05-11-2025;02:50:00;1,2; m/s
05-11-2025;03:00:00;1,1; m/s
05-11-2025;03:10:00;1,3; m/s
05-11-2025;03:20:00;1,8; m/s
05-11-2025;03:30:00;2,1; m/s
05-11-2025;03:40:00;1,6; m/s
05-11-2025;03:50:00;1,7; m/s
05-11-2025;04:00:00;2,4; m/s
05-11-2025;04:10:00;2,7; m/s
05-11-2025;04:20:00;2,4; m/s
05-11-2025;04:30:00;1,8; m/s
05-11-2025;04:40:00;2,6; m/s
05-11-2025;04:50:00;1,6; m/s
05-11-2025;05:00:00;2,7; m/s
05-11-2025;05:10:00;2,2; m/s
05-11-2025;05:20:00;1,7; m/s
05-11-2025;05:30:00;1,9; m/s
05-11-2025;05:40:00;2,2; m/s
05-11-2025;05:50:00;1,9; m/s
05-11-2025;06:00:00;1,9; m/s
05-11-2025;06:10:00;0,9; m/s
05-11-2025;06:20:00;0,4; m/s
05-11-2025;06:30:00;1,1; m/s
05-11-2025;06:40:00;2,8; m/s
05-11-2025;06:50:00;3,8; m/s
05-11-2025;07:00:00;3,2; m/s
05-11-2025;07:10:00;2,3; m/s
05-11-2025;07:20:00;1; m/s
05-11-2025;07:30:00;0,7; m/s
05-11-2025;07:40:00;0,6; m/s
05-11-2025;07:50:00;1,6; m/s
05-11-2025;08:00:00;1,9; m/s
05-11-2025;08:10:00;2; m/s
05-11-2025;08:20:00;1,4; m/s
05-11-2025;08:30:00;1,9; m/s
05-11-2025;08:40:00;1,3; m/s
05-11-2025;08:50:00;1,6; m/s
05-11-2025;09:00:00;0,9; m/s
05-11-2025;09:10:00;1,6; m/s
05-11-2025;09:20:00;1,1; m/s
05-11-2025;09:30:00;1,5; m/s
05-11-2025;09:40:00;2,6; m/s
05-11-2025;09:50:00;2,4; m/s
05-11-2025;10:00:00;2; m/s
05-11-2025;10:10:00;2; m/s
05-11-2025;10:20:00;1,2; m/s
05-11-2025;10:30:00;1,3; m/s
05-11-2025;10:40:00;1,4; m/s
05-11-2025;10:50:00;1,4; m/s
05-11-2025;11:00:00;0,9; m/s
05-11-2025;11:10:00;1; m/s
05-11-2025;11:20:00;1,3; m/s
05-11-2025;11:30:00;2; m/s
05-11-2025;11:40:00;1,8; m/s
05-11-2025;11:50:00;2,3; m/s
05-11-2025;12:00:00;2,1; m/s
05-11-2025;12:10:00;2,3; m/s
05-11-2025;12:20:00;2,2; m/s
05-11-2025;12:30:00;1,8; m/s
05-11-2025;12:40:00;1,4; m/s
05-11-2025;12:50:00;1,6; m/s
05-11-2025;13:00:00;1,6; m/s
05-11-2025;13:10:00;1,3; m/s
05-11-2025;13:20:00;1,8; m/s
05-11-2025;13:30:00;1,9; m/s
05-11-2025;13:40:00;1,3; m/s
05-11-2025;13:50:00;1,8; m/s
05-11-2025;14:00:00;1,9; m/s
05-11-2025;14:10:00;1,5; m/s
05-11-2025;14:20:00;2,4; m/s
05-11-2025;14:30:00;1,9; m/s
05-11-2025;14:40:00;3,1; m/s
05-11-2025;14:50:00;2,8; m/s
05-11-2025;15:00:00;4,3; m/s
05-11-2025;15:10:00;4; m/s
05-11-2025;15:20:00;4,8; m/s
05-11-2025;15:30:00;6; m/s
05-11-2025;15:40:00;7,1; m/s
05-11-2025;15:50:00;7; m/s
05-11-2025;16:00:00;6,6; m/s
05-11-2025;16:10:00;7,4; m/s
05-11-2025;16:20:00;7,4; m/s
05-11-2025;16:30:00;6,5; m/s
05-11-2025;16:40:00;4,9; m/s
05-11-2025;16:50:00;4,3; m/s
05-11-2025;17:00:00;4,9; m/s
05-11-2025;17:10:00;3,8; m/s
05-11-2025;17:20:00;4,2; m/s
05-11-2025;17:30:00;3,9; m/s
05-11-2025;17:40:00;3,4; m/s
05-11-2025;17:50:00;3,5; m/s
05-11-2025;18:00:00;4,1; m/s
05-11-2025;18:10:00;3,7; m/s
05-11-2025;18:20:00;3,8; m/s
05-11-2025;18:30:00;4,2; m/s
05-11-2025;18:40:00;4,2; m/s
05-11-2025;18:50:00;3,7; m/s
05-11-2025;19:00:00;3,9; m/s
05-11-2025;19:10:00;4,2; m/s
05-11-2025;19:20:00;4,3; m/s
05-11-2025;19:30:00;4,4; m/s
05-11-2025;19:40:00;4,4; m/s
05-11-2025;19:50:00;4; m/s
05-11-2025;20:00:00;4,1; m/s
05-11-2025;20:10:00;3,6; m/s
05-11-2025;20:20:00;3,6; m/s
05-11-2025;20:30:00;3,7; m/s
05-11-2025;20:40:00;3,5; m/s
05-11-2025;20:50:00;4; m/s
05-11-2025;21:00:00;3,6; m/s
05-11-2025;21:10:00;3,3; m/s
05-11-2025;21:20:00;3,8; m/s
05-11-2025;21:30:00;3,1; m/s
05-11-2025;21:40:00;2,6; m/s
05-11-2025;21:50:00;1,4; m/s
05-11-2025;22:00:00;1; m/s
05-11-2025;22:10:00;0,4; m/s
05-11-2025;22:20:00;1,2; m/s
05-11-2025;22:30:00;1,6; m/s
05-11-2025;22:40:00;2,1; m/s
05-11-2025;22:50:00;2,9; m/s
05-11-2025;23:00:00;2,7; m/s
05-11-2025;23:10:00;2,2; m/s
05-11-2025;23:20:00;2,6; m/s
05-11-2025;23:30:00;1,6; m/s
05-11-2025;23:40:00;1,7; m/s
05-11-2025;23:50:00;2,4; m/s
06-11-2025;00:00:00;2,4; m/s
06-11-2025;00:10:00;2; m/s
06-11-2025;00:20:00;1,8; m/s
06-11-2025;00:30:00;1,8; m/s
06-11-2025;00:40:00;2; m/s
06-11-2025;00:50:00;2,1; m/s
06-11-2025;01:00:00;2,8; m/s
06-11-2025;01:10:00;2,4; m/s
06-11-2025;01:20:00;2,3; m/s
06-11-2025;01:30:00;2; m/s
06-11-2025;01:40:00;1,5; m/s
06-11-2025;01:50:00;1; m/s
06-11-2025;02:00:00;1,6; m/s
06-11-2025;02:10:00;1,9; m/s
06-11-2025;02:20:00;1,7; m/s
06-11-2025;02:30:00;2,1; m/s
06-11-2025;02:40:00;2,2; m/s
06-11-2025;02:50:00;2,8; m/s
06-11-2025;03:00:00;2,6; m/s
06-11-2025;03:10:00;2,4; m/s
06-11-2025;03:20:00;2,7; m/s
06-11-2025;03:30:00;3; m/s
06-11-2025;03:40:00;2,9; m/s
06-11-2025;03:50:00;3,1; m/s
06-11-2025;04:00:00;3,1; m/s
06-11-2025;04:10:00;3,3; m/s
06-11-2025;04:20:00;3,5; m/s
06-11-2025;04:30:00;3,3; m/s
06-11-2025;04:40:00;3,1; m/s
06-11-2025;04:50:00;3,2; m/s
06-11-2025;05:00:00;3,4; m/s
06-11-2025;05:10:00;3,3; m/s
06-11-2025;05:20:00;3,2; m/s
06-11-2025;05:30:00;3,1; m/s
06-11-2025;05:40:00;3,3; m/s
06-11-2025;05:50:00;3,5; m/s
06-11-2025;06:00:00;3,5; m/s
06-11-2025;06:10:00;3,2; m/s
06-11-2025;06:20:00;3,4; m/s
06-11-2025;06:30:00;3,3; m/s
06-11-2025;06:40:00;3,3; m/s
06-11-2025;06:50:00;3; m/s
06-11-2025;07:00:00;2,4; m/s
06-11-2025;07:10:00;1,9; m/s
06-11-2025;07:20:00;1,9; m/s
06-11-2025;07:30:00;1,7; m/s
06-11-2025;07:40:00;1,8; m/s
06-11-2025;07:50:00;1,8; m/s
06-11-2025;08:00:00;1,8; m/s
06-11-2025;08:10:00;2,4; m/s
06-11-2025;08:20:00;2,3; m/s
06-11-2025;08:30:00;2,2; m/s
06-11-2025;08:40:00;1,8; m/s
06-11-2025;08:50:00;2; m/s
06-11-2025;09:00:00;2; m/s
06-11-2025;09:10:00;2,4; m/s
06-11-2025;09:20:00;2,8; m/s
06-11-2025;09:30:00;2,7; m/s
06-11-2025;09:40:00;2,4; m/s
06-11-2025;09:50:00;2,1; m/s
06-11-2025;10:00:00;2,1; m/s
06-11-2025;10:10:00;2,2; m/s
06-11-2025;10:20:00;2,3; m/s
06-11-2025;10:30:00;2,5; m/s
06-11-2025;10:40:00;2,2; m/s
06-11-2025;10:50:00;2; m/s
06-11-2025;11:00:00;2,2; m/s
06-11-2025;11:10:00;1,9; m/s
06-11-2025;11:20:00;2,2; m/s
06-11-2025;11:30:00;2; m/s
06-11-2025;11:40:00;1,9; m/s
06-11-2025;11:50:00;1,7; m/s
06-11-2025;12:00:00;1,8; m/s
06-11-2025;12:10:00;1,7; m/s
06-11-2025;12:20:00;1,8; m/s
06-11-2025;12:30:00;1,7; m/s
06-11-2025;12:40:00;1,9; m/s
06-11-2025;12:50:00;2; m/s
06-11-2025;13:00:00;1,7; m/s
06-11-2025;13:10:00;1,8; m/s
06-11-2025;13:20:00;1,8; m/s
06-11-2025;13:30:00;1,8; m/s
06-11-2025;13:40:00;2; m/s
06-11-2025;13:50:00;2; m/s
06-11-2025;14:00:00;1,7; m/s
06-11-2025;14:10:00;2,1; m/s
06-11-2025;14:20:00;2; m/s
06-11-2025;14:30:00;2; m/s
06-11-2025;14:40:00;1,9; m/s
06-11-2025;14:50:00;1,8; m/s
06-11-2025;15:00:00;1,7; m/s
06-11-2025;15:10:00;1,9; m/s
06-11-2025;15:20:00;1,6; m/s
06-11-2025;15:30:00;1,9; m/s
06-11-2025;15:40:00;2,4; m/s
06-11-2025;15:50:00;2,4; m/s
06-11-2025;16:00:00;2,5; m/s
06-11-2025;16:10:00;2,2; m/s
06-11-2025;16:20:00;2,3; m/s
06-11-2025;16:30:00;1,9; m/s
06-11-2025;16:40:00;2,5; m/s
06-11-2025;16:50:00;1,7; m/s
06-11-2025;17:00:00;1,7; m/s
06-11-2025;17:10:00;1,3; m/s
06-11-2025;17:20:00;1,8; m/s
06-11-2025;17:30:00;1,5; m/s
06-11-2025;17:40:00;1,3; m/s
06-11-2025;17:50:00;1,4; m/s
06-11-2025;18:00:00;1,8; m/s
06-11-2025;18:10:00;1,7; m/s
06-11-2025;18:20:00;1,7; m/s
06-11-2025;18:30:00;1,6; m/s
06-11-2025;18:40:00;0,9; m/s
06-11-2025;18:50:00;1,1; m/s
06-11-2025;19:00:00;1,1; m/s
06-11-2025;19:10:00;1,1; m/s
06-11-2025;19:20:00;1,3; m/s
06-11-2025;19:30:00;0,9; m/s
06-11-2025;19:40:00;0,4; m/s
06-11-2025;19:50:00;0,9; m/s
06-11-2025;20:00:00;1,1; m/s
06-11-2025;20:10:00;1,5; m/s
06-11-2025;20:20:00;2,1; m/s
06-11-2025;20:30:00;2,1; m/s
06-11-2025;20:40:00;1,7; m/s
06-11-2025;20:50:00;2,5; m/s
06-11-2025;21:00:00;2,8; m/s
06-11-2025;21:10:00;3; m/s
06-11-2025;21:20:00;2,9; m/s
06-11-2025;21:30:00;2,9; m/s
06-11-2025;21:40:00;2,9; m/s
06-11-2025;21:50:00;3; m/s
06-11-2025;22:00:00;3; m/s
06-11-2025;22:10:00;3,2; m/s
06-11-2025;22:20:00;3,1; m/s
06-11-2025;22:30:00;2,8; m/s
06-11-2025;22:40:00;2,7; m/s
06-11-2025;22:50:00;2,8; m/s
06-11-2025;23:00:00;3; m/s
06-11-2025;23:10:00;3,5; m/s
06-11-2025;23:20:00;3,5; m/s
06-11-2025;23:30:00;3,3; m/s
06-11-2025;23:40:00;3,3; m/s
06-11-2025;23:50:00;3,5; m/s
07-11-2025;00:00:00;3,5; m/s
07-11-2025;00:10:00;3; m/s
07-11-2025;00:20:00;2,8; m/s
07-11-2025;00:30:00;2,4; m/s
07-11-2025;00:40:00;2,4; m/s
07-11-2025;00:50:00;2,4; m/s
07-11-2025;01:00:00;3,1; m/s
07-11-2025;01:10:00;3; m/s
07-11-2025;01:20:00;3,2; m/s
07-11-2025;01:30:00;3,6; m/s
07-11-2025;01:40:00;3,6; m/s
07-11-2025;01:50:00;3,2; m/s
07-11-2025;02:00:00;3,2; m/s
07-11-2025;02:10:00;3,1; m/s
07-11-2025;02:20:00;3,3; m/s
07-11-2025;02:30:00;3,3; m/s
07-11-2025;02:40:00;3,5; m/s
07-11-2025;02:50:00;3,2; m/s
07-11-2025;03:00:00;3,6; m/s
07-11-2025;03:10:00;3,3; m/s
07-11-2025;03:20:00;3,4; m/s
07-11-2025;03:30:00;3,6; m/s
07-11-2025;03:40:00;3,7; m/s
07-11-2025;03:50:00;3,6; m/s
07-11-2025;04:00:00;3,5; m/s
07-11-2025;04:10:00;3,7; m/s
07-11-2025;04:20:00;3,4; m/s
07-11-2025;04:30:00;3,4; m/s
07-11-2025;04:40:00;3,6; m/s
07-11-2025;04:50:00;3,6; m/s
07-11-2025;05:00:00;3,5; m/s
07-11-2025;05:10:00;3,4; m/s
07-11-2025;05:20:00;3,4; m/s
07-11-2025;05:30:00;3,2; m/s
07-11-2025;05:40:00;3,3; m/s
07-11-2025;05:50:00;3,5; m/s
07-11-2025;06:00:00;3,5; m/s
07-11-2025;06:10:00;3,7; m/s
07-11-2025;06:20:00;3,5; m/s
07-11-2025;06:30:00;3,5; m/s
07-11-2025;06:40:00;2,8; m/s
07-11-2025;06:50:00;2,9; m/s
07-11-2025;07:00:00;3,8; m/s
07-11-2025;07:10:00;3,4; m/s
07-11-2025;07:20:00;3,4; m/s
07-11-2025;07:30:00;3,6; m/s
07-11-2025;07:40:00;3,4; m/s
07-11-2025;07:50:00;3,3; m/s
07-11-2025;08:00:00;3,2; m/s
07-11-2025;08:10:00;3,1; m/s
07-11-2025;08:20:00;2,7; m/s
07-11-2025;08:30:00;2,7; m/s
07-11-2025;08:40:00;3; m/s
07-11-2025;08:50:00;2,9; m/s
07-11-2025;09:00:00;2,3; m/s
07-11-2025;09:10:00;2,3; m/s
07-11-2025;09:20:00;2,7; m/s
07-11-2025;09:30:00;2,7; m/s
07-11-2025;09:40:00;2,7; m/s
07-11-2025;09:50:00;2,5; m/s
07-11-2025;10:00:00;2,9; m/s
07-11-2025;10:10:00;2,4; m/s
07-11-2025;10:20:00;3; m/s
07-11-2025;10:30:00;2,7; m/s
07-11-2025;10:40:00;2,9; m/s
07-11-2025;10:50:00;2,6; m/s
07-11-2025;11:00:00;2,5; m/s
07-11-2025;11:10:00;2,4; m/s
07-11-2025;11:20:00;2,2; m/s
07-11-2025;11:30:00;2; m/s
07-11-2025;11:40:00;1,7; m/s
07-11-2025;11:50:00;2; m/s
07-11-2025;12:00:00;2,2; m/s
07-11-2025;12:10:00;2,1; m/s
07-11-2025;12:20:00;1,8; m/s
07-11-2025;12:30:00;1,7; m/s
07-11-2025;12:40:00;1,9; m/s
07-11-2025;12:50:00;2,1; m/s
07-11-2025;13:00:00;2; m/s
07-11-2025;13:10:00;2,2; m/s
07-11-2025;13:20:00;2,1; m/s
07-11-2025;13:30:00;2; m/s
07-11-2025;13:40:00;2,1; m/s
07-11-2025;13:50:00;2,3; m/s
07-11-2025;14:00:00;2,6; m/s
07-11-2025;14:10:00;2,6; m/s
07-11-2025;14:20:00;1,7; m/s
07-11-2025;14:30:00;1,5; m/s
07-11-2025;14:40:00;1,5; m/s
07-11-2025;14:50:00;1,3; m/s
07-11-2025;15:00:00;1,2; m/s
07-11-2025;15:10:00;1,3; m/s
07-11-2025;15:20:00;2,1; m/s
07-11-2025;15:30:00;1,5; m/s
07-11-2025;15:40:00;1,5; m/s
07-11-2025;15:50:00;1,9; m/s
07-11-2025;16:00:00;2,1; m/s
07-11-2025;16:10:00;1,9; m/s
07-11-2025;16:20:00;1,9; m/s
07-11-2025;16:30:00;2,1; m/s
07-11-2025;16:40:00;2,6; m/s
07-11-2025;16:50:00;2,5; m/s
07-11-2025;17:00:00;2,6; m/s
07-11-2025;17:10:00;2,4; m/s
07-11-2025;17:20:00;2,2; m/s
07-11-2025;17:30:00;2; m/s
07-11-2025;17:40:00;2,2; m/s
07-11-2025;17:50:00;1,9; m/s
07-11-2025;18:00:00;1,6; m/s
07-11-2025;18:10:00;2; m/s
07-11-2025;18:20:00;1,6; m/s
07-11-2025;18:30:00;1,4; m/s
07-11-2025;18:40:00;1,9; m/s
07-11-2025;18:50:00;2,6; m/s
07-11-2025;19:00:00;1,7; m/s
07-11-2025;19:10:00;1,8; m/s
07-11-2025;19:20:00;1,6; m/s
07-11-2025;19:30:00;1,1; m/s
07-11-2025;19:40:00;0,7; m/s
07-11-2025;19:50:00;1,3; m/s
07-11-2025;20:00:00;2,6; m/s
07-11-2025;20:10:00;1,1; m/s
07-11-2025;20:20:00;2,9; m/s
07-11-2025;20:30:00;2; m/s
07-11-2025;20:40:00;2,2; m/s
07-11-2025;20:50:00;1,9; m/s
07-11-2025;21:00:00;2,1; m/s
07-11-2025;21:10:00;2,1; m/s
07-11-2025;21:20:00;2,2; m/s
07-11-2025;21:30:00;1,8; m/s
07-11-2025;21:40:00;1,4; m/s
07-11-2025;21:50:00;2,7; m/s
07-11-2025;22:00:00;1,5; m/s
07-11-2025;22:10:00;1,1; m/s
07-11-2025;22:20:00;1; m/s
07-11-2025;22:30:00;2,1; m/s
07-11-2025;22:40:00;4; m/s
07-11-2025;22:50:00;3,8; m/s
07-11-2025;23:00:00;2,4; m/s
07-11-2025;23:10:00;2,9; m/s
07-11-2025;23:20:00;4; m/s
07-11-2025;23:30:00;2,5; m/s
07-11-2025;23:40:00;2,7; m/s
07-11-2025;23:50:00;2,9; m/s
08-11-2025;00:00:00;2,8; m/s
08-11-2025;00:10:00;2,8; m/s
08-11-2025;00:20:00;2,2; m/s
08-11-2025;00:30:00;2; m/s
08-11-2025;00:40:00;2,5; m/s
08-11-2025;00:50:00;2,4; m/s
08-11-2025;01:00:00;2,6; m/s
08-11-2025;01:10:00;2,1; m/s
08-11-2025;01:20:00;2; m/s
08-11-2025;01:30:00;2; m/s
08-11-2025;01:40:00;1,6; m/s
08-11-2025;01:50:00;2,4; m/s
08-11-2025;02:00:00;1,3; m/s
08-11-2025;02:10:00;2,5; m/s
08-11-2025;02:20:00;2,6; m/s
08-11-2025;02:30:00;2,5; m/s
08-11-2025;02:40:00;1,3; m/s
08-11-2025;02:50:00;2; m/s
08-11-2025;03:00:00;1,5; m/s
08-11-2025;03:10:00;1,5; m/s
08-11-2025;03:20:00;1,7; m/s
08-11-2025;03:30:00;1,5; m/s
08-11-2025;03:40:00;1,6; m/s
08-11-2025;03:50:00;2; m/s
08-11-2025;04:00:00;2,5; m/s
08-11-2025;04:10:00;2,7; m/s
08-11-2025;04:20:00;2,5; m/s
08-11-2025;04:30:00;2,4; m/s
08-11-2025;04:40:00;2,3; m/s
08-11-2025;04:50:00;2,1; m/s
08-11-2025;05:00:00;2,5; m/s
08-11-2025;05:10:00;2,8; m/s
08-11-2025;05:20:00;3; m/s
08-11-2025;05:30:00;2,7; m/s
08-11-2025;05:40:00;2,8; m/s
08-11-2025;05:50:00;2,4; m/s
08-11-2025;06:00:00;2,2; m/s
08-11-2025;06:10:00;2,3; m/s
08-11-2025;06:20:00;2,6; m/s
08-11-2025;06:30:00;2,9; m/s
08-11-2025;06:40:00;3,1; m/s
08-11-2025;06:50:00;2,5; m/s
08-11-2025;07:00:00;2,7; m/s
08-11-2025;07:10:00;2,7; m/s
08-11-2025;07:20:00;2,9; m/s
08-11-2025;07:30:00;3; m/s
08-11-2025;07:40:00;2,8; m/s
08-11-2025;07:50:00;2,7; m/s
08-11-2025;08:00:00;2,8; m/s
08-11-2025;08:10:00;2,8; m/s
08-11-2025;08:20:00;2,7; m/s
08-11-2025;08:30:00;2,6; m/s
08-11-2025;08:40:00;2,5; m/s
08-11-2025;08:50:00;2,8; m/s
08-11-2025;09:00:00;2,5; m/s
08-11-2025;09:10:00;2,4; m/s
08-11-2025;09:20:00;2,3; m/s
08-11-2025;09:30:00;2,3; m/s
08-11-2025;09:40:00;2,3; m/s
08-11-2025;09:50:00;3,1; m/s
08-11-2025;10:00:00;3,2; m/s
08-11-2025;10:10:00;3,5; m/s
08-11-2025;10:20:00;3; m/s
08-11-2025;10:30:00;3,1; m/s
08-11-2025;10:40:00;2,6; m/s
08-11-2025;10:50:00;3; m/s
08-11-2025;11:00:00;2,7; m/s
08-11-2025;11:10:00;2,7; m/s
08-11-2025;11:20:00;2,9; m/s
08-11-2025;11:30:00;3; m/s
08-11-2025;11:40:00;3,1; m/s
08-11-2025;11:50:00;3; m/s
08-11-2025;12:00:00;2,9; m/s
08-11-2025;12:10:00;2,9; m/s
08-11-2025;12:20:00;2,6; m/s
08-11-2025;12:30:00;2,3; m/s
08-11-2025;12:40:00;2,6; m/s
08-11-2025;12:50:00;2,4; m/s
08-11-2025;13:00:00;2,2; m/s
08-11-2025;13:10:00;2,4; m/s
08-11-2025;13:20:00;2,1; m/s
08-11-2025;13:30:00;2,2; m/s
08-11-2025;13:40:00;1,9; m/s
08-11-2025;13:50:00;1,9; m/s
08-11-2025;14:00:00;2; m/s
08-11-2025;14:10:00;1,8; m/s
08-11-2025;14:20:00;2,3; m/s
08-11-2025;14:30:00;2,3; m/s
08-11-2025;14:40:00;2,2; m/s
08-11-2025;14:50:00;1,8; m/s
08-11-2025;15:00:00;2,2; m/s
08-11-2025;15:10:00;2,4; m/s
08-11-2025;15:20:00;2,6; m/s
08-11-2025;15:30:00;2,5; m/s
08-11-2025;15:40:00;3,2; m/s
08-11-2025;15:50:00;2,5; m/s
08-11-2025;16:00:00;3,4; m/s
08-11-2025;16:10:00;3,6; m/s
08-11-2025;16:20:00;3,6; m/s
08-11-2025;16:30:00;3,1; m/s
08-11-2025;16:40:00;3,3; m/s
08-11-2025;16:50:00;2,8; m/s
08-11-2025;17:00:00;2,7; m/s
08-11-2025;17:10:00;2,7; m/s
08-11-2025;17:20:00;3; m/s
08-11-2025;17:30:00;3,4; m/s
08-11-2025;17:40:00;3,2; m/s
08-11-2025;17:50:00;3,1; m/s
08-11-2025;18:00:00;3,2; m/s
08-11-2025;18:10:00;3,3; m/s
08-11-2025;18:20:00;3,3; m/s
08-11-2025;18:30:00;3,7; m/s
08-11-2025;18:40:00;3,2; m/s
08-11-2025;18:50:00;2,8; m/s
08-11-2025;19:00:00;2,7; m/s
08-11-2025;19:10:00;3,2; m/s
08-11-2025;19:20:00;2,9; m/s
08-11-2025;19:30:00;2,4; m/s
08-11-2025;19:40:00;2,9; m/s
08-11-2025;19:50:00;3,4; m/s
08-11-2025;20:00:00;3,9; m/s
08-11-2025;20:10:00;3,7; m/s
08-11-2025;20:20:00;3,1; m/s
08-11-2025;20:30:00;3,2; m/s
08-11-2025;20:40:00;3,5; m/s
08-11-2025;20:50:00;3,4; m/s
08-11-2025;21:00:00;2,6; m/s
08-11-2025;21:10:00;2,6; m/s
08-11-2025;21:20:00;3,4; m/s
08-11-2025;21:30:00;3,4; m/s
08-11-2025;21:40:00;2,9; m/s
08-11-2025;21:50:00;3,6; m/s
08-11-2025;22:00:00;3,7; m/s
08-11-2025;22:10:00;2,9; m/s
08-11-2025;22:20:00;3,4; m/s
08-11-2025;22:30:00;2,4; m/s
08-11-2025;22:40:00;3,5; m/s
08-11-2025;22:50:00;3; m/s
08-11-2025;23:00:00;2,9; m/s
08-11-2025;23:10:00;1,9; m/s
08-11-2025;23:20:00;1,2; m/s
08-11-2025;23:30:00;1,4; m/s
08-11-2025;23:40:00;1; m/s
08-11-2025;23:50:00;2,7; m/s
09-11-2025;00:00:00;2,7; m/s
09-11-2025;00:10:00;2,5; m/s
09-11-2025;00:20:00;2,7; m/s
09-11-2025;00:30:00;3,2; m/s
09-11-2025;00:40:00;2,5; m/s
09-11-2025;00:50:00;3,3; m/s
09-11-2025;01:00:00;3,8; m/s
09-11-2025;01:10:00;4,4; m/s
09-11-2025;01:20:00;5; m/s
09-11-2025;01:30:00;4,7; m/s
09-11-2025;01:40:00;4,1; m/s
09-11-2025;01:50:00;3,4; m/s
09-11-2025;02:00:00;3,7; m/s
09-11-2025;02:10:00;3,2; m/s
09-11-2025;02:20:00;3,6; m/s
09-11-2025;02:30:00;3,1; m/s
09-11-2025;02:40:00;2,6; m/s
09-11-2025;02:50:00;3,5; m/s
09-11-2025;03:00:00;3,6; m/s
09-11-2025;03:10:00;3,7; m/s
09-11-2025;03:20:00;3,6; m/s
09-11-2025;03:30:00;3,5; m/s
09-11-2025;03:40:00;3,5; m/s
09-11-2025;03:50:00;3,9; m/s
09-11-2025;04:00:00;3,5; m/s
09-11-2025;04:10:00;3,4; m/s
09-11-2025;04:20:00;3,7; m/s
09-11-2025;04:30:00;3; m/s
09-11-2025;04:40:00;2,4; m/s
09-11-2025;04:50:00;2,1; m/s
09-11-2025;05:00:00;2,1; m/s
09-11-2025;05:10:00;2,7; m/s
09-11-2025;05:20:00;2,7; m/s
09-11-2025;05:30:00;2,4; m/s
09-11-2025;05:40:00;2,6; m/s
09-11-2025;05:50:00;3,5; m/s
09-11-2025;06:00:00;3,6; m/s
09-11-2025;06:10:00;4; m/s
09-11-2025;06:20:00;3,8; m/s
09-11-2025;06:30:00;2,5; m/s
09-11-2025;06:40:00;2,2; m/s
09-11-2025;06:50:00;2,3; m/s
09-11-2025;07:00:00;2,8; m/s
09-11-2025;07:10:00;2,5; m/s
09-11-2025;07:20:00;2,5; m/s
09-11-2025;07:30:00;2,6; m/s
09-11-2025;07:40:00;2,5; m/s
09-11-2025;07:50:00;2,2; m/s
09-11-2025;08:00:00;2,7; m/s
09-11-2025;08:10:00;2,9; m/s
09-11-2025;08:20:00;1,9; m/s
09-11-2025;08:30:00;1,7; m/s
09-11-2025;08:40:00;1,4; m/s
09-11-2025;08:50:00;1,3; m/s
09-11-2025;09:00:00;1,7; m/s
09-11-2025;09:10:00;1,9; m/s
09-11-2025;09:20:00;2,1; m/s
09-11-2025;09:30:00;1,8; m/s
09-11-2025;09:40:00;2; m/s
09-11-2025;09:50:00;1,5; m/s
09-11-2025;10:00:00;1,9; m/s
09-11-2025;10:10:00;2,1; m/s
09-11-2025;10:20:00;1,8; m/s
09-11-2025;10:30:00;2,3; m/s
09-11-2025;10:40:00;2,5; m/s
09-11-2025;10:50:00;1,9; m/s
09-11-2025;11:00:00;2,7; m/s
09-11-2025;11:10:00;2,1; m/s
09-11-2025;11:20:00;1,9; m/s
09-11-2025;11:30:00;1,4; m/s
09-11-2025;11:40:00;1,8; m/s
09-11-2025;11:50:00;2,8; m/s
09-11-2025;12:00:00;2,5; m/s
09-11-2025;12:10:00;2,5; m/s
09-11-2025;12:20:00;2,9; m/s
09-11-2025;12:30:00;2,3; m/s
09-11-2025;12:40:00;3; m/s
09-11-2025;12:50:00;3,5; m/s
09-11-2025;13:00:00;3,6; m/s
09-11-2025;13:10:00;2,4; m/s
09-11-2025;13:20:00;2,9; m/s
09-11-2025;13:30:00;2,8; m/s
09-11-2025;13:40:00;3; m/s
09-11-2025;13:50:00;3,1; m/s
09-11-2025;14:00:00;2,4; m/s
09-11-2025;14:10:00;2,5; m/s
09-11-2025;14:20:00;2,3; m/s
09-11-2025;14:30:00;2,6; m/s
09-11-2025;14:40:00;2,8; m/s
09-11-2025;14:50:00;3; m/s
09-11-2025;15:00:00;3; m/s
09-11-2025;15:10:00;2,7; m/s
09-11-2025;15:20:00;2,5; m/s
09-11-2025;15:30:00;2,9; m/s
09-11-2025;15:40:00;2,8; m/s
09-11-2025;15:50:00;2,1; m/s
09-11-2025;16:00:00;2,6; m/s
09-11-2025;16:10:00;2,9; m/s
09-11-2025;16:20:00;2,3; m/s
09-11-2025;16:30:00;2,7; m/s
09-11-2025;16:40:00;2; m/s
09-11-2025;16:50:00;1,6; m/s
09-11-2025;17:00:00;2,4; m/s
09-11-2025;17:10:00;2,4; m/s
09-11-2025;17:20:00;3,2; m/s
09-11-2025;17:30:00;2; m/s
09-11-2025;17:40:00;1,7; m/s
09-11-2025;17:50:00;2,4; m/s
09-11-2025;18:00:00;2,3; m/s
09-11-2025;18:10:00;2,8; m/s
09-11-2025;18:20:00;3,5; m/s
09-11-2025;18:30:00;4,9; m/s
09-11-2025;18:40:00;4,6; m/s
09-11-2025;18:50:00;3,9; m/s
09-11-2025;19:00:00;4,3; m/s
09-11-2025;19:10:00;4,5; m/s
09-11-2025;19:20:00;4,8; m/s
09-11-2025;19:30:00;4,6; m/s
09-11-2025;19:40:00;3,9; m/s
09-11-2025;19:50:00;3,8; m/s
09-11-2025;20:00:00;3,9; m/s
09-11-2025;20:10:00;3,2; m/s
09-11-2025;20:20:00;2,9; m/s
09-11-2025;20:30:00;3,4; m/s
09-11-2025;20:40:00;4,5; m/s
09-11-2025;20:50:00;3,9; m/s
09-11-2025;21:00:00;4,6; m/s
09-11-2025;21:10:00;5,4; m/s
09-11-2025;21:20:00;4,4; m/s
09-11-2025;21:30:00;3,2; m/s
09-11-2025;21:40:00;2,7; m/s
09-11-2025;21:50:00;3; m/s
09-11-2025;22:00:00;4,1; m/s
09-11-2025;22:10:00;2,7; m/s
09-11-2025;22:20:00;3,2; m/s
09-11-2025;22:30:00;2,6; m/s
09-11-2025;22:40:00;3; m/s
09-11-2025;22:50:00;3,9; m/s
09-11-2025;23:00:00;3,2; m/s
09-11-2025;23:10:00;2,7; m/s
09-11-2025;23:20:00;2,3; m/s
09-11-2025;23:30:00;1,8; m/s
09-11-2025;23:40:00;2,2; m/s
09-11-2025;23:50:00;2,1; m/s
10-11-2025;00:00:00;1,9; m/s
10-11-2025;00:10:00;2,7; m/s
10-11-2025;00:20:00;3,2; m/s
10-11-2025;00:30:00;2,8; m/s
10-11-2025;00:40:00;3,6; m/s
10-11-2025;00:50:00;3,6; m/s
10-11-2025;01:00:00;3; m/s
10-11-2025;01:10:00;2; m/s
10-11-2025;01:20:00;3; m/s
10-11-2025;01:30:00;3,1; m/s
10-11-2025;01:40:00;3,3; m/s
10-11-2025;01:50:00;3,1; m/s
10-11-2025;02:00:00;2,8; m/s
10-11-2025;02:10:00;2,7; m/s
10-11-2025;02:20:00;2,7; m/s
10-11-2025;02:30:00;1,9; m/s
10-11-2025;02:40:00;2,2; m/s
10-11-2025;02:50:00;2,7; m/s
10-11-2025;03:00:00;2,4; m/s
10-11-2025;03:10:00;3,3; m/s
10-11-2025;03:20:00;3,1; m/s
10-11-2025;03:30:00;3; m/s
10-11-2025;03:40:00;2,9; m/s
10-11-2025;03:50:00;3,1; m/s
10-11-2025;04:00:00;3,1; m/s
10-11-2025;04:10:00;3,4; m/s
10-11-2025;04:20:00;3,5; m/s
10-11-2025;04:30:00;3,7; m/s
10-11-2025;04:40:00;3,7; m/s
10-11-2025;04:50:00;2,9; m/s
10-11-2025;05:00:00;2,8; m/s
10-11-2025;05:10:00;2,5; m/s
10-11-2025;05:20:00;2,9; m/s
10-11-2025;05:30:00;2,5; m/s
10-11-2025;05:40:00;2,8; m/s
10-11-2025;05:50:00;2,4; m/s
10-11-2025;06:00:00;1,9; m/s
10-11-2025;06:10:00;1,8; m/s
10-11-2025;06:20:00;2,1; m/s
10-11-2025;06:30:00;2,4; m/s
10-11-2025;06:40:00;2,9; m/s
10-11-2025;06:50:00;2,5; m/s
10-11-2025;07:00:00;2,3; m/s
10-11-2025;07:10:00;2; m/s
10-11-2025;07:20:00;1,5; m/s
10-11-2025;07:30:00;1,5; m/s
10-11-2025;07:40:00;1,6; m/s
10-11-2025;07:50:00;0,8; m/s
10-11-2025;08:00:00;1,8; m/s
10-11-2025;08:10:00;1,8; m/s
10-11-2025;08:20:00;1,7; m/s
10-11-2025;08:30:00;1,4; m/s
10-11-2025;08:40:00;1,5; m/s
10-11-2025;08:50:00;2,1; m/s
10-11-2025;09:00:00;2; m/s
10-11-2025;09:10:00;1,7; m/s
10-11-2025;09:20:00;1; m/s
10-11-2025;09:30:00;1,7; m/s
10-11-2025;09:40:00;1,9; m/s
10-11-2025;09:50:00;1,5; m/s
10-11-2025;10:00:00;1,7; m/s
10-11-2025;10:10:00;1,6; m/s
10-11-2025;10:20:00;2; m/s
10-11-2025;10:30:00;1,9; m/s
10-11-2025;10:40:00;1,8; m/s
10-11-2025;10:50:00;1,1; m/s
10-11-2025;11:00:00;1,1; m/s
10-11-2025;11:10:00;1,5; m/s
10-11-2025;11:20:00;1,4; m/s
10-11-2025;11:30:00;1,6; m/s
10-11-2025;11:40:00;1,9; m/s
10-11-2025;11:50:00;2,5; m/s
10-11-2025;12:00:00;3,2; m/s
10-11-2025;12:10:00;4,4; m/s
10-11-2025;12:20:00;7,5; m/s
10-11-2025;12:30:00;6,2; m/s
10-11-2025;12:40:00;7,4; m/s
10-11-2025;12:50:00;8,1; m/s
10-11-2025;13:00:00;8,8; m/s
10-11-2025;13:10:00;8,3; m/s
10-11-2025;13:20:00;7,9; m/s
10-11-2025;13:30:00;7,3; m/s
10-11-2025;13:40:00;7,3; m/s
10-11-2025;13:50:00;6,7; m/s
10-11-2025;14:00:00;5,7; m/s
10-11-2025;14:10:00;6,9; m/s
10-11-2025;14:20:00;6,6; m/s
10-11-2025;14:30:00;7,2; m/s
10-11-2025;14:40:00;7,7; m/s
10-11-2025;14:50:00;6,8; m/s
10-11-2025;15:00:00;6,2; m/s
10-11-2025;15:10:00;7,3; m/s
10-11-2025;15:20:00;7,1; m/s
10-11-2025;15:30:00;6,9; m/s
10-11-2025;15:40:00;5,9; m/s
10-11-2025;15:50:00;5,3; m/s
10-11-2025;16:00:00;5,4; m/s
10-11-2025;16:10:00;5,2; m/s
10-11-2025;16:20:00;5,8; m/s
10-11-2025;16:30:00;5,4; m/s
10-11-2025;16:40:00;5,3; m/s
10-11-2025;16:50:00;4,9; m/s
10-11-2025;17:00:00;5,1; m/s
10-11-2025;17:10:00;4,6; m/s
10-11-2025;17:20:00;4,3; m/s
10-11-2025;17:30:00;4,6; m/s
10-11-2025;17:40:00;4,6; m/s
10-11-2025;17:50:00;5,3; m/s
10-11-2025;18:00:00;5,3; m/s
10-11-2025;18:10:00;5; m/s
10-11-2025;18:20:00;5,4; m/s
10-11-2025;18:30:00;4,9; m/s
10-11-2025;18:40:00;4,9; m/s
10-11-2025;18:50:00;5; m/s
10-11-2025;19:00:00;5,1; m/s
10-11-2025;19:10:00;5,4; m/s
10-11-2025;19:20:00;6,1; m/s
10-11-2025;19:30:00;5,6; m/s
10-11-2025;19:40:00;5,2; m/s
10-11-2025;19:50:00;5,1; m/s
10-11-2025;20:00:00;5,1; m/s
10-11-2025;20:10:00;4,9; m/s
10-11-2025;20:20:00;4,6; m/s
10-11-2025;20:30:00;4,4; m/s
10-11-2025;20:40:00;4,7; m/s
10-11-2025;20:50:00;4,4; m/s
10-11-2025;21:00:00;3,5; m/s
10-11-2025;21:10:00;3,5; m/s
10-11-2025;21:20:00;2,6; m/s
10-11-2025;21:30:00;1,4; m/s
10-11-2025;21:40:00;2,1; m/s
10-11-2025;21:50:00;2,3; m/s
10-11-2025;22:00:00;2,3; m/s
10-11-2025;22:10:00;2,3; m/s
10-11-2025;22:20:00;1,7; m/s
10-11-2025;22:30:00;1,2; m/s
10-11-2025;22:40:00;1,6; m/s
10-11-2025;22:50:00;2,7; m/s
10-11-2025;23:00:00;2,5; m/s
10-11-2025;23:10:00;2,8; m/s
10-11-2025;23:20:00;3,1; m/s
10-11-2025;23:30:00;2,2; m/s
10-11-2025;23:40:00;2,6; m/s
10-11-2025;23:50:00;3,1; m/s
11-11-2025;00:00:00;3,1; m/s
11-11-2025;00:10:00;2,7; m/s
11-11-2025;00:20:00;3,1; m/s
11-11-2025;00:30:00;2,7; m/s
11-11-2025;00:40:00;2,4; m/s
11-11-2025;00:50:00;2; m/s
11-11-2025;01:00:00;2,1; m/s
11-11-2025;01:10:00;3,1; m/s
11-11-2025;01:20:00;3,8; m/s
11-11-2025;01:30:00;3; m/s
11-11-2025;01:40:00;2,9; m/s
11-11-2025;01:50:00;3,2; m/s
11-11-2025;02:00:00;3,4; m/s
11-11-2025;02:10:00;3,3; m/s
11-11-2025;02:20:00;3,6; m/s
11-11-2025;02:30:00;3,5; m/s
11-11-2025;02:40:00;3,6; m/s
11-11-2025;02:50:00;2,6; m/s
11-11-2025;03:00:00;3,2; m/s
11-11-2025;03:10:00;2,9; m/s
11-11-2025;03:20:00;3,5; m/s
11-11-2025;03:30:00;2,8; m/s
11-11-2025;03:40:00;2,1; m/s
11-11-2025;03:50:00;2; m/s
11-11-2025;04:00:00;2; m/s
11-11-2025;04:10:00;1,8; m/s
11-11-2025;04:20:00;1,3; m/s
11-11-2025;04:30:00;1; m/s
11-11-2025;04:40:00;1,4; m/s
11-11-2025;04:50:00;1,3; m/s
11-11-2025;05:00:00;1,5; m/s
11-11-2025;05:10:00;1,5; m/s
11-11-2025;05:20:00;1,2; m/s
11-11-2025;05:30:00;1,2; m/s
11-11-2025;05:40:00;1,5; m/s
11-11-2025;05:50:00;1,1; m/s
11-11-2025;06:00:00;0,9; m/s
11-11-2025;06:10:00;0,4; m/s
11-11-2025;06:20:00;0,8; m/s
11-11-2025;06:30:00;1; m/s
11-11-2025;06:40:00;0,6; m/s
11-11-2025;06:50:00;0,5; m/s
11-11-2025;07:00:00;0,3; m/s
11-11-2025;07:10:00;1,5; m/s
11-11-2025;07:20:00;1,8; m/s
11-11-2025;07:30:00;1,6; m/s
11-11-2025;07:40:00;1,2; m/s
11-11-2025;07:50:00;1; m/s
11-11-2025;08:00:00;1; m/s
11-11-2025;08:10:00;0,8; m/s
11-11-2025;08:20:00;1; m/s
11-11-2025;08:30:00;1,1; m/s
11-11-2025;08:40:00;1,2; m/s
11-11-2025;08:50:00;1; m/s
11-11-2025;09:00:00;0,7; m/s
11-11-2025;09:10:00;1,7; m/s
11-11-2025;09:20:00;1,7; m/s
11-11-2025;09:30:00;1,3; m/s
11-11-2025;09:40:00;1,2; m/s
11-11-2025;09:50:00;1,2; m/s
11-11-2025;10:00:00;2; m/s
11-11-2025;10:10:00;2,1; m/s
11-11-2025;10:20:00;1,9; m/s
11-11-2025;10:30:00;2,3; m/s
11-11-2025;10:40:00;1,9; m/s
11-11-2025;10:50:00;1,6; m/s
11-11-2025;11:00:00;1,5; m/s
11-11-2025;11:10:00;1,4; m/s
11-11-2025;11:20:00;1,4; m/s
11-11-2025;11:30:00;1,4; m/s
11-11-2025;11:40:00;1,2; m/s
11-11-2025;11:50:00;1,3; m/s
11-11-2025;12:00:00;1,8; m/s
11-11-2025;12:10:00;1,9; m/s
11-11-2025;12:20:00;1,7; m/s
11-11-2025;12:30:00;2; m/s
11-11-2025;12:40:00;2,4; m/s
11-11-2025;12:50:00;2,9; m/s
11-11-2025;13:00:00;3,1; m/s
11-11-2025;13:10:00;2,9; m/s
11-11-2025;13:20:00;3; m/s
11-11-2025;13:30:00;3,7; m/s
11-11-2025;13:40:00;3,5; m/s
11-11-2025;13:50:00;4,2; m/s
11-11-2025;14:00:00;4,4; m/s
11-11-2025;14:10:00;5; m/s
11-11-2025;14:20:00;5,3; m/s
11-11-2025;14:30:00;5,7; m/s
11-11-2025;14:40:00;5,7; m/s
11-11-2025;14:50:00;5,4; m/s
11-11-2025;15:00:00;5,6; m/s
11-11-2025;15:10:00;5,7; m/s
11-11-2025;15:20:00;5,4; m/s
11-11-2025;15:30:00;5,1; m/s
11-11-2025;15:40:00;5,7; m/s
11-11-2025;15:50:00;5,7; m/s
11-11-2025;16:00:00;5,8; m/s
11-11-2025;16:10:00;4,6; m/s
11-11-2025;16:20:00;2,4; m/s
11-11-2025;16:30:00;2,1; m/s
11-11-2025;16:40:00;2,6; m/s
11-11-2025;16:50:00;2,6; m/s
11-11-2025;17:00:00;3,3; m/s
11-11-2025;17:10:00;3,8; m/s
11-11-2025;17:20:00;4,1; m/s
11-11-2025;17:30:00;3,4; m/s
11-11-2025;17:40:00;3,1; m/s
11-11-2025;17:50:00;3; m/s
11-11-2025;18:00:00;3,1; m/s
11-11-2025;18:10:00;3; m/s
11-11-2025;18:20:00;2,8; m/s
11-11-2025;18:30:00;3,2; m/s
11-11-2025;18:40:00;3,3; m/s
11-11-2025;18:50:00;3,7; m/s
11-11-2025;19:00:00;3,8; m/s
11-11-2025;19:10:00;3,6; m/s
11-11-2025;19:20:00;3,8; m/s
11-11-2025;19:30:00;3,9; m/s
11-11-2025;19:40:00;4; m/s
11-11-2025;19:50:00;3,8; m/s
11-11-2025;20:00:00;3,9; m/s
11-11-2025;20:10:00;3,8; m/s
11-11-2025;20:20:00;3,6; m/s
11-11-2025;20:30:00;3,6; m/s
11-11-2025;20:40:00;3,8; m/s
11-11-2025;20:50:00;3,7; m/s
11-11-2025;21:00:00;3,4; m/s
11-11-2025;21:10:00;3,4; m/s
11-11-2025;21:20:00;3,4; m/s
11-11-2025;21:30:00;3,3; m/s
11-11-2025;21:40:00;3,6; m/s
11-11-2025;21:50:00;3,4; m/s
11-11-2025;22:00:00;3,5; m/s
11-11-2025;22:10:00;3,3; m/s
11-11-2025;22:20:00;3,2; m/s
11-11-2025;22:30:00;2,7; m/s
11-11-2025;22:40:00;2,1; m/s
11-11-2025;22:50:00;1,9; m/s
11-11-2025;23:00:00;2; m/s
11-11-2025;23:10:00;1,8; m/s
11-11-2025;23:20:00;2,1; m/s
11-11-2025;23:30:00;2,7; m/s
11-11-2025;23:40:00;2,8; m/s
11-11-2025;23:50:00;2,8; m/s
12-11-2025;00:00:00;3,1; m/s
12-11-2025;00:10:00;3; m/s
12-11-2025;00:20:00;2,6; m/s
12-11-2025;00:30:00;1,8; m/s
12-11-2025;00:40:00;1,3; m/s
12-11-2025;00:50:00;0,5; m/s
12-11-2025;01:00:00;0,6; m/s
12-11-2025;01:10:00;1; m/s
12-11-2025;01:20:00;0,6; m/s
12-11-2025;01:30:00;0,5; m/s
12-11-2025;01:40:00;0,3; m/s
12-11-2025;01:50:00;0,5; m/s
12-11-2025;02:00:00;1,4; m/s
12-11-2025;02:10:00;1,6; m/s
12-11-2025;02:20:00;1,5; m/s
12-11-2025;02:30:00;1; m/s
12-11-2025;02:40:00;0,3; m/s
12-11-2025;02:50:00;0,4; m/s
12-11-2025;03:00:00;1; m/s
12-11-2025;03:10:00;1,4; m/s
12-11-2025;03:20:00;1,5; m/s
12-11-2025;03:30:00;1; m/s
12-11-2025;03:40:00;0,8; m/s
12-11-2025;03:50:00;1,4; m/s
12-11-2025;04:00:00;1,3; m/s
12-11-2025;04:10:00;1,1; m/s
12-11-2025;04:20:00;1,6; m/s
12-11-2025;04:30:00;1,4; m/s
12-11-2025;04:40:00;1,4; m/s
12-11-2025;04:50:00;1,3; m/s
12-11-2025;05:00:00;0,8; m/s
12-11-2025;05:10:00;0,3; m/s
12-11-2025;05:20:00;0,3; m/s
12-11-2025;05:30:00;0,3; m/s
12-11-2025;05:40:00;0,3; m/s
12-11-2025;05:50:00;0,5; m/s
12-11-2025;06:00:00;1,6; m/s
12-11-2025;06:10:00;0,8; m/s
12-11-2025;06:20:00;0,4; m/s
12-11-2025;06:30:00;1,1; m/s
12-11-2025;06:40:00;0,9; m/s
12-11-2025;06:50:00;0,3; m/s
12-11-2025;07:00:00;0,5; m/s
12-11-2025;07:10:00;1,2; m/s
12-11-2025;07:20:00;1,3; m/s
12-11-2025;07:30:00;1,1; m/s
12-11-2025;07:40:00;0,5; m/s
12-11-2025;07:50:00;1; m/s
12-11-2025;08:00:00;0,6; m/s
12-11-2025;08:10:00;0,8; m/s
12-11-2025;08:20:00;1; m/s
12-11-2025;08:30:00;0,7; m/s
12-11-2025;08:40:00;0,5; m/s
12-11-2025;08:50:00;1,4; m/s
12-11-2025;09:00:00;1,4; m/s
12-11-2025;09:10:00;0,9; m/s
12-11-2025;09:20:00;1,4; m/s
12-11-2025;09:30:00;0,7; m/s
12-11-2025;09:40:00;0,7; m/s
12-11-2025;09:50:00;1,3; m/s
12-11-2025;10:00:00;1,5; m/s
12-11-2025;10:10:00;1,8; m/s
12-11-2025;10:20:00;1,3; m/s
12-11-2025;10:30:00;0,9; m/s
12-11-2025;10:40:00;1,5; m/s
12-11-2025;10:50:00;1,4; m/s
12-11-2025;11:00:00;1,4; m/s
12-11-2025;11:10:00;1,5; m/s
12-11-2025;11:20:00;1,6; m/s
12-11-2025;11:30:00;1,4; m/s
12-11-2025;11:40:00;2; m/s
12-11-2025;11:50:00;1,6; m/s
12-11-2025;12:00:00;1,6; m/s
12-11-2025;12:10:00;1,9; m/s
12-11-2025;12:20:00;1,7; m/s
12-11-2025;12:30:00;1,5; m/s
12-11-2025;12:40:00;1,6; m/s
12-11-2025;12:50:00;2; m/s
12-11-2025;13:00:00;2,5; m/s
12-11-2025;13:10:00;2,6; m/s
12-11-2025;13:20:00;3,1; m/s
12-11-2025;13:30:00;3,5; m/s
12-11-2025;13:40:00;3,7; m/s
12-11-2025;13:50:00;3,3; m/s
12-11-2025;14:00:00;3,4; m/s
12-11-2025;14:10:00;3,9; m/s
12-11-2025;14:20:00;3,4; m/s
12-11-2025;14:30:00;3,5; m/s
12-11-2025;14:40:00;3,9; m/s
12-11-2025;14:50:00;4; m/s
12-11-2025;15:00:00;4,5; m/s
12-11-2025;15:10:00;5; m/s
12-11-2025;15:20:00;5; m/s
12-11-2025;15:30:00;4,4; m/s
12-11-2025;15:40:00;4,2; m/s
12-11-2025;15:50:00;3,7; m/s
12-11-2025;16:00:00;3,8; m/s
12-11-2025;16:10:00;4,1; m/s
12-11-2025;16:20:00;4,1; m/s
12-11-2025;16:30:00;4,1; m/s
12-11-2025;16:40:00;4,1; m/s
12-11-2025;16:50:00;4,3; m/s
12-11-2025;17:00:00;4,8; m/s
12-11-2025;17:10:00;3,8; m/s
12-11-2025;17:20:00;3,1; m/s
12-11-2025;17:30:00;3,8; m/s
12-11-2025;17:40:00;3,6; m/s
12-11-2025;17:50:00;3,5; m/s
12-11-2025;18:00:00;3,8; m/s
12-11-2025;18:10:00;3,8; m/s
12-11-2025;18:20:00;3,8; m/s
12-11-2025;18:30:00;4; m/s
12-11-2025;18:40:00;4,1; m/s
12-11-2025;18:50:00;4,6; m/s
12-11-2025;19:00:00;4,6; m/s
12-11-2025;19:10:00;4,4; m/s
12-11-2025;19:20:00;4; m/s
12-11-2025;19:30:00;3,5; m/s
12-11-2025;19:40:00;3,6; m/s
12-11-2025;19:50:00;3,6; m/s
12-11-2025;20:00:00;3,8; m/s
12-11-2025;20:10:00;3,7; m/s
12-11-2025;20:20:00;4,1; m/s
12-11-2025;20:30:00;3,6; m/s
12-11-2025;20:40:00;3,1; m/s
12-11-2025;20:50:00;2,9; m/s
12-11-2025;21:00:00;2,5; m/s
12-11-2025;21:10:00;2,4; m/s
12-11-2025;21:20:00;2,8; m/s
12-11-2025;21:30:00;2,5; m/s
12-11-2025;21:40:00;2,4; m/s
12-11-2025;21:50:00;2,8; m/s
12-11-2025;22:00:00;2,3; m/s
12-11-2025;22:10:00;2; m/s
12-11-2025;22:20:00;2,6; m/s
12-11-2025;22:30:00;2,6; m/s
12-11-2025;22:40:00;2,9; m/s
12-11-2025;22:50:00;3,3; m/s
12-11-2025;23:00:00;3,4; m/s
12-11-2025;23:10:00;3,5; m/s
12-11-2025;23:20:00;3,5; m/s
12-11-2025;23:30:00;3,3; m/s
12-11-2025;23:40:00;3,3; m/s
12-11-2025;23:50:00;3,3; m/s
13-11-2025;00:00:00;3,4; m/s
13-11-2025;00:10:00;3,2; m/s
13-11-2025;00:20:00;3,2; m/s
13-11-2025;00:30:00;2,9; m/s
13-11-2025;00:40:00;3,2; m/s
13-11-2025;00:50:00;3,1; m/s
13-11-2025;01:00:00;3,2; m/s
13-11-2025;01:10:00;3,3; m/s
13-11-2025;01:20:00;3,3; m/s
13-11-2025;01:30:00;3,1; m/s
13-11-2025;01:40:00;2,9; m/s
13-11-2025;01:50:00;2,8; m/s
13-11-2025;02:00:00;2,1; m/s
13-11-2025;02:10:00;1,9; m/s
13-11-2025;02:20:00;2,3; m/s
13-11-2025;02:30:00;2,4; m/s
13-11-2025;02:40:00;2,3; m/s
13-11-2025;02:50:00;2,2; m/s
13-11-2025;03:00:00;2,1; m/s
13-11-2025;03:10:00;2; m/s
13-11-2025;03:20:00;2; m/s
13-11-2025;03:30:00;1,9; m/s
13-11-2025;03:40:00;1,7; m/s
13-11-2025;03:50:00;1,8; m/s
13-11-2025;04:00:00;2,3; m/s
13-11-2025;04:10:00;2,1; m/s
13-11-2025;04:20:00;2,4; m/s
13-11-2025;04:30:00;2,7; m/s
13-11-2025;04:40:00;2,5; m/s
13-11-2025;04:50:00;2,3; m/s
13-11-2025;05:00:00;1,9; m/s
13-11-2025;05:10:00;2,1; m/s
13-11-2025;05:20:00;2,1; m/s
13-11-2025;05:30:00;1,9; m/s
13-11-2025;05:40:00;2,2; m/s
13-11-2025;05:50:00;2,3; m/s
13-11-2025;06:00:00;3,1; m/s
13-11-2025;06:10:00;3,3; m/s
13-11-2025;06:20:00;3,2; m/s
13-11-2025;06:30:00;2,9; m/s
13-11-2025;06:40:00;2,8; m/s
13-11-2025;06:50:00;3,1; m/s
13-11-2025;07:00:00;2,9; m/s
13-11-2025;07:10:00;3; m/s
13-11-2025;07:20:00;3,1; m/s
13-11-2025;07:30:00;3,1; m/s
13-11-2025;07:40:00;3,1; m/s
13-11-2025;07:50:00;3,2; m/s
13-11-2025;08:00:00;3,4; m/s
13-11-2025;08:10:00;3; m/s
13-11-2025;08:20:00;2,6; m/s
13-11-2025;08:30:00;2,7; m/s
13-11-2025;08:40:00;2,5; m/s
13-11-2025;08:50:00;2,3; m/s
13-11-2025;09:00:00;2,7; m/s
13-11-2025;09:10:00;2,9; m/s
13-11-2025;09:20:00;2,7; m/s
13-11-2025;09:30:00;2,4; m/s
13-11-2025;09:40:00;2,6; m/s
13-11-2025;09:50:00;2,6; m/s
13-11-2025;10:00:00;2,6; m/s
13-11-2025;10:10:00;2,3; m/s
13-11-2025;10:20:00;2,1; m/s
13-11-2025;10:30:00;2,3; m/s
13-11-2025;10:40:00;2,3; m/s
13-11-2025;10:50:00;2,7; m/s
13-11-2025;11:00:00;2,4; m/s
13-11-2025;11:10:00;2,2; m/s
13-11-2025;11:20:00;2,2; m/s
13-11-2025;11:30:00;1,9; m/s
13-11-2025;11:40:00;1,8; m/s
13-11-2025;11:50:00;1,7; m/s
13-11-2025;12:00:00;1,5; m/s
13-11-2025;12:10:00;1,6; m/s
13-11-2025;12:20:00;1,6; m/s
13-11-2025;12:30:00;1,9; m/s
13-11-2025;12:40:00;1,9; m/s
13-11-2025;12:50:00;2; m/s
13-11-2025;13:00:00;1,7; m/s
13-11-2025;13:10:00;1,8; m/s
13-11-2025;13:20:00;1,9; m/s
13-11-2025;13:30:00;1,5; m/s
13-11-2025;13:40:00;1,9; m/s
13-11-2025;13:50:00;1,6; m/s
13-11-2025;14:00:00;1,8; m/s
13-11-2025;14:10:00;2; m/s
13-11-2025;14:20:00;2,1; m/s
13-11-2025;14:30:00;2,1; m/s
13-11-2025;14:40:00;2,2; m/s
13-11-2025;14:50:00;1,9; m/s
13-11-2025;15:00:00;1,7; m/s
13-11-2025;15:10:00;1,8; m/s
13-11-2025;15:20:00;1,8; m/s
13-11-2025;15:30:00;1,8; m/s
13-11-2025;15:40:00;1,7; m/s
13-11-2025;15:50:00;1,7; m/s
13-11-2025;16:00:00;1,5; m/s
13-11-2025;16:10:00;1,4; m/s
13-11-2025;16:20:00;1,6; m/s
13-11-2025;16:30:00;1,2; m/s
13-11-2025;16:40:00;1,3; m/s
13-11-2025;16:50:00;1,8; m/s
13-11-2025;17:00:00;2; m/s
13-11-2025;17:10:00;1,2; m/s
13-11-2025;17:20:00;1,3; m/s
13-11-2025;17:30:00;1,4; m/s
13-11-2025;17:40:00;1,1; m/s
13-11-2025;17:50:00;1; m/s
13-11-2025;18:00:00;1,2; m/s
13-11-2025;18:10:00;1,8; m/s
13-11-2025;18:20:00;2,2; m/s
13-11-2025;18:30:00;1,7; m/s
13-11-2025;18:40:00;1,4; m/s
13-11-2025;18:50:00;1,6; m/s
13-11-2025;19:00:00;1,9; m/s
13-11-2025;19:10:00;1,5; m/s
13-11-2025;19:20:00;1,4; m/s
13-11-2025;19:30:00;1,9; m/s
13-11-2025;19:40:00;2,2; m/s
13-11-2025;19:50:00;3; m/s
13-11-2025;20:00:00;3; m/s
13-11-2025;20:10:00;3; m/s
13-11-2025;20:20:00;2,8; m/s
13-11-2025;20:30:00;2,8; m/s
13-11-2025;20:40:00;2,6; m/s
13-11-2025;20:50:00;2,3; m/s
13-11-2025;21:00:00;2; m/s
13-11-2025;21:10:00;1,8; m/s
13-11-2025;21:20:00;1,6; m/s
13-11-2025;21:30:00;1,7; m/s
13-11-2025;21:40:00;1,5; m/s
13-11-2025;21:50:00;1,9; m/s
13-11-2025;22:00:00;1,8; m/s
13-11-2025;22:10:00;2,1; m/s
13-11-2025;22:20:00;2,5; m/s
13-11-2025;22:30:00;2; m/s
13-11-2025;22:40:00;2,1; m/s
13-11-2025;22:50:00;2,2; m/s
13-11-2025;23:00:00;2; m/s
13-11-2025;23:10:00;2,4; m/s
13-11-2025;23:20:00;2,6; m/s
13-11-2025;23:30:00;3,2; m/s
13-11-2025;23:40:00;3,2; m/s
13-11-2025;23:50:00;3,2; m/s
14-11-2025;00:00:00;3,3; m/s
14-11-2025;00:10:00;3,1; m/s
14-11-2025;00:20:00;3,1; m/s
14-11-2025;00:30:00;3,3; m/s
14-11-2025;00:40:00;3; m/s
14-11-2025;00:50:00;2,9; m/s
14-11-2025;01:00:00;3; m/s
14-11-2025;01:10:00;3,1; m/s
14-11-2025;01:20:00;3,3; m/s
14-11-2025;01:30:00;3; m/s
14-11-2025;01:40:00;2,7; m/s
14-11-2025;01:50:00;2,8; m/s
14-11-2025;02:00:00;2,6; m/s
14-11-2025;02:10:00;2,3; m/s
14-11-2025;02:20:00;2,3; m/s
14-11-2025;02:30:00;1,7; m/s
14-11-2025;02:40:00;2,1; m/s
14-11-2025;02:50:00;2,1; m/s
14-11-2025;03:00:00;2,3; m/s
14-11-2025;03:10:00;2,6; m/s
14-11-2025;03:20:00;2,8; m/s
14-11-2025;03:30:00;3,2; m/s
14-11-2025;03:40:00;2,7; m/s
14-11-2025;03:50:00;2,9; m/s
14-11-2025;04:00:00;3,2; m/s
14-11-2025;04:10:00;3,2; m/s
14-11-2025;04:20:00;3,5; m/s
14-11-2025;04:30:00;3; m/s
14-11-2025;04:40:00;3,6; m/s
14-11-2025;04:50:00;3,2; m/s
14-11-2025;05:00:00;3,2; m/s
14-11-2025;05:10:00;3,5; m/s
14-11-2025;05:20:00;3,5; m/s
14-11-2025;05:30:00;2,9; m/s
14-11-2025;05:40:00;2; m/s
14-11-2025;05:50:00;3,3; m/s
14-11-2025;06:00:00;3,1; m/s
14-11-2025;06:10:00;2,8; m/s
14-11-2025;06:20:00;2,6; m/s
14-11-2025;06:30:00;2,6; m/s
14-11-2025;06:40:00;2,6; m/s
14-11-2025;06:50:00;2,6; m/s
14-11-2025;07:00:00;2,6; m/s
14-11-2025;07:10:00;3,1; m/s
14-11-2025;07:20:00;2,7; m/s
14-11-2025;07:30:00;2,8; m/s
14-11-2025;07:40:00;3; m/s
14-11-2025;07:50:00;3; m/s
14-11-2025;08:00:00;2,4; m/s
14-11-2025;08:10:00;2,2; m/s
14-11-2025;08:20:00;2,7; m/s
14-11-2025;08:30:00;3; m/s
14-11-2025;08:40:00;2,4; m/s
14-11-2025;08:50:00;2,6; m/s
14-11-2025;09:00:00;2,1; m/s
14-11-2025;09:10:00;2,4; m/s
14-11-2025;09:20:00;2,6; m/s
14-11-2025;09:30:00;2,3; m/s
14-11-2025;09:40:00;2,5; m/s
14-11-2025;09:50:00;2,3; m/s
14-11-2025;10:00:00;2,3; m/s
14-11-2025;10:10:00;2,6; m/s
14-11-2025;10:20:00;2,5; m/s
14-11-2025;10:30:00;2,4; m/s
14-11-2025;10:40:00;2,6; m/s
14-11-2025;10:50:00;2,7; m/s
14-11-2025;11:00:00;2,6; m/s
14-11-2025;11:10:00;2,6; m/s
14-11-2025;11:20:00;2,3; m/s
14-11-2025;11:30:00;2,1; m/s
14-11-2025;11:40:00;2,1; m/s
14-11-2025;11:50:00;1,8; m/s
14-11-2025;12:00:00;1,6; m/s
14-11-2025;12:10:00;1,6; m/s
14-11-2025;12:20:00;1,7; m/s
14-11-2025;12:30:00;1,8; m/s
14-11-2025;12:40:00;1,9; m/s
14-11-2025;12:50:00;1,9; m/s
14-11-2025;13:00:00;1,7; m/s
14-11-2025;13:10:00;1,9; m/s
14-11-2025;13:20:00;1,7; m/s
14-11-2025;13:30:00;1,7; m/s
14-11-2025;13:40:00;1,9; m/s
14-11-2025;13:50:00;1,8; m/s
14-11-2025;14:00:00;1,7; m/s
14-11-2025;14:10:00;1,8; m/s
14-11-2025;14:20:00;1,8; m/s
14-11-2025;14:30:00;1,8; m/s
14-11-2025;14:40:00;2,2; m/s
14-11-2025;14:50:00;2,2; m/s
14-11-2025;15:00:00;1,7; m/s
14-11-2025;15:10:00;1,5; m/s
14-11-2025;15:20:00;1,4; m/s
14-11-2025;15:30:00;1,7; m/s
14-11-2025;15:40:00;1,6; m/s
14-11-2025;15:50:00;1,5; m/s
14-11-2025;16:00:00;1,2; m/s
14-11-2025;16:10:00;1,5; m/s
14-11-2025;16:20:00;1,3; m/s
14-11-2025;16:30:00;1,4; m/s
14-11-2025;16:40:00;1,5; m/s
14-11-2025;16:50:00;2,2; m/s
14-11-2025;17:00:00;1,9; m/s
14-11-2025;17:10:00;1,9; m/s
14-11-2025;17:20:00;2,1; m/s
14-11-2025;17:30:00;1,9; m/s
14-11-2025;17:40:00;2,2; m/s
14-11-2025;17:50:00;1,9; m/s
14-11-2025;18:00:00;2,1; m/s
14-11-2025;18:10:00;1,2; m/s
14-11-2025;18:20:00;1; m/s
14-11-2025;18:30:00;0,9; m/s
14-11-2025;18:40:00;0,6; m/s
14-11-2025;18:50:00;1,3; m/s
14-11-2025;19:00:00;1,5; m/s
14-11-2025;19:10:00;2,1; m/s
14-11-2025;19:20:00;1,7; m/s
14-11-2025;19:30:00;1,4; m/s
14-11-2025;19:40:00;1,5; m/s
14-11-2025;19:50:00;1,3; m/s
14-11-2025;20:00:00;2,5; m/s
14-11-2025;20:10:00;2,8; m/s
14-11-2025;20:20:00;2,6; m/s
14-11-2025;20:30:00;2,9; m/s
14-11-2025;20:40:00;2,3; m/s
14-11-2025;20:50:00;2,5; m/s
14-11-2025;21:00:00;2,2; m/s
14-11-2025;21:10:00;2,6; m/s
14-11-2025;21:20:00;2,6; m/s
14-11-2025;21:30:00;3; m/s
14-11-2025;21:40:00;2,6; m/s
14-11-2025;21:50:00;2,9; m/s
14-11-2025;22:00:00;3,1; m/s
14-11-2025;22:10:00;3,7; m/s
14-11-2025;22:20:00;3,1; m/s
14-11-2025;22:30:00;2,6; m/s
14-11-2025;22:40:00;2,7; m/s
14-11-2025;22:50:00;1,9; m/s
14-11-2025;23:00:00;2,7; m/s
14-11-2025;23:10:00;2,3; m/s
14-11-2025;23:20:00;2,6; m/s
14-11-2025;23:30:00;2,7; m/s
14-11-2025;23:40:00;2,5; m/s
14-11-2025;23:50:00;1,8; m/s
15-11-2025;00:00:00;1; m/s
15-11-2025;00:10:00;0,3; m/s
15-11-2025;00:20:00;0,3; m/s
15-11-2025;00:30:00;1; m/s
15-11-2025;00:40:00;1,3; m/s
15-11-2025;00:50:00;1,5; m/s
15-11-2025;01:00:00;1,9; m/s
15-11-2025;01:10:00;1,8; m/s
15-11-2025;01:20:00;2,4; m/s
15-11-2025;01:30:00;2,6; m/s
15-11-2025;01:40:00;2,4; m/s
15-11-2025;01:50:00;2,4; m/s
15-11-2025;02:00:00;2,5; m/s
15-11-2025;02:10:00;2,8; m/s
15-11-2025;02:20:00;3,4; m/s
15-11-2025;02:30:00;3,3; m/s
15-11-2025;02:40:00;2; m/s
15-11-2025;02:50:00;1,1; m/s
15-11-2025;03:00:00;0,2; m/s
15-11-2025;03:10:00;0; m/s
15-11-2025;03:20:00;0,8; m/s
15-11-2025;03:30:00;1,1; m/s
15-11-2025;03:40:00;0,8; m/s
15-11-2025;03:50:00;0,5; m/s
15-11-2025;04:00:00;0,3; m/s
15-11-2025;04:10:00;2; m/s
15-11-2025;04:20:00;2,2; m/s
15-11-2025;04:30:00;1,5; m/s
15-11-2025;04:40:00;1,2; m/s
15-11-2025;04:50:00;1,7; m/s
15-11-2025;05:00:00;2; m/s
15-11-2025;05:10:00;1,8; m/s
15-11-2025;05:20:00;1,4; m/s
15-11-2025;05:30:00;1,1; m/s
15-11-2025;05:40:00;0,9; m/s
15-11-2025;05:50:00;0; m/s
15-11-2025;06:00:00;0,5; m/s
15-11-2025;06:10:00;1; m/s
15-11-2025;06:20:00;1,5; m/s
15-11-2025;06:30:00;1,5; m/s
15-11-2025;06:40:00;0,7; m/s
15-11-2025;06:50:00;0,8; m/s
15-11-2025;07:00:00;1,3; m/s
15-11-2025;07:10:00;1,7; m/s
15-11-2025;07:20:00;1,7; m/s
15-11-2025;07:30:00;1; m/s
15-11-2025;07:40:00;0,1; m/s
15-11-2025;07:50:00;0; m/s
15-11-2025;08:00:00;0,6; m/s
15-11-2025;08:10:00;0,8; m/s
15-11-2025;08:20:00;1,1; m/s
15-11-2025;08:30:00;1,4; m/s
15-11-2025;08:40:00;1,5; m/s
15-11-2025;08:50:00;1,8; m/s
15-11-2025;09:00:00;2,4; m/s
15-11-2025;09:10:00;1,8; m/s
15-11-2025;09:20:00;1,7; m/s
15-11-2025;09:30:00;1,3; m/s
15-11-2025;09:40:00;1,1; m/s
15-11-2025;09:50:00;1,4; m/s
15-11-2025;10:00:00;1,4; m/s
15-11-2025;10:10:00;1,8; m/s
15-11-2025;10:20:00;2,3; m/s
15-11-2025;10:30:00;3,3; m/s
15-11-2025;10:40:00;2,5; m/s
15-11-2025;10:50:00;2; m/s
15-11-2025;11:00:00;2,5; m/s
15-11-2025;11:10:00;2,5; m/s
15-11-2025;11:20:00;2,6; m/s
15-11-2025;11:30:00;2,1; m/s
15-11-2025;11:40:00;2; m/s
15-11-2025;11:50:00;2,5; m/s
15-11-2025;12:00:00;2,3; m/s
15-11-2025;12:10:00;2; m/s
15-11-2025;12:20:00;1,9; m/s
15-11-2025;12:30:00;2; m/s
15-11-2025;12:40:00;1,8; m/s
15-11-2025;12:50:00;1,9; m/s
15-11-2025;13:00:00;1,9; m/s
15-11-2025;13:10:00;1,9; m/s
15-11-2025;13:20:00;1,7; m/s
15-11-2025;13:30:00;1,5; m/s
15-11-2025;13:40:00;1,6; m/s
15-11-2025;13:50:00;1,3; m/s
15-11-2025;14:00:00;1,5; m/s
15-11-2025;14:10:00;1,3; m/s
15-11-2025;14:20:00;1,5; m/s
15-11-2025;14:30:00;1,4; m/s
15-11-2025;14:40:00;1,4; m/s
15-11-2025;14:50:00;1,4; m/s
15-11-2025;15:00:00;1,3; m/s
15-11-2025;15:10:00;1,6; m/s
15-11-2025;15:20:00;1,4; m/s
15-11-2025;15:30:00;1,3; m/s
15-11-2025;15:40:00;1,3; m/s
15-11-2025;15:50:00;1,3; m/s
15-11-2025;16:00:00;1,3; m/s
15-11-2025;16:10:00;1,2; m/s
15-11-2025;16:20:00;1,1; m/s
15-11-2025;16:30:00;0,8; m/s
15-11-2025;16:40:00;1,1; m/s
15-11-2025;16:50:00;1,6; m/s
15-11-2025;17:00:00;2,3; m/s
15-11-2025;17:10:00;1,7; m/s
15-11-2025;17:20:00;1,3; m/s
15-11-2025;17:30:00;1,6; m/s
15-11-2025;17:40:00;1,7; m/s
15-11-2025;17:50:00;1,4; m/s
15-11-2025;18:00:00;1,2; m/s
15-11-2025;18:10:00;1,3; m/s
15-11-2025;18:20:00;1,5; m/s
15-11-2025;18:30:00;1,7; m/s
15-11-2025;18:40:00;1,2; m/s
15-11-2025;18:50:00;1,6; m/s
15-11-2025;19:00:00;2,2; m/s
15-11-2025;19:10:00;1,7; m/s
15-11-2025;19:20:00;2,1; m/s
15-11-2025;19:30:00;1,5; m/s
15-11-2025;19:40:00;1,1; m/s
15-11-2025;19:50:00;1,1; m/s
15-11-2025;20:00:00;0,6; m/s
15-11-2025;20:10:00;0,5; m/s
15-11-2025;20:20:00;0,6; m/s
15-11-2025;20:30:00;0,7; m/s
15-11-2025;20:40:00;0,7; m/s
15-11-2025;20:50:00;1,4; m/s
15-11-2025;21:00:00;1,7; m/s
15-11-2025;21:10:00;1,8; m/s
15-11-2025;21:20:00;1,7; m/s
15-11-2025;21:30:00;1,5; m/s
15-11-2025;21:40:00;1,2; m/s
15-11-2025;21:50:00;1,3; m/s
15-11-2025;22:00:00;1,3; m/s
15-11-2025;22:10:00;2; m/s
15-11-2025;22:20:00;2,2; m/s
15-11-2025;22:30:00;1,8; m/s
15-11-2025;22:40:00;1,9; m/s
15-11-2025;22:50:00;1,7; m/s
15-11-2025;23:00:00;1,7; m/s
15-11-2025;23:10:00;1,7; m/s
15-11-2025;23:20:00;1,9; m/s
15-11-2025;23:30:00;2,2; m/s
15-11-2025;23:40:00;2,3; m/s
15-11-2025;23:50:00;2,5; m/s
16-11-2025;00:00:00;2,3; m/s
16-11-2025;00:10:00;2,1; m/s
16-11-2025;00:20:00;2,1; m/s
16-11-2025;00:30:00;2,3; m/s
16-11-2025;00:40:00;2; m/s
16-11-2025;00:50:00;2; m/s
16-11-2025;01:00:00;2,8; m/s
16-11-2025;01:10:00;3,1; m/s
16-11-2025;01:20:00;2,7; m/s
16-11-2025;01:30:00;2,5; m/s
16-11-2025;01:40:00;2,8; m/s
16-11-2025;01:50:00;2,6; m/s
16-11-2025;02:00:00;2,1; m/s
16-11-2025;02:10:00;2,1; m/s
16-11-2025;02:20:00;2,3; m/s
16-11-2025;02:30:00;1,7; m/s
16-11-2025;02:40:00;1,1; m/s
16-11-2025;02:50:00;1,2; m/s
16-11-2025;03:00:00;0,9; m/s
16-11-2025;03:10:00;0,1; m/s
16-11-2025;03:20:00;0,6; m/s
16-11-2025;03:30:00;0,7; m/s
16-11-2025;03:40:00;0,3; m/s
16-11-2025;03:50:00;0,3; m/s
16-11-2025;04:00:00;1,1; m/s
16-11-2025;04:10:00;1,2; m/s
16-11-2025;04:20:00;1,5; m/s
16-11-2025;04:30:00;1,4; m/s
16-11-2025;04:40:00;1,3; m/s
16-11-2025;04:50:00;1,7; m/s
16-11-2025;05:00:00;1,3; m/s
16-11-2025;05:10:00;0,9; m/s
16-11-2025;05:20:00;1; m/s
16-11-2025;05:30:00;1,4; m/s
16-11-2025;05:40:00;1,2; m/s
16-11-2025;05:50:00;1,4; m/s
16-11-2025;06:00:00;1,8; m/s
16-11-2025;06:10:00;1,9; m/s
16-11-2025;06:20:00;2,1; m/s
16-11-2025;06:30:00;2,8; m/s
16-11-2025;06:40:00;2,9; m/s
16-11-2025;06:50:00;2,9; m/s
16-11-2025;07:00:00;2,9; m/s
16-11-2025;07:10:00;2,9; m/s
16-11-2025;07:20:00;3,3; m/s
16-11-2025;07:30:00;2,9; m/s
16-11-2025;07:40:00;2,9; m/s
16-11-2025;07:50:00;3,2; m/s
16-11-2025;08:00:00;2,7; m/s
16-11-2025;08:10:00;2,6; m/s
16-11-2025;08:20:00;3,4; m/s
16-11-2025;08:30:00;3,8; m/s
16-11-2025;08:40:00;1,8; m/s
16-11-2025;08:50:00;3,3; m/s
16-11-2025;09:00:00;3,1; m/s
16-11-2025;09:10:00;3; m/s
16-11-2025;09:20:00;3; m/s
16-11-2025;09:30:00;3,1; m/s
16-11-2025;09:40:00;3,2; m/s
16-11-2025;09:50:00;2,9; m/s
16-11-2025;10:00:00;3; m/s
16-11-2025;10:10:00;2,4; m/s
16-11-2025;10:20:00;2,6; m/s
16-11-2025;10:30:00;2,8; m/s
16-11-2025;10:40:00;2,7; m/s
16-11-2025;10:50:00;3,2; m/s
16-11-2025;11:00:00;3,1; m/s
16-11-2025;11:10:00;3,1; m/s
16-11-2025;11:20:00;1,7; m/s
16-11-2025;11:30:00;2,8; m/s
16-11-2025;11:40:00;2,5; m/s
16-11-2025;11:50:00;3,1; m/s
16-11-2025;12:00:00;2,1; m/s
16-11-2025;12:10:00;2,2; m/s
16-11-2025;12:20:00;1,7; m/s
16-11-2025;12:30:00;1,6; m/s
16-11-2025;12:40:00;1,5; m/s
16-11-2025;12:50:00;1,3; m/s
16-11-2025;13:00:00;0,9; m/s
16-11-2025;13:10:00;0,9; m/s
16-11-2025;13:20:00;1,1; m/s
16-11-2025;13:30:00;0,8; m/s
16-11-2025;13:40:00;1; m/s
16-11-2025;13:50:00;0,7; m/s
16-11-2025;14:00:00;1; m/s
16-11-2025;14:10:00;2,1; m/s
16-11-2025;14:20:00;2,6; m/s
16-11-2025;14:30:00;2,2; m/s
16-11-2025;14:40:00;0,8; m/s
16-11-2025;14:50:00;1,1; m/s
16-11-2025;15:00:00;0,8; m/s
16-11-2025;15:10:00;0,4; m/s
16-11-2025;15:20:00;0,6; m/s
16-11-2025;15:30:00;0,3; m/s
16-11-2025;15:40:00;1,2; m/s
16-11-2025;15:50:00;1,6; m/s
16-11-2025;16:00:00;2; m/s
16-11-2025;16:10:00;1,4; m/s
16-11-2025;16:20:00;1,5; m/s
16-11-2025;16:30:00;1,6; m/s
16-11-2025;16:40:00;2,1; m/s
16-11-2025;16:50:00;1,1; m/s
16-11-2025;17:00:00;1,2; m/s
16-11-2025;17:10:00;0,5; m/s
16-11-2025;17:20:00;0; m/s
16-11-2025;17:30:00;0,6; m/s
16-11-2025;17:40:00;0,2; m/s
16-11-2025;17:50:00;0,6; m/s
16-11-2025;18:00:00;1,4; m/s
16-11-2025;18:10:00;0,8; m/s
16-11-2025;18:20:00;0,8; m/s
16-11-2025;18:30:00;1,2; m/s
16-11-2025;18:40:00;1,1; m/s
16-11-2025;18:50:00;1; m/s
16-11-2025;19:00:00;1,4; m/s
16-11-2025;19:10:00;1; m/s
16-11-2025;19:20:00;0,7; m/s
16-11-2025;19:30:00;0,5; m/s
16-11-2025;19:40:00;0,4; m/s
16-11-2025;19:50:00;0,8; m/s
16-11-2025;20:00:00;0,8; m/s
16-11-2025;20:10:00;1,1; m/s
16-11-2025;20:20:00;0,6; m/s
16-11-2025;20:30:00;0,4; m/s
16-11-2025;20:40:00;0,5; m/s
16-11-2025;20:50:00;1,3; m/s
16-11-2025;21:00:00;1,8; m/s
16-11-2025;21:10:00;2,7; m/s
16-11-2025;21:20:00;3,1; m/s
16-11-2025;21:30:00;2,3; m/s
16-11-2025;21:40:00;3,6; m/s
16-11-2025;21:50:00;3,8; m/s
16-11-2025;22:00:00;3,6; m/s
16-11-2025;22:10:00;3,1; m/s
16-11-2025;22:20:00;3,8; m/s
16-11-2025;22:30:00;3,3; m/s
16-11-2025;22:40:00;3,2; m/s
16-11-2025;22:50:00;3; m/s
16-11-2025;23:00:00;3,3; m/s
16-11-2025;23:10:00;3,1; m/s
16-11-2025;23:20:00;2,8; m/s
16-11-2025;23:30:00;2,4; m/s
16-11-2025;23:40:00;2,2; m/s
16-11-2025;23:50:00;2,7; m/s
17-11-2025;00:00:00;2,7; m/s
17-11-2025;00:10:00;2,6; m/s
17-11-2025;00:20:00;2,4; m/s
17-11-2025;00:30:00;2,2; m/s
17-11-2025;00:40:00;2,5; m/s
17-11-2025;00:50:00;2,6; m/s
17-11-2025;01:00:00;2,7; m/s
17-11-2025;01:10:00;2,2; m/s
17-11-2025;01:20:00;2,7; m/s
17-11-2025;01:30:00;2,6; m/s
17-11-2025;01:40:00;2,9; m/s
17-11-2025;01:50:00;2,5; m/s
17-11-2025;02:00:00;2,2; m/s
17-11-2025;02:10:00;2,6; m/s
17-11-2025;02:20:00;2,5; m/s
17-11-2025;02:30:00;2,6; m/s
17-11-2025;02:40:00;2,5; m/s
17-11-2025;02:50:00;2,2; m/s
17-11-2025;03:00:00;2,4; m/s
17-11-2025;03:10:00;2,3; m/s
17-11-2025;03:20:00;2,4; m/s
17-11-2025;03:30:00;2,3; m/s
17-11-2025;03:40:00;2,2; m/s
17-11-2025;03:50:00;2,5; m/s
17-11-2025;04:00:00;1,9; m/s
17-11-2025;04:10:00;3; m/s
17-11-2025;04:20:00;3,3; m/s
17-11-2025;04:30:00;3; m/s
17-11-2025;04:40:00;3,4; m/s
17-11-2025;04:50:00;3,2; m/s
17-11-2025;05:00:00;3,1; m/s
17-11-2025;05:10:00;3,4; m/s
17-11-2025;05:20:00;2,4; m/s
17-11-2025;05:30:00;2,7; m/s
17-11-2025;05:40:00;3,1; m/s
17-11-2025;05:50:00;2,9; m/s
17-11-2025;06:00:00;2,6; m/s
17-11-2025;06:10:00;2,5; m/s
17-11-2025;06:20:00;2,2; m/s
17-11-2025;06:30:00;2; m/s
17-11-2025;06:40:00;2,3; m/s
17-11-2025;06:50:00;3,3; m/s
17-11-2025;07:00:00;2,7; m/s
17-11-2025;07:10:00;2,9; m/s
17-11-2025;07:20:00;2,7; m/s
17-11-2025;07:30:00;2,9; m/s
17-11-2025;07:40:00;3,6; m/s
17-11-2025;07:50:00;3,7; m/s
17-11-2025;08:00:00;3,3; m/s
17-11-2025;08:10:00;3,1; m/s
17-11-2025;08:20:00;3,1; m/s
17-11-2025;08:30:00;3,6; m/s
17-11-2025;08:40:00;3,3; m/s
17-11-2025;08:50:00;3,4; m/s
17-11-2025;09:00:00;3,1; m/s
17-11-2025;09:10:00;2,7; m/s
17-11-2025;09:20:00;2,9; m/s
17-11-2025;09:30:00;3; m/s
17-11-2025;09:40:00;2,5; m/s
17-11-2025;09:50:00;3,3; m/s
17-11-2025;10:00:00;3,2; m/s
17-11-2025;10:10:00;3,2; m/s
17-11-2025;10:20:00;3,5; m/s
17-11-2025;10:30:00;4,3; m/s
17-11-2025;10:40:00;5,5; m/s
17-11-2025;10:50:00;6,4; m/s
17-11-2025;11:00:00;7,4; m/s
17-11-2025;11:10:00;8; m/s
17-11-2025;11:20:00;8,4; m/s
17-11-2025;11:30:00;8,5; m/s
17-11-2025;11:40:00;8,7; m/s
17-11-2025;11:50:00;8; m/s
17-11-2025;12:00:00;9,3; m/s
17-11-2025;12:10:00;8,6; m/s
17-11-2025;12:20:00;9,3; m/s
17-11-2025;12:30:00;8,4; m/s
17-11-2025;12:40:00;8; m/s
17-11-2025;12:50:00;7,8; m/s
17-11-2025;13:00:00;7,1; m/s
17-11-2025;13:10:00;7; m/s
17-11-2025;13:20:00;6,3; m/s
17-11-2025;13:30:00;6,9; m/s
17-11-2025;13:40:00;7,2; m/s
17-11-2025;13:50:00;6,4; m/s
17-11-2025;14:00:00;6,6; m/s
17-11-2025;14:10:00;7,5; m/s
17-11-2025;14:20:00;7,2; m/s
17-11-2025;14:30:00;7,5; m/s
17-11-2025;14:40:00;7,3; m/s
17-11-2025;14:50:00;7; m/s
17-11-2025;15:00:00;6,5; m/s
17-11-2025;15:10:00;6,9; m/s
17-11-2025;15:20:00;6,3; m/s
17-11-2025;15:30:00;6,3; m/s
17-11-2025;15:40:00;6,6; m/s
17-11-2025;15:50:00;6,9; m/s
17-11-2025;16:00:00;6,9; m/s
17-11-2025;16:10:00;6,9; m/s
17-11-2025;16:20:00;6,2; m/s
17-11-2025;16:30:00;6; m/s
17-11-2025;16:40:00;5,8; m/s
17-11-2025;16:50:00;4,8; m/s
17-11-2025;17:00:00;4,6; m/s
17-11-2025;17:10:00;4,7; m/s
17-11-2025;17:20:00;3,9; m/s
17-11-2025;17:30:00;4; m/s
17-11-2025;17:40:00;3,6; m/s
17-11-2025;17:50:00;4,6; m/s
17-11-2025;18:00:00;4; m/s
17-11-2025;18:10:00;3,3; m/s
17-11-2025;18:20:00;4,5; m/s
17-11-2025;18:30:00;4,7; m/s
17-11-2025;18:40:00;5,1; m/s
17-11-2025;18:50:00;6,9; m/s
17-11-2025;19:00:00;7; m/s
17-11-2025;19:10:00;7,3; m/s
17-11-2025;19:20:00;7,1; m/s
17-11-2025;19:30:00;6,1; m/s
17-11-2025;19:40:00;5,7; m/s
17-11-2025;19:50:00;5,2; m/s
17-11-2025;20:00:00;5,2; m/s
17-11-2025;20:10:00;5,6; m/s
17-11-2025;20:20:00;5,3; m/s
17-11-2025;20:30:00;5,2; m/s
17-11-2025;20:40:00;5,2; m/s
17-11-2025;20:50:00;4,2; m/s
17-11-2025;21:00:00;5,1; m/s
17-11-2025;21:10:00;5,9; m/s
17-11-2025;21:20:00;6,1; m/s
17-11-2025;21:30:00;4,5; m/s
17-11-2025;21:40:00;3,7; m/s
17-11-2025;21:50:00;3,6; m/s
17-11-2025;22:00:00;3,4; m/s
17-11-2025;22:10:00;4,3; m/s
17-11-2025;22:20:00;4,7; m/s
17-11-2025;22:30:00;3,9; m/s
17-11-2025;22:40:00;3,7; m/s
17-11-2025;22:50:00;4,3; m/s
17-11-2025;23:00:00;3,6; m/s
17-11-2025;23:10:00;3,4; m/s
17-11-2025;23:20:00;4,5; m/s
17-11-2025;23:30:00;4,2; m/s
17-11-2025;23:40:00;4,3; m/s
17-11-2025;23:50:00;3,7; m/s
18-11-2025;00:00:00;3,7; m/s
18-11-2025;00:10:00;3,2; m/s
18-11-2025;00:20:00;2,8; m/s
18-11-2025;00:30:00;3,8; m/s
18-11-2025;00:40:00;3,9; m/s
18-11-2025;00:50:00;1,9; m/s
18-11-2025;01:00:00;1,8; m/s
18-11-2025;01:10:00;1,3; m/s
18-11-2025;01:20:00;1,4; m/s
18-11-2025;01:30:00;1,6; m/s
18-11-2025;01:40:00;1,9; m/s
18-11-2025;01:50:00;1,6; m/s
18-11-2025;02:00:00;1,8; m/s
18-11-2025;02:10:00;1,7; m/s
18-11-2025;02:20:00;1,8; m/s
18-11-2025;02:30:00;1,6; m/s
18-11-2025;02:40:00;1,8; m/s
18-11-2025;02:50:00;2; m/s
18-11-2025;03:00:00;1,9; m/s
18-11-2025;03:10:00;2; m/s
18-11-2025;03:20:00;2,2; m/s
18-11-2025;03:30:00;2,6; m/s
18-11-2025;03:40:00;2,5; m/s
18-11-2025;03:50:00;2,5; m/s
18-11-2025;04:00:00;2,4; m/s
18-11-2025;04:10:00;2,5; m/s
18-11-2025;04:20:00;2,3; m/s
18-11-2025;04:30:00;2,4; m/s
18-11-2025;04:40:00;2,2; m/s
18-11-2025;04:50:00;2,5; m/s
18-11-2025;05:00:00;2,7; m/s
18-11-2025;05:10:00;2,5; m/s
18-11-2025;05:20:00;2,5; m/s
18-11-2025;05:30:00;2,5; m/s
18-11-2025;05:40:00;2,6; m/s
18-11-2025;05:50:00;2,4; m/s
18-11-2025;06:00:00;2,7; m/s
18-11-2025;06:10:00;2,4; m/s
18-11-2025;06:20:00;2,5; m/s
18-11-2025;06:30:00;2,3; m/s
18-11-2025;06:40:00;2,7; m/s
18-11-2025;06:50:00;3,1; m/s
18-11-2025;07:00:00;3,1; m/s
18-11-2025;07:10:00;3,2; m/s
18-11-2025;07:20:00;3,2; m/s
18-11-2025;07:30:00;2,8; m/s
18-11-2025;07:40:00;2,6; m/s
18-11-2025;07:50:00;2,5; m/s
18-11-2025;08:00:00;2,5; m/s
18-11-2025;08:10:00;2,7; m/s
18-11-2025;08:20:00;3; m/s
18-11-2025;08:30:00;2,6; m/s
18-11-2025;08:40:00;2,7; m/s
18-11-2025;08:50:00;2,7; m/s
18-11-2025;09:00:00;3,2; m/s
18-11-2025;09:10:00;3,3; m/s
18-11-2025;09:20:00;3,2; m/s
18-11-2025;09:30:00;3,5; m/s
18-11-2025;09:40:00;3,4; m/s
18-11-2025;09:50:00;3,5; m/s
18-11-2025;10:00:00;3,4; m/s
18-11-2025;10:10:00;3,2; m/s
18-11-2025;10:20:00;3,2; m/s
18-11-2025;10:30:00;2,8; m/s
18-11-2025;10:40:00;3,1; m/s
18-11-2025;10:50:00;3,4; m/s
18-11-2025;11:00:00;2,1; m/s
18-11-2025;11:10:00;1,9; m/s
18-11-2025;11:20:00;1,8; m/s
18-11-2025;11:30:00;2,2; m/s
18-11-2025;11:40:00;2,1; m/s
18-11-2025;11:50:00;2,6; m/s
18-11-2025;12:00:00;2,5; m/s
18-11-2025;12:10:00;1,4; m/s
18-11-2025;12:20:00;1,8; m/s
18-11-2025;12:30:00;1,5; m/s
18-11-2025;12:40:00;1,6; m/s
18-11-2025;12:50:00;2,1; m/s
18-11-2025;13:00:00;1,8; m/s
18-11-2025;13:10:00;2,2; m/s
18-11-2025;13:20:00;2; m/s
18-11-2025;13:30:00;1,9; m/s
18-11-2025;13:40:00;1,8; m/s
18-11-2025;13:50:00;2,4; m/s
18-11-2025;14:00:00;3,6; m/s
18-11-2025;14:10:00;2,7; m/s
18-11-2025;14:20:00;2,3; m/s
18-11-2025;14:30:00;1,8; m/s
18-11-2025;14:40:00;1,9; m/s
18-11-2025;14:50:00;2,4; m/s
18-11-2025;15:00:00;3,1; m/s
18-11-2025;15:10:00;2,7; m/s
18-11-2025;15:20:00;1,2; m/s
18-11-2025;15:30:00;1,8; m/s
18-11-2025;15:40:00;2,3; m/s
18-11-2025;15:50:00;2,2; m/s
18-11-2025;16:00:00;1; m/s
18-11-2025;16:10:00;1,7; m/s
18-11-2025;16:20:00;2,5; m/s
18-11-2025;16:30:00;2,1; m/s
18-11-2025;16:40:00;2,5; m/s
18-11-2025;16:50:00;2,3; m/s
18-11-2025;17:00:00;2,8; m/s
18-11-2025;17:10:00;2,3; m/s
18-11-2025;17:20:00;2,2; m/s
18-11-2025;17:30:00;2,4; m/s
18-11-2025;17:40:00;2; m/s
18-11-2025;17:50:00;1,4; m/s
18-11-2025;18:00:00;1,5; m/s
18-11-2025;18:10:00;3,1; m/s
18-11-2025;18:20:00;2,4; m/s
18-11-2025;18:30:00;2,4; m/s
18-11-2025;18:40:00;2,1; m/s
18-11-2025;18:50:00;2,9; m/s
18-11-2025;19:00:00;4,1; m/s
18-11-2025;19:10:00;2,8; m/s
18-11-2025;19:20:00;4; m/s
18-11-2025;19:30:00;5,1; m/s
18-11-2025;19:40:00;4,7; m/s
18-11-2025;19:50:00;5,1; m/s
18-11-2025;20:00:00;6,3; m/s
18-11-2025;20:10:00;2,7; m/s
18-11-2025;20:20:00;4,2; m/s
18-11-2025;20:30:00;5,7; m/s
18-11-2025;20:40:00;4,7; m/s
18-11-2025;20:50:00;5,2; m/s
18-11-2025;21:00:00;2,9; m/s
18-11-2025;21:10:00;2,8; m/s
18-11-2025;21:20:00;2,9; m/s
18-11-2025;21:30:00;2,8; m/s
18-11-2025;21:40:00;3; m/s
18-11-2025;21:50:00;2,7; m/s
18-11-2025;22:00:00;2,8; m/s
18-11-2025;22:10:00;3,3; m/s
18-11-2025;22:20:00;2,1; m/s
18-11-2025;22:30:00;2,1; m/s
18-11-2025;22:40:00;3; m/s
18-11-2025;22:50:00;2,6; m/s
18-11-2025;23:00:00;3,6; m/s
18-11-2025;23:10:00;3,9; m/s
18-11-2025;23:20:00;4,5; m/s
18-11-2025;23:30:00;3,6; m/s
18-11-2025;23:40:00;2,8; m/s
18-11-2025;23:50:00;3,2; m/s
19-11-2025;00:00:00;2,4; m/s
19-11-2025;00:10:00;2,6; m/s
19-11-2025;00:20:00;2,5; m/s
19-11-2025;00:30:00;2; m/s
19-11-2025;00:40:00;1,7; m/s
19-11-2025;00:50:00;1,8; m/s
19-11-2025;01:00:00;2,3; m/s
19-11-2025;01:10:00;3,3; m/s
19-11-2025;01:20:00;2,8; m/s
19-11-2025;01:30:00;2,8; m/s
19-11-2025;01:40:00;2,8; m/s
19-11-2025;01:50:00;2,2; m/s
19-11-2025;02:00:00;2,8; m/s
19-11-2025;02:10:00;3,4; m/s
19-11-2025;02:20:00;2,6; m/s
19-11-2025;02:30:00;3; m/s
19-11-2025;02:40:00;3,6; m/s
19-11-2025;02:50:00;2,5; m/s
19-11-2025;03:00:00;3,8; m/s
19-11-2025;03:10:00;3,7; m/s
19-11-2025;03:20:00;3,3; m/s
19-11-2025;03:30:00;4,5; m/s
19-11-2025;03:40:00;4,6; m/s
19-11-2025;03:50:00;4,9; m/s
19-11-2025;04:00:00;5,8; m/s
19-11-2025;04:10:00;5,8; m/s
19-11-2025;04:20:00;4,4; m/s
19-11-2025;04:30:00;4,6; m/s
19-11-2025;04:40:00;4,6; m/s
19-11-2025;04:50:00;3,5; m/s
19-11-2025;05:00:00;2,9; m/s
19-11-2025;05:10:00;2,8; m/s
19-11-2025;05:20:00;3,8; m/s
19-11-2025;05:30:00;3,1; m/s
19-11-2025;05:40:00;3,1; m/s
19-11-2025;05:50:00;3,3; m/s
19-11-2025;06:00:00;3,2; m/s
19-11-2025;06:10:00;3,2; m/s
19-11-2025;06:20:00;2,9; m/s
19-11-2025;06:30:00;2,7; m/s
19-11-2025;06:40:00;2,7; m/s
19-11-2025;06:50:00;2,9; m/s
19-11-2025;07:00:00;2,5; m/s
19-11-2025;07:10:00;2,2; m/s
19-11-2025;07:20:00;2,2; m/s
19-11-2025;07:30:00;2,9; m/s
19-11-2025;07:40:00;2,5; m/s
19-11-2025;07:50:00;1,9; m/s
19-11-2025;08:00:00;2,3; m/s
19-11-2025;08:10:00;2; m/s
19-11-2025;08:20:00;1,9; m/s
19-11-2025;08:30:00;2; m/s
19-11-2025;08:40:00;1,8; m/s
19-11-2025;08:50:00;0,9; m/s
19-11-2025;09:00:00;1; m/s
19-11-2025;09:10:00;1,5; m/s
19-11-2025;09:20:00;1,8; m/s
19-11-2025;09:30:00;2,6; m/s
19-11-2025;09:40:00;2,9; m/s
19-11-2025;09:50:00;2,3; m/s
19-11-2025;10:00:00;2,1; m/s
19-11-2025;10:10:00;2,5; m/s
19-11-2025;10:20:00;2,5; m/s
19-11-2025;10:30:00;3; m/s
19-11-2025;10:40:00;3; m/s
19-11-2025;10:50:00;2,8; m/s
19-11-2025;11:00:00;3,2; m/s
19-11-2025;11:10:00;3,2; m/s
19-11-2025;11:20:00;3,6; m/s
19-11-2025;11:30:00;3; m/s
19-11-2025;11:40:00;3,4; m/s
19-11-2025;11:50:00;3,2; m/s
19-11-2025;12:00:00;3,2; m/s
19-11-2025;12:10:00;2,7; m/s
19-11-2025;12:20:00;2,4; m/s
19-11-2025;12:30:00;2,4; m/s
19-11-2025;12:40:00;2,8; m/s
19-11-2025;12:50:00;2,4; m/s
19-11-2025;13:00:00;1,9; m/s
19-11-2025;13:10:00;2,2; m/s
19-11-2025;13:20:00;1,8; m/s
19-11-2025;13:30:00;1,8; m/s
19-11-2025;13:40:00;1,7; m/s
19-11-2025;13:50:00;1,4; m/s
19-11-2025;14:00:00;1,7; m/s
19-11-2025;14:10:00;1,9; m/s
19-11-2025;14:20:00;1,9; m/s
19-11-2025;14:30:00;2,5; m/s
19-11-2025;14:40:00;2,1; m/s
19-11-2025;14:50:00;3,1; m/s
19-11-2025;15:00:00;2,9; m/s
19-11-2025;15:10:00;2,4; m/s
19-11-2025;15:20:00;2,6; m/s
19-11-2025;15:30:00;3; m/s
19-11-2025;15:40:00;3,2; m/s
19-11-2025;15:50:00;2,6; m/s
19-11-2025;16:00:00;2,9; m/s
19-11-2025;16:10:00;2,5; m/s
19-11-2025;16:20:00;2,4; m/s
19-11-2025;16:30:00;1,6; m/s
19-11-2025;16:40:00;1,5; m/s
19-11-2025;16:50:00;1,6; m/s
19-11-2025;17:00:00;2,2; m/s
19-11-2025;17:10:00;1,6; m/s
19-11-2025;17:20:00;1,6; m/s
19-11-2025;17:30:00;2,3; m/s
19-11-2025;17:40:00;2,4; m/s
19-11-2025;17:50:00;2,5; m/s
19-11-2025;18:00:00;2,2; m/s
19-11-2025;18:10:00;1,9; m/s
19-11-2025;18:20:00;2,1; m/s
19-11-2025;18:30:00;1,7; m/s
19-11-2025;18:40:00;2; m/s
19-11-2025;18:50:00;2,1; m/s
19-11-2025;19:00:00;1,7; m/s
19-11-2025;19:10:00;2,3; m/s
19-11-2025;19:20:00;2,2; m/s
19-11-2025;19:30:00;2,4; m/s
19-11-2025;19:40:00;2,3; m/s
19-11-2025;19:50:00;1,9; m/s
19-11-2025;20:00:00;2,5; m/s
19-11-2025;20:10:00;2,6; m/s
19-11-2025;20:20:00;3; m/s
19-11-2025;20:30:00;3,3; m/s
19-11-2025;20:40:00;2,7; m/s
19-11-2025;20:50:00;2,4; m/s
19-11-2025;21:00:00;2,5; m/s
19-11-2025;21:10:00;1,8; m/s
19-11-2025;21:20:00;1,4; m/s
19-11-2025;21:30:00;2; m/s
19-11-2025;21:40:00;2,1; m/s
19-11-2025;21:50:00;2,3; m/s
19-11-2025;22:00:00;1,8; m/s
19-11-2025;22:10:00;2,2; m/s
19-11-2025;22:20:00;2,4; m/s
19-11-2025;22:30:00;1,7; m/s
19-11-2025;22:40:00;1,5; m/s
19-11-2025;22:50:00;1,5; m/s
19-11-2025;23:00:00;1,3; m/s
19-11-2025;23:10:00;1,7; m/s
19-11-2025;23:20:00;1,9; m/s
19-11-2025;23:30:00;2,2; m/s
19-11-2025;23:40:00;2,4; m/s
19-11-2025;23:50:00;2,4; m/s
20-11-2025;00:00:00;2,1; m/s
20-11-2025;00:10:00;1,9; m/s
20-11-2025;00:20:00;0,4; m/s
20-11-2025;00:30:00;0; m/s
20-11-2025;00:40:00;0,6; m/s
20-11-2025;00:50:00;0,2; m/s
20-11-2025;01:00:00;0,4; m/s
20-11-2025;01:10:00;1,7; m/s
20-11-2025;01:20:00;2,8; m/s
20-11-2025;01:30:00;3,3; m/s
20-11-2025;01:40:00;2,9; m/s
20-11-2025;01:50:00;2,7; m/s
20-11-2025;02:00:00;3,2; m/s
20-11-2025;02:10:00;3,3; m/s
20-11-2025;02:20:00;3,2; m/s
20-11-2025;02:30:00;2,9; m/s
20-11-2025;02:40:00;3; m/s
20-11-2025;02:50:00;3,2; m/s
20-11-2025;03:00:00;2,2; m/s
20-11-2025;03:10:00;1,5; m/s
20-11-2025;03:20:00;1,3; m/s
20-11-2025;03:30:00;0,6; m/s
20-11-2025;03:40:00;1,2; m/s
20-11-2025;03:50:00;1,6; m/s
20-11-2025;04:00:00;1,6; m/s
20-11-2025;04:10:00;1,7; m/s
20-11-2025;04:20:00;2,4; m/s
20-11-2025;04:30:00;2,3; m/s
20-11-2025;04:40:00;1,7; m/s
20-11-2025;04:50:00;1,7; m/s
20-11-2025;05:00:00;1,6; m/s
20-11-2025;05:10:00;1,8; m/s
20-11-2025;05:20:00;1,9; m/s
20-11-2025;05:30:00;2; m/s
20-11-2025;05:40:00;1,4; m/s
20-11-2025;05:50:00;1,4; m/s
20-11-2025;06:00:00;1,4; m/s
20-11-2025;06:10:00;1,3; m/s
20-11-2025;06:20:00;2,7; m/s
20-11-2025;06:30:00;3,1; m/s
20-11-2025;06:40:00;3,1; m/s
20-11-2025;06:50:00;3,3; m/s
20-11-2025;07:00:00;3,4; m/s
20-11-2025;07:10:00;4,3; m/s
20-11-2025;07:20:00;3,1; m/s
20-11-2025;07:30:00;3,7; m/s
20-11-2025;07:40:00;3,1; m/s
20-11-2025;07:50:00;3,7; m/s
20-11-2025;08:00:00;2,9; m/s
20-11-2025;08:10:00;3,4; m/s
20-11-2025;08:20:00;3; m/s
20-11-2025;08:30:00;3,3; m/s
20-11-2025;08:40:00;3,4; m/s
20-11-2025;08:50:00;2,8; m/s
20-11-2025;09:00:00;3; m/s
20-11-2025;09:10:00;3,3; m/s
20-11-2025;09:20:00;3,6; m/s
20-11-2025;09:30:00;3; m/s
20-11-2025;09:40:00;2,8; m/s
20-11-2025;09:50:00;3,3; m/s
20-11-2025;10:00:00;3,4; m/s
20-11-2025;10:10:00;3,8; m/s
20-11-2025;10:20:00;4,2; m/s
20-11-2025;10:30:00;4,2; m/s
20-11-2025;10:40:00;3,7; m/s
20-11-2025;10:50:00;3,9; m/s
20-11-2025;11:00:00;4,3; m/s
20-11-2025;11:10:00;3,9; m/s
20-11-2025;11:20:00;3,3; m/s
20-11-2025;11:30:00;3,7; m/s
20-11-2025;11:40:00;3,4; m/s
20-11-2025;11:50:00;3,8; m/s
20-11-2025;12:00:00;3,9; m/s
20-11-2025;12:10:00;3,5; m/s
20-11-2025;12:20:00;3,6; m/s
20-11-2025;12:30:00;3,3; m/s
20-11-2025;12:40:00;3,8; m/s
20-11-2025;12:50:00;4,1; m/s
20-11-2025;13:00:00;4; m/s
20-11-2025;13:10:00;4; m/s
20-11-2025;13:20:00;3,9; m/s
20-11-2025;13:30:00;3,8; m/s
20-11-2025;13:40:00;4; m/s
20-11-2025;13:50:00;4,3; m/s
20-11-2025;14:00:00;4,2; m/s
20-11-2025;14:10:00;4,7; m/s
20-11-2025;14:20:00;4,1; m/s
20-11-2025;14:30:00;4; m/s
20-11-2025;14:40:00;4,2; m/s
20-11-2025;14:50:00;5,1; m/s
20-11-2025;15:00:00;5,9; m/s
20-11-2025;15:10:00;6; m/s
20-11-2025;15:20:00;5,4; m/s
20-11-2025;15:30:00;4,3; m/s
20-11-2025;15:40:00;2,9; m/s
20-11-2025;15:50:00;2,8; m/s
20-11-2025;16:00:00;4,1; m/s
20-11-2025;16:10:00;7,6; m/s
20-11-2025;16:20:00;6; m/s
20-11-2025;16:30:00;6,3; m/s
20-11-2025;16:40:00;5,3; m/s
20-11-2025;16:50:00;4,1; m/s
20-11-2025;17:00:00;4,3; m/s
20-11-2025;17:10:00;4,8; m/s
20-11-2025;17:20:00;7,4; m/s
20-11-2025;17:30:00;6,8; m/s
20-11-2025;17:40:00;4,7; m/s
20-11-2025;17:50:00;4; m/s
20-11-2025;18:00:00;3,1; m/s
20-11-2025;18:10:00;3,4; m/s
20-11-2025;18:20:00;3,8; m/s
20-11-2025;18:30:00;3,9; m/s
20-11-2025;18:40:00;8,3; m/s
20-11-2025;18:50:00;9,2; m/s
20-11-2025;19:00:00;7,8; m/s
20-11-2025;19:10:00;7; m/s
20-11-2025;19:20:00;7,8; m/s
20-11-2025;19:30:00;6,9; m/s
20-11-2025;19:40:00;6,5; m/s
20-11-2025;19:50:00;5,8; m/s
20-11-2025;20:00:00;4,5; m/s
20-11-2025;20:10:00;4,8; m/s
20-11-2025;20:20:00;8; m/s
20-11-2025;20:30:00;7,4; m/s
20-11-2025;20:40:00;6,7; m/s
20-11-2025;20:50:00;5,1; m/s
20-11-2025;21:00:00;7,8; m/s
20-11-2025;21:10:00;3,8; m/s
20-11-2025;21:20:00;2,7; m/s
20-11-2025;21:30:00;1,9; m/s
20-11-2025;21:40:00;2; m/s
20-11-2025;21:50:00;2; m/s
20-11-2025;22:00:00;2,5; m/s
20-11-2025;22:10:00;3,2; m/s
20-11-2025;22:20:00;3,3; m/s
20-11-2025;22:30:00;4,6; m/s
20-11-2025;22:40:00;3,7; m/s
20-11-2025;22:50:00;3; m/s
20-11-2025;23:00:00;3,3; m/s
20-11-2025;23:10:00;3,3; m/s
20-11-2025;23:20:00;3; m/s
20-11-2025;23:30:00;3,3; m/s
20-11-2025;23:40:00;2,8; m/s
20-11-2025;23:50:00;2; m/s
21-11-2025;00:00:00;2,1; m/s
21-11-2025;00:10:00;2,6; m/s
21-11-2025;00:20:00;2,5; m/s
21-11-2025;00:30:00;2,4; m/s
21-11-2025;00:40:00;2; m/s
21-11-2025;00:50:00;1,6; m/s
21-11-2025;01:00:00;1,5; m/s
21-11-2025;01:10:00;1,9; m/s
21-11-2025;01:20:00;2,3; m/s
21-11-2025;01:30:00;1,2; m/s
21-11-2025;01:40:00;1,2; m/s
21-11-2025;01:50:00;0,6; m/s
21-11-2025;02:00:00;2,5; m/s
21-11-2025;02:10:00;1,3; m/s
21-11-2025;02:20:00;7,2; m/s
21-11-2025;02:30:00;6,4; m/s
21-11-2025;02:40:00;4,6; m/s
21-11-2025;02:50:00;4,3; m/s
21-11-2025;03:00:00;3,2; m/s
21-11-2025;03:10:00;3; m/s
21-11-2025;03:20:00;2,2; m/s
21-11-2025;03:30:00;2,6; m/s
21-11-2025;03:40:00;2,7; m/s
21-11-2025;03:50:00;3; m/s
21-11-2025;04:00:00;3,1; m/s
21-11-2025;04:10:00;1,7; m/s
21-11-2025;04:20:00;2,2; m/s
21-11-2025;04:30:00;1,6; m/s
21-11-2025;04:40:00;2,4; m/s
21-11-2025;04:50:00;2,3; m/s
21-11-2025;05:00:00;2,1; m/s
21-11-2025;05:10:00;1,6; m/s
21-11-2025;05:20:00;2,5; m/s
21-11-2025;05:30:00;2,7; m/s
21-11-2025;05:40:00;3; m/s
21-11-2025;05:50:00;2,4; m/s
21-11-2025;06:00:00;2,8; m/s
21-11-2025;06:10:00;2,7; m/s
21-11-2025;06:20:00;1,7; m/s
21-11-2025;06:30:00;2,8; m/s
21-11-2025;06:40:00;2,3; m/s
21-11-2025;06:50:00;2,3; m/s
21-11-2025;07:00:00;1,9; m/s
21-11-2025;07:10:00;2,9; m/s
21-11-2025;07:20:00;3,5; m/s
21-11-2025;07:30:00;3,1; m/s
21-11-2025;07:40:00;3,2; m/s
21-11-2025;07:50:00;2,6; m/s
21-11-2025;08:00:00;1,5; m/s
21-11-2025;08:10:00;4,7; m/s
21-11-2025;08:20:00;2,5; m/s
21-11-2025;08:30:00;2,7; m/s
21-11-2025;08:40:00;3,9; m/s
21-11-2025;08:50:00;3,8; m/s
21-11-2025;09:00:00;3,6; m/s
21-11-2025;09:10:00;3,2; m/s
21-11-2025;09:20:00;3,4; m/s
21-11-2025;09:30:00;2,6; m/s
21-11-2025;09:40:00;3,1; m/s
21-11-2025;09:50:00;3; m/s
21-11-2025;10:00:00;2,5; m/s
21-11-2025;10:10:00;1,8; m/s
21-11-2025;10:20:00;2,5; m/s
21-11-2025;10:30:00;2,4; m/s
21-11-2025;10:40:00;3,2; m/s
21-11-2025;10:50:00;2,5; m/s
21-11-2025;11:00:00;2; m/s
21-11-2025;11:10:00;2,3; m/s
21-11-2025;11:20:00;2,4; m/s
21-11-2025;11:30:00;2,5; m/s
21-11-2025;11:40:00;2,4; m/s
21-11-2025;11:50:00;2,1; m/s
21-11-2025;12:00:00;2,8; m/s
21-11-2025;12:10:00;2,2; m/s
21-11-2025;12:20:00;1,3; m/s
21-11-2025;12:30:00;1,6; m/s
21-11-2025;12:40:00;2,1; m/s
21-11-2025;12:50:00;1,4; m/s
21-11-2025;13:00:00;1,8; m/s
21-11-2025;13:10:00;3; m/s
21-11-2025;13:20:00;2,8; m/s
21-11-2025;13:30:00;2,4; m/s
21-11-2025;13:40:00;1,3; m/s
21-11-2025;13:50:00;2,1; m/s
21-11-2025;14:00:00;2,2; m/s
21-11-2025;14:10:00;1,7; m/s
21-11-2025;14:20:00;2; m/s
21-11-2025;14:30:00;1,6; m/s
21-11-2025;14:40:00;1,6; m/s
21-11-2025;14:50:00;1,6; m/s
21-11-2025;15:00:00;0,9; m/s
21-11-2025;15:10:00;1,1; m/s
21-11-2025;15:20:00;1,6; m/s
21-11-2025;15:30:00;1,1; m/s
21-11-2025;15:40:00;2,2; m/s
21-11-2025;15:50:00;2,5; m/s
21-11-2025;16:00:00;2,3; m/s
21-11-2025;16:10:00;2,6; m/s
21-11-2025;16:20:00;2,8; m/s
21-11-2025;16:30:00;2,8; m/s
21-11-2025;16:40:00;2,9; m/s
21-11-2025;16:50:00;2,6; m/s
21-11-2025;17:00:00;1,9; m/s
21-11-2025;17:10:00;1,7; m/s
21-11-2025;17:20:00;2; m/s
21-11-2025;17:30:00;2,6; m/s
21-11-2025;17:40:00;3; m/s
21-11-2025;17:50:00;2,4; m/s
21-11-2025;18:00:00;2,4; m/s
21-11-2025;18:10:00;2,4; m/s
21-11-2025;18:20:00;2,7; m/s
21-11-2025;18:30:00;3,3; m/s
21-11-2025;18:40:00;2,8; m/s
21-11-2025;18:50:00;2,8; m/s
21-11-2025;19:00:00;2,8; m/s
21-11-2025;19:10:00;2,6; m/s
21-11-2025;19:20:00;3,3; m/s
21-11-2025;19:30:00;2,9; m/s
21-11-2025;19:40:00;3,1; m/s
21-11-2025;19:50:00;10,7; m/s
21-11-2025;20:00:00;6,9; m/s
21-11-2025;20:10:00;4,7; m/s
21-11-2025;20:20:00;3,3; m/s
21-11-2025;20:30:00;3,1; m/s
21-11-2025;20:40:00;3,6; m/s
21-11-2025;20:50:00;3,7; m/s
21-11-2025;21:00:00;4,2; m/s
21-11-2025;21:10:00;4,1; m/s
21-11-2025;21:20:00;4,1; m/s
21-11-2025;21:30:00;2,9; m/s
21-11-2025;21:40:00;2,7; m/s
21-11-2025;21:50:00;2,6; m/s
21-11-2025;22:00:00;3; m/s
21-11-2025;22:10:00;3,1; m/s
21-11-2025;22:20:00;1,8; m/s
21-11-2025;22:30:00;2,4; m/s
21-11-2025;22:40:00;2,8; m/s
21-11-2025;22:50:00;1,5; m/s
21-11-2025;23:00:00;1,8; m/s
21-11-2025;23:10:00;2,7; m/s
21-11-2025;23:20:00;2,7; m/s
21-11-2025;23:30:00;2,9; m/s
21-11-2025;23:40:00;1,8; m/s
21-11-2025;23:50:00;2,5; m/s
22-11-2025;00:00:00;2,3; m/s
22-11-2025;00:10:00;3,1; m/s
22-11-2025;00:20:00;3,5; m/s
22-11-2025;00:30:00;3,8; m/s
22-11-2025;00:40:00;4,2; m/s
22-11-2025;00:50:00;2,9; m/s
22-11-2025;01:00:00;3,6; m/s
22-11-2025;01:10:00;4,8; m/s
22-11-2025;01:20:00;5; m/s
22-11-2025;01:30:00;5,4; m/s
22-11-2025;01:40:00;4,4; m/s
22-11-2025;01:50:00;4,5; m/s
22-11-2025;02:00:00;4,6; m/s
22-11-2025;02:10:00;4,6; m/s
22-11-2025;02:20:00;4,1; m/s
22-11-2025;02:30:00;2,7; m/s
22-11-2025;02:40:00;1; m/s
22-11-2025;02:50:00;1,4; m/s
22-11-2025;03:00:00;1,7; m/s
22-11-2025;03:10:00;1,6; m/s
22-11-2025;03:20:00;1,7; m/s
22-11-2025;03:30:00;1,9; m/s
22-11-2025;03:40:00;3,2; m/s
22-11-2025;03:50:00;2,9; m/s
22-11-2025;04:00:00;2,6; m/s
22-11-2025;04:10:00;3,4; m/s
22-11-2025;04:20:00;2,5; m/s
22-11-2025;04:30:00;2,5; m/s
22-11-2025;04:40:00;3,8; m/s
22-11-2025;04:50:00;2; m/s
22-11-2025;05:00:00;2,3; m/s
22-11-2025;05:10:00;3,3; m/s
22-11-2025;05:20:00;3,1; m/s
22-11-2025;05:30:00;3,7; m/s
22-11-2025;05:40:00;4,5; m/s
22-11-2025;05:50:00;4; m/s
22-11-2025;06:00:00;4,3; m/s
22-11-2025;06:10:00;4,7; m/s
22-11-2025;06:20:00;4,4; m/s
22-11-2025;06:30:00;4,2; m/s
22-11-2025;06:40:00;3,1; m/s
22-11-2025;06:50:00;3,1; m/s
22-11-2025;07:00:00;2,7; m/s
22-11-2025;07:10:00;3,2; m/s
22-11-2025;07:20:00;2,3; m/s
22-11-2025;07:30:00;3,4; m/s
22-11-2025;07:40:00;4; m/s
22-11-2025;07:50:00;4,6; m/s
22-11-2025;08:00:00;4,2; m/s
22-11-2025;08:10:00;4,8; m/s
22-11-2025;08:20:00;4,7; m/s
22-11-2025;08:30:00;5,2; m/s
22-11-2025;08:40:00;4,4; m/s
22-11-2025;08:50:00;3,6; m/s
22-11-2025;09:00:00;1,7; m/s
22-11-2025;09:10:00;1,2; m/s
22-11-2025;09:20:00;2,6; m/s
22-11-2025;09:30:00;2,7; m/s
22-11-2025;09:40:00;2,9; m/s
22-11-2025;09:50:00;2,7; m/s
22-11-2025;10:00:00;1,8; m/s
22-11-2025;10:10:00;1,8; m/s
22-11-2025;10:20:00;2,8; m/s
22-11-2025;10:30:00;2,9; m/s
22-11-2025;10:40:00;3,1; m/s
22-11-2025;10:50:00;3,4; m/s
22-11-2025;11:00:00;3,7; m/s
22-11-2025;11:10:00;4,2; m/s
22-11-2025;11:20:00;3,3; m/s
22-11-2025;11:30:00;2,6; m/s
22-11-2025;11:40:00;3,1; m/s
22-11-2025;11:50:00;4,4; m/s
22-11-2025;12:00:00;4,3; m/s
22-11-2025;12:10:00;3,5; m/s
22-11-2025;12:20:00;3,1; m/s
22-11-2025;12:30:00;2,2; m/s
22-11-2025;12:40:00;2,7; m/s
22-11-2025;12:50:00;2,7; m/s
22-11-2025;13:00:00;2,8; m/s
22-11-2025;13:10:00;3; m/s
22-11-2025;13:20:00;3,3; m/s
22-11-2025;13:30:00;2,7; m/s
22-11-2025;13:40:00;3,1; m/s
22-11-2025;13:50:00;3; m/s
22-11-2025;14:00:00;2,5; m/s
22-11-2025;14:10:00;2,2; m/s
22-11-2025;14:20:00;1,6; m/s
22-11-2025;14:30:00;2,4; m/s
22-11-2025;14:40:00;2,4; m/s
22-11-2025;14:50:00;2; m/s
22-11-2025;15:00:00;1,8; m/s
22-11-2025;15:10:00;3,4; m/s
22-11-2025;15:20:00;5,1; m/s
22-11-2025;15:30:00;4,3; m/s
22-11-2025;15:40:00;2,7; m/s
22-11-2025;15:50:00;0,9; m/s
22-11-2025;16:00:00;1,2; m/s
22-11-2025;16:10:00;2; m/s
22-11-2025;16:20:00;1,7; m/s
22-11-2025;16:30:00;1; m/s
22-11-2025;16:40:00;2,4; m/s
22-11-2025;16:50:00;2,2; m/s
22-11-2025;17:00:00;2,6; m/s
22-11-2025;17:10:00;3; m/s
22-11-2025;17:20:00;2,7; m/s
22-11-2025;17:30:00;3,1; m/s
22-11-2025;17:40:00;3,6; m/s
22-11-2025;17:50:00;3,9; m/s
22-11-2025;18:00:00;3,9; m/s
22-11-2025;18:10:00;4; m/s
22-11-2025;18:20:00;3,6; m/s
22-11-2025;18:30:00;4,5; m/s
22-11-2025;18:40:00;3,4; m/s
22-11-2025;18:50:00;3,2; m/s
22-11-2025;19:00:00;3,2; m/s
22-11-2025;19:10:00;2,7; m/s
22-11-2025;19:20:00;2,7; m/s
22-11-2025;19:30:00;2,4; m/s
22-11-2025;19:40:00;2,3; m/s
22-11-2025;19:50:00;2,7; m/s
22-11-2025;20:00:00;3,3; m/s
22-11-2025;20:10:00;3,8; m/s
22-11-2025;20:20:00;4,3; m/s
22-11-2025;20:30:00;3,4; m/s
22-11-2025;20:40:00;2,8; m/s
22-11-2025;20:50:00;2,7; m/s
22-11-2025;21:00:00;3,4; m/s
22-11-2025;21:10:00;3,3; m/s
22-11-2025;21:20:00;3,6; m/s
22-11-2025;21:30:00;3,2; m/s
22-11-2025;21:40:00;2,7; m/s
22-11-2025;21:50:00;3,3; m/s
22-11-2025;22:00:00;3,7; m/s
22-11-2025;22:10:00;4,4; m/s
22-11-2025;22:20:00;4,4; m/s
22-11-2025;22:30:00;5,2; m/s
22-11-2025;22:40:00;5,2; m/s
22-11-2025;22:50:00;4,8; m/s
22-11-2025;23:00:00;3,9; m/s
22-11-2025;23:10:00;3,9; m/s
22-11-2025;23:20:00;3,6; m/s
22-11-2025;23:30:00;3,1; m/s
22-11-2025;23:40:00;3,8; m/s
22-11-2025;23:50:00;3,9; m/s
23-11-2025;00:00:00;4,3; m/s
23-11-2025;00:10:00;4,5; m/s
23-11-2025;00:20:00;4,3; m/s
23-11-2025;00:30:00;3,7; m/s
23-11-2025;00:40:00;3,1; m/s
23-11-2025;00:50:00;2,8; m/s
23-11-2025;01:00:00;2,2; m/s
23-11-2025;01:10:00;1,8; m/s
23-11-2025;01:20:00;2,4; m/s
23-11-2025;01:30:00;2,7; m/s
23-11-2025;01:40:00;2,9; m/s
23-11-2025;01:50:00;2,8; m/s
23-11-2025;02:00:00;2,9; m/s
23-11-2025;02:10:00;2,8; m/s
23-11-2025;02:20:00;2,4; m/s
23-11-2025;02:30:00;2,9; m/s
23-11-2025;02:40:00;3,1; m/s
23-11-2025;02:50:00;3; m/s
23-11-2025;03:00:00;2,9; m/s
23-11-2025;03:10:00;2,7; m/s
23-11-2025;03:20:00;2,2; m/s
23-11-2025;03:30:00;2,5; m/s
23-11-2025;03:40:00;3,3; m/s
23-11-2025;03:50:00;4,9; m/s
23-11-2025;04:00:00;5,2; m/s
23-11-2025;04:10:00;3,1; m/s
23-11-2025;04:20:00;2,8; m/s
23-11-2025;04:30:00;2; m/s
23-11-2025;04:40:00;2,4; m/s
23-11-2025;04:50:00;2,7; m/s
23-11-2025;05:00:00;3,1; m/s
23-11-2025;05:10:00;3; m/s
23-11-2025;05:20:00;2,8; m/s
23-11-2025;05:30:00;2,9; m/s
23-11-2025;05:40:00;3,7; m/s
23-11-2025;05:50:00;2,2; m/s
23-11-2025;06:00:00;2,1; m/s
23-11-2025;06:10:00;2,4; m/s
23-11-2025;06:20:00;3,1; m/s
23-11-2025;06:30:00;3,5; m/s
23-11-2025;06:40:00;3; m/s
23-11-2025;06:50:00;2,6; m/s
23-11-2025;07:00:00;2,5; m/s
23-11-2025;07:10:00;2,4; m/s
23-11-2025;07:20:00;2,4; m/s
23-11-2025;07:30:00;3,2; m/s
23-11-2025;07:40:00;2,7; m/s
23-11-2025;07:50:00;2,4; m/s
23-11-2025;08:00:00;2,8; m/s
23-11-2025;08:10:00;2,9; m/s
23-11-2025;08:20:00;3,6; m/s
23-11-2025;08:30:00;3,5; m/s
23-11-2025;08:40:00;3,2; m/s
23-11-2025;08:50:00;1,7; m/s
23-11-2025;09:00:00;1,8; m/s
23-11-2025;09:10:00;2,7; m/s
23-11-2025;09:20:00;3; m/s
23-11-2025;09:30:00;3; m/s
23-11-2025;09:40:00;3,3; m/s
23-11-2025;09:50:00;2,6; m/s
23-11-2025;10:00:00;2,8; m/s
23-11-2025;10:10:00;3; m/s
23-11-2025;10:20:00;4,4; m/s
23-11-2025;10:30:00;4,3; m/s
23-11-2025;10:40:00;4,6; m/s
23-11-2025;10:50:00;4,9; m/s
23-11-2025;11:00:00;5,8; m/s
23-11-2025;11:10:00;5,2; m/s
23-11-2025;11:20:00;5,7; m/s
23-11-2025;11:30:00;6,1; m/s
23-11-2025;11:40:00;5,5; m/s
23-11-2025;11:50:00;5,6; m/s
23-11-2025;12:00:00;5,7; m/s
23-11-2025;12:10:00;5,7; m/s
23-11-2025;12:20:00;5,6; m/s
23-11-2025;12:30:00;6; m/s
23-11-2025;12:40:00;6,4; m/s
23-11-2025;12:50:00;5,8; m/s
23-11-2025;13:00:00;4,8; m/s
23-11-2025;13:10:00;6,8; m/s
23-11-2025;13:20:00;7,9; m/s
23-11-2025;13:30:00;8,6; m/s
23-11-2025;13:40:00;8,5; m/s
23-11-2025;13:50:00;7,6; m/s
23-11-2025;14:00:00;7; m/s
23-11-2025;14:10:00;8,1; m/s
23-11-2025;14:20:00;7,9; m/s
23-11-2025;14:30:00;6,8; m/s
23-11-2025;14:40:00;7,8; m/s
23-11-2025;14:50:00;8,5; m/s
23-11-2025;15:00:00;8,2; m/s
23-11-2025;15:10:00;9,5; m/s
23-11-2025;15:20:00;9,7; m/s
23-11-2025;15:30:00;9,6; m/s
23-11-2025;15:40:00;9,4; m/s
23-11-2025;15:50:00;9,9; m/s
23-11-2025;16:00:00;9,7; m/s
23-11-2025;16:10:00;9,2; m/s
23-11-2025;16:20:00;9,2; m/s
23-11-2025;16:30:00;8,6; m/s
23-11-2025;16:40:00;8,4; m/s
23-11-2025;16:50:00;8,2; m/s
23-11-2025;17:00:00;7,3; m/s
23-11-2025;17:10:00;8,2; m/s
23-11-2025;17:20:00;8,2; m/s
23-11-2025;17:30:00;6,5; m/s
23-11-2025;17:40:00;4,6; m/s
23-11-2025;17:50:00;3,9; m/s
23-11-2025;18:00:00;4; m/s
23-11-2025;18:10:00;6; m/s
23-11-2025;18:20:00;6,3; m/s
23-11-2025;18:30:00;6,7; m/s
23-11-2025;18:40:00;5,9; m/s
23-11-2025;18:50:00;5,8; m/s
23-11-2025;19:00:00;6,1; m/s
23-11-2025;19:10:00;5,6; m/s
23-11-2025;19:20:00;6,6; m/s
23-11-2025;19:30:00;6,2; m/s
23-11-2025;19:40:00;6,6; m/s
23-11-2025;19:50:00;6,2; m/s
23-11-2025;20:00:00;5,1; m/s
23-11-2025;20:10:00;4,8; m/s
23-11-2025;20:20:00;5,8; m/s
23-11-2025;20:30:00;5,2; m/s
23-11-2025;20:40:00;5,2; m/s
23-11-2025;20:50:00;4,8; m/s
23-11-2025;21:00:00;3,3; m/s
23-11-2025;21:10:00;3,1; m/s
23-11-2025;21:20:00;2,4; m/s
23-11-2025;21:30:00;2,9; m/s
23-11-2025;21:40:00;3,3; m/s
23-11-2025;21:50:00;2,9; m/s
23-11-2025;22:00:00;2,5; m/s
23-11-2025;22:10:00;2,9; m/s
23-11-2025;22:20:00;2,9; m/s
23-11-2025;22:30:00;2,5; m/s
23-11-2025;22:40:00;2,3; m/s
23-11-2025;22:50:00;2,3; m/s
23-11-2025;23:00:00;1,9; m/s
23-11-2025;23:10:00;1,7; m/s
23-11-2025;23:20:00;1,4; m/s
23-11-2025;23:30:00;1,4; m/s
23-11-2025;23:40:00;1,4; m/s
23-11-2025;23:50:00;1,6; m/s
24-11-2025;00:00:00;2,2; m/s
24-11-2025;00:10:00;2,4; m/s
24-11-2025;00:20:00;3,9; m/s
24-11-2025;00:30:00;3,8; m/s
24-11-2025;00:40:00;4,7; m/s
24-11-2025;00:50:00;3,8; m/s
24-11-2025;01:00:00;2,8; m/s
24-11-2025;01:10:00;3,8; m/s
24-11-2025;01:20:00;2,5; m/s
24-11-2025;01:30:00;2,4; m/s
24-11-2025;01:40:00;1,7; m/s
24-11-2025;01:50:00;1,4; m/s
24-11-2025;02:00:00;2,9; m/s
24-11-2025;02:10:00;2,6; m/s
24-11-2025;02:20:00;2,9; m/s
24-11-2025;02:30:00;2,6; m/s
24-11-2025;02:40:00;3,1; m/s
24-11-2025;02:50:00;2,9; m/s
24-11-2025;03:00:00;2,8; m/s
24-11-2025;03:10:00;2,5; m/s
24-11-2025;03:20:00;3,5; m/s
24-11-2025;03:30:00;3,1; m/s
24-11-2025;03:40:00;3; m/s
24-11-2025;03:50:00;3,1; m/s
24-11-2025;04:00:00;3,5; m/s
24-11-2025;04:10:00;3,4; m/s
24-11-2025;04:20:00;3,6; m/s
24-11-2025;04:30:00;4,2; m/s
24-11-2025;04:40:00;4; m/s
24-11-2025;04:50:00;3,2; m/s
24-11-2025;05:00:00;3,8; m/s
24-11-2025;05:10:00;5; m/s
24-11-2025;05:20:00;4,3; m/s
24-11-2025;05:30:00;3,7; m/s
24-11-2025;05:40:00;4,2; m/s
24-11-2025;05:50:00;5,2; m/s
24-11-2025;06:00:00;5,5; m/s
24-11-2025;06:10:00;4,9; m/s
24-11-2025;06:20:00;5,1; m/s
24-11-2025;06:30:00;4,9; m/s
24-11-2025;06:40:00;4,7; m/s
24-11-2025;06:50:00;4,9; m/s
24-11-2025;07:00:00;4,1; m/s
24-11-2025;07:10:00;3,1; m/s
24-11-2025;07:20:00;2,9; m/s
24-11-2025;07:30:00;3,2; m/s
24-11-2025;07:40:00;4; m/s
24-11-2025;07:50:00;2,6; m/s
24-11-2025;08:00:00;2,7; m/s
24-11-2025;08:10:00;2,7; m/s
24-11-2025;08:20:00;2; m/s
24-11-2025;08:30:00;3,3; m/s
24-11-2025;08:40:00;3,6; m/s
24-11-2025;08:50:00;3,6; m/s
24-11-2025;09:00:00;3,3; m/s
24-11-2025;09:10:00;3,9; m/s
24-11-2025;09:20:00;3,7; m/s
24-11-2025;09:30:00;3,4; m/s
24-11-2025;09:40:00;3,5; m/s
24-11-2025;09:50:00;2,9; m/s
24-11-2025;10:00:00;3,1; m/s
24-11-2025;10:10:00;3,6; m/s
24-11-2025;10:20:00;3; m/s
24-11-2025;10:30:00;3; m/s
24-11-2025;10:40:00;2,9; m/s
24-11-2025;10:50:00;3,2; m/s
24-11-2025;11:00:00;3,6; m/s
24-11-2025;11:10:00;3,5; m/s
24-11-2025;11:20:00;3,9; m/s
24-11-2025;11:30:00;3,6; m/s
24-11-2025;11:40:00;3,5; m/s
24-11-2025;11:50:00;3,2; m/s
24-11-2025;12:00:00;5,6; m/s
24-11-2025;12:10:00;5,1; m/s
24-11-2025;12:20:00;5,3; m/s
24-11-2025;12:30:00;4,8; m/s
24-11-2025;12:40:00;5,8; m/s
24-11-2025;12:50:00;6,4; m/s
24-11-2025;13:00:00;6,2; m/s
24-11-2025;13:10:00;6,1; m/s
24-11-2025;13:20:00;6,7; m/s
24-11-2025;13:30:00;10,3; m/s
24-11-2025;13:40:00;10; m/s
24-11-2025;13:50:00;14; m/s
24-11-2025;14:00:00;14,9; m/s
24-11-2025;14:10:00;14,4; m/s
24-11-2025;14:20:00;15; m/s
24-11-2025;14:30:00;13; m/s
24-11-2025;14:40:00;11,3; m/s
24-11-2025;14:50:00;10,7; m/s
24-11-2025;15:00:00;8,5; m/s
24-11-2025;15:10:00;7,5; m/s
24-11-2025;15:20:00;8,5; m/s
24-11-2025;15:30:00;7,8; m/s
24-11-2025;15:40:00;9; m/s
24-11-2025;15:50:00;11,5; m/s
24-11-2025;16:00:00;9,6; m/s
24-11-2025;16:10:00;9,2; m/s
24-11-2025;16:20:00;9,8; m/s
24-11-2025;16:30:00;8,8; m/s
24-11-2025;16:40:00;8,4; m/s
24-11-2025;16:50:00;8,5; m/s
24-11-2025;17:00:00;8,1; m/s
24-11-2025;17:10:00;8,1; m/s
24-11-2025;17:20:00;9,1; m/s
24-11-2025;17:30:00;9,9; m/s
24-11-2025;17:40:00;8,2; m/s
24-11-2025;17:50:00;7,5; m/s
24-11-2025;18:00:00;7,6; m/s
24-11-2025;18:10:00;8,2; m/s
24-11-2025;18:20:00;8,3; m/s
24-11-2025;18:30:00;8,4; m/s
24-11-2025;18:40:00;8,7; m/s
24-11-2025;18:50:00;7,5; m/s
24-11-2025;19:00:00;8,1; m/s
24-11-2025;19:10:00;6,5; m/s
24-11-2025;19:20:00;7,8; m/s
24-11-2025;19:30:00;7,7; m/s
24-11-2025;19:40:00;8,6; m/s
24-11-2025;19:50:00;8,5; m/s
24-11-2025;20:00:00;8; m/s
24-11-2025;20:10:00;8,2; m/s
24-11-2025;20:20:00;7,6; m/s
24-11-2025;20:30:00;7,9; m/s
24-11-2025;20:40:00;8; m/s
24-11-2025;20:50:00;8,1; m/s
24-11-2025;21:00:00;7,4; m/s
24-11-2025;21:10:00;7,4; m/s
24-11-2025;21:20:00;7,5; m/s
24-11-2025;21:30:00;7,9; m/s
24-11-2025;21:40:00;8,4; m/s
24-11-2025;21:50:00;8,1; m/s
24-11-2025;22:00:00;7,8; m/s
24-11-2025;22:10:00;7,4; m/s
24-11-2025;22:20:00;7,4; m/s
24-11-2025;22:30:00;7,5; m/s
24-11-2025;22:40:00;7,3; m/s
24-11-2025;22:50:00;7,8; m/s
24-11-2025;23:00:00;7,6; m/s
24-11-2025;23:10:00;7,3; m/s
24-11-2025;23:20:00;7,5; m/s
24-11-2025;23:30:00;7,5; m/s
24-11-2025;23:40:00;6,9; m/s
24-11-2025;23:50:00;7,9; m/s
25-11-2025;00:00:00;7; m/s
25-11-2025;00:10:00;7,1; m/s
25-11-2025;00:20:00;7,5; m/s
25-11-2025;00:30:00;7,2; m/s
25-11-2025;00:40:00;7,4; m/s
25-11-2025;00:50:00;7,4; m/s
25-11-2025;01:00:00;6,9; m/s
25-11-2025;01:10:00;7,5; m/s
25-11-2025;01:20:00;7,7; m/s
25-11-2025;01:30:00;6,6; m/s
25-11-2025;01:40:00;7; m/s
25-11-2025;01:50:00;7,7; m/s
25-11-2025;02:00:00;8,4; m/s
25-11-2025;02:10:00;8; m/s
25-11-2025;02:20:00;8,4; m/s
25-11-2025;02:30:00;8; m/s
25-11-2025;02:40:00;8; m/s
25-11-2025;02:50:00;7,2; m/s
25-11-2025;03:00:00;8; m/s
25-11-2025;03:10:00;7,8; m/s
25-11-2025;03:20:00;7,4; m/s
25-11-2025;03:30:00;6,9; m/s
25-11-2025;03:40:00;7,4; m/s
25-11-2025;03:50:00;7,8; m/s
25-11-2025;04:00:00;8,5; m/s
25-11-2025;04:10:00;7,2; m/s
25-11-2025;04:20:00;6,9; m/s
25-11-2025;04:30:00;7,3; m/s
25-11-2025;04:40:00;8; m/s
25-11-2025;04:50:00;7; m/s
25-11-2025;05:00:00;6,7; m/s
25-11-2025;05:10:00;6,7; m/s
25-11-2025;05:20:00;8,4; m/s
25-11-2025;05:30:00;6,9; m/s
25-11-2025;05:40:00;6,9; m/s
25-11-2025;05:50:00;6,6; m/s
25-11-2025;06:00:00;6,3; m/s
25-11-2025;06:10:00;5,6; m/s
25-11-2025;06:20:00;5,9; m/s
25-11-2025;06:30:00;5,8; m/s
25-11-2025;06:40:00;5,4; m/s
25-11-2025;06:50:00;7,3; m/s
25-11-2025;07:00:00;7,3; m/s
25-11-2025;07:10:00;7,8; m/s
25-11-2025;07:20:00;6,8; m/s
25-11-2025;07:30:00;8,2; m/s
25-11-2025;07:40:00;8,2; m/s
25-11-2025;07:50:00;8,4; m/s
25-11-2025;08:00:00;8,4; m/s
25-11-2025;08:10:00;9,7; m/s
25-11-2025;08:20:00;9; m/s
25-11-2025;08:30:00;8,3; m/s
25-11-2025;08:40:00;8,3; m/s
25-11-2025;08:50:00;8; m/s
25-11-2025;09:00:00;8; m/s
25-11-2025;09:10:00;8,4; m/s
25-11-2025;09:20:00;8,9; m/s
25-11-2025;09:30:00;8,3; m/s
25-11-2025;09:40:00;7,9; m/s
25-11-2025;09:50:00;7,7; m/s
25-11-2025;10:00:00;7,4; m/s
25-11-2025;10:10:00;8,1; m/s
25-11-2025;10:20:00;8,5; m/s
25-11-2025;10:30:00;9; m/s
25-11-2025;10:40:00;7,4; m/s
25-11-2025;10:50:00;7,7; m/s
25-11-2025;11:00:00;8; m/s
25-11-2025;11:10:00;9,2; m/s
25-11-2025;11:20:00;9,7; m/s
25-11-2025;11:30:00;8,6; m/s
25-11-2025;11:40:00;9,7; m/s
25-11-2025;11:50:00;9; m/s
25-11-2025;12:00:00;9,2; m/s
25-11-2025;12:10:00;8,7; m/s
25-11-2025;12:20:00;9,7; m/s
25-11-2025;12:30:00;10; m/s
25-11-2025;12:40:00;9,7; m/s
25-11-2025;12:50:00;9,4; m/s
25-11-2025;13:00:00;8,7; m/s
25-11-2025;13:10:00;8,6; m/s
25-11-2025;13:20:00;8,5; m/s
25-11-2025;13:30:00;8,7; m/s
25-11-2025;13:40:00;8,5; m/s
25-11-2025;13:50:00;8,5; m/s
25-11-2025;14:00:00;7,9; m/s
25-11-2025;14:10:00;9,6; m/s
25-11-2025;14:20:00;10; m/s
25-11-2025;14:30:00;9,8; m/s
25-11-2025;14:40:00;11; m/s
25-11-2025;14:50:00;9; m/s
25-11-2025;15:00:00;12,2; m/s
25-11-2025;15:10:00;9,5; m/s
25-11-2025;15:20:00;8,6; m/s
25-11-2025;15:30:00;7,7; m/s
25-11-2025;15:40:00;5,5; m/s
25-11-2025;15:50:00;7,1; m/s
25-11-2025;16:00:00;7,3; m/s
25-11-2025;16:10:00;5,9; m/s
25-11-2025;16:20:00;4,9; m/s
25-11-2025;16:30:00;7; m/s
25-11-2025;16:40:00;5,2; m/s
25-11-2025;16:50:00;3,8; m/s
25-11-2025;17:00:00;4,5; m/s
25-11-2025;17:10:00;4,6; m/s
25-11-2025;17:20:00;5,2; m/s
25-11-2025;17:30:00;5,5; m/s
25-11-2025;17:40:00;4,8; m/s
25-11-2025;17:50:00;5,2; m/s
25-11-2025;18:00:00;6,2; m/s
25-11-2025;18:10:00;5,9; m/s
25-11-2025;18:20:00;4,9; m/s
25-11-2025;18:30:00;4,9; m/s
25-11-2025;18:40:00;6; m/s
25-11-2025;18:50:00;7,7; m/s
25-11-2025;19:00:00;8,8; m/s
25-11-2025;19:10:00;6,4; m/s
25-11-2025;19:20:00;8,5; m/s
25-11-2025;19:30:00;10,7; m/s
25-11-2025;19:40:00;7,9; m/s
25-11-2025;19:50:00;6,1; m/s
25-11-2025;20:00:00;7; m/s
25-11-2025;20:10:00;7,1; m/s
25-11-2025;20:20:00;6,1; m/s
25-11-2025;20:30:00;5,6; m/s
25-11-2025;20:40:00;6,4; m/s
25-11-2025;20:50:00;6,5; m/s
25-11-2025;21:00:00;4,9; m/s
25-11-2025;21:10:00;4,7; m/s
25-11-2025;21:20:00;5,4; m/s
25-11-2025;21:30:00;7,5; m/s
25-11-2025;21:40:00;5,8; m/s
25-11-2025;21:50:00;4,7; m/s
25-11-2025;22:00:00;4,2; m/s
25-11-2025;22:10:00;4,8; m/s
25-11-2025;22:20:00;3,9; m/s
25-11-2025;22:30:00;3,9; m/s
25-11-2025;22:40:00;4,2; m/s
25-11-2025;22:50:00;4,2; m/s
25-11-2025;23:00:00;4,4; m/s
25-11-2025;23:10:00;5,2; m/s
25-11-2025;23:20:00;6,2; m/s
25-11-2025;23:30:00;8,9; m/s
25-11-2025;23:40:00;8,6; m/s
25-11-2025;23:50:00;8,8; m/s
26-11-2025;00:00:00;8,6; m/s
26-11-2025;00:10:00;8,5; m/s
26-11-2025;00:20:00;9; m/s
26-11-2025;00:30:00;8,4; m/s
26-11-2025;00:40:00;8,3; m/s
26-11-2025;00:50:00;8,2; m/s
26-11-2025;01:00:00;7,8; m/s
26-11-2025;01:10:00;8,7; m/s
26-11-2025;01:20:00;8,3; m/s
26-11-2025;01:30:00;9,8; m/s
26-11-2025;01:40:00;11,3; m/s
26-11-2025;01:50:00;11,2; m/s
26-11-2025;02:00:00;11,9; m/s
26-11-2025;02:10:00;11,4; m/s
26-11-2025;02:20:00;10,9; m/s
26-11-2025;02:30:00;10; m/s
26-11-2025;02:40:00;8,9; m/s
26-11-2025;02:50:00;7,3; m/s
26-11-2025;03:00:00;6,3; m/s
26-11-2025;03:10:00;6,3; m/s
26-11-2025;03:20:00;4,4; m/s
26-11-2025;03:30:00;5; m/s
26-11-2025;03:40:00;3,7; m/s
26-11-2025;03:50:00;3,5; m/s
26-11-2025;04:00:00;4,4; m/s
26-11-2025;04:10:00;4,1; m/s
26-11-2025;04:20:00;3,6; m/s
26-11-2025;04:30:00;3,2; m/s
26-11-2025;04:40:00;4; m/s
26-11-2025;04:50:00;2,7; m/s
26-11-2025;05:00:00;3; m/s
26-11-2025;05:10:00;3,1; m/s
26-11-2025;05:20:00;5,1; m/s
26-11-2025;05:30:00;4,8; m/s
26-11-2025;05:40:00;2,9; m/s
26-11-2025;05:50:00;4,4; m/s
26-11-2025;06:00:00;4,3; m/s
26-11-2025;06:10:00;4,5; m/s
26-11-2025;06:20:00;4,3; m/s
26-11-2025;06:30:00;4,1; m/s
26-11-2025;06:40:00;4,4; m/s
26-11-2025;06:50:00;4,4; m/s
26-11-2025;07:00:00;4,6; m/s
26-11-2025;07:10:00;4; m/s
26-11-2025;07:20:00;2,7; m/s
26-11-2025;07:30:00;1,6; m/s
26-11-2025;07:40:00;1,9; m/s
26-11-2025;07:50:00;1,7; m/s
26-11-2025;08:00:00;1,4; m/s
26-11-2025;08:10:00;1,7; m/s
26-11-2025;08:20:00;1,4; m/s
26-11-2025;08:30:00;1,4; m/s
26-11-2025;08:40:00;2,4; m/s
26-11-2025;08:50:00;1,9; m/s
26-11-2025;09:00:00;2,6; m/s
26-11-2025;09:10:00;2; m/s
26-11-2025;09:20:00;2,5; m/s
26-11-2025;09:30:00;3,9; m/s
26-11-2025;09:40:00;2,9; m/s
26-11-2025;09:50:00;2,8; m/s
26-11-2025;10:00:00;2,7; m/s
26-11-2025;10:10:00;3,2; m/s
26-11-2025;10:20:00;1,8; m/s
26-11-2025;10:30:00;1,6; m/s
26-11-2025;10:40:00;2,3; m/s
26-11-2025;10:50:00;2,6; m/s
26-11-2025;11:00:00;2,3; m/s
26-11-2025;11:10:00;1,4; m/s
26-11-2025;11:20:00;1,8; m/s
26-11-2025;11:30:00;2,1; m/s
26-11-2025;11:40:00;1,3; m/s
26-11-2025;11:50:00;1,6; m/s
26-11-2025;12:00:00;1,5; m/s
26-11-2025;12:10:00;1,2; m/s
26-11-2025;12:20:00;2,3; m/s
26-11-2025;12:30:00;1,3; m/s
26-11-2025;12:40:00;1,1; m/s
26-11-2025;12:50:00;0,9; m/s
26-11-2025;13:00:00;1,6; m/s
26-11-2025;13:10:00;3,3; m/s
26-11-2025;13:20:00;3,5; m/s
26-11-2025;13:30:00;3; m/s
26-11-2025;13:40:00;3,6; m/s
26-11-2025;13:50:00;3,4; m/s
26-11-2025;14:00:00;3,8; m/s
26-11-2025;14:10:00;3,7; m/s
26-11-2025;14:20:00;3,5; m/s
26-11-2025;14:30:00;3,8; m/s
26-11-2025;14:40:00;3,9; m/s
26-11-2025;14:50:00;3,4; m/s
26-11-2025;15:00:00;3,3; m/s
26-11-2025;15:10:00;3,9; m/s
26-11-2025;15:20:00;5,3; m/s
26-11-2025;15:30:00;4,1; m/s
26-11-2025;15:40:00;3,9; m/s
26-11-2025;15:50:00;3,3; m/s
26-11-2025;16:00:00;2,3; m/s
26-11-2025;16:10:00;3; m/s
26-11-2025;16:20:00;3,4; m/s
26-11-2025;16:30:00;3,1; m/s
26-11-2025;16:40:00;2,9; m/s
26-11-2025;16:50:00;2,8; m/s
26-11-2025;17:00:00;3; m/s
26-11-2025;17:10:00;2,7; m/s
26-11-2025;17:20:00;3; m/s
26-11-2025;17:30:00;3,6; m/s
26-11-2025;17:40:00;2,6; m/s
26-11-2025;17:50:00;3,9; m/s
26-11-2025;18:00:00;4,1; m/s
26-11-2025;18:10:00;4,6; m/s
26-11-2025;18:20:00;4,7; m/s
26-11-2025;18:30:00;5,2; m/s
26-11-2025;18:40:00;4,3; m/s
26-11-2025;18:50:00;3,7; m/s
26-11-2025;19:00:00;3,8; m/s
26-11-2025;19:10:00;3,7; m/s
26-11-2025;19:20:00;3,9; m/s
26-11-2025;19:30:00;3,5; m/s
26-11-2025;19:40:00;4,4; m/s
26-11-2025;19:50:00;5,1; m/s
26-11-2025;20:00:00;5,2; m/s
26-11-2025;20:10:00;4,1; m/s
26-11-2025;20:20:00;4,6; m/s
26-11-2025;20:30:00;4,3; m/s
26-11-2025;20:40:00;4,9; m/s
26-11-2025;20:50:00;4; m/s
26-11-2025;21:00:00;4,1; m/s
26-11-2025;21:10:00;5,5; m/s
26-11-2025;21:20:00;6,3; m/s
26-11-2025;21:30:00;7,1; m/s
26-11-2025;21:40:00;5,5; m/s
26-11-2025;21:50:00;5,2; m/s
26-11-2025;22:00:00;4,4; m/s
26-11-2025;22:10:00;4,9; m/s
26-11-2025;22:20:00;5,2; m/s
26-11-2025;22:30:00;4,2; m/s
26-11-2025;22:40:00;4,5; m/s
26-11-2025;22:50:00;4,8; m/s
26-11-2025;23:00:00;5,1; m/s
26-11-2025;23:10:00;4,5; m/s
26-11-2025;23:20:00;3,9; m/s
26-11-2025;23:30:00;3; m/s
26-11-2025;23:40:00;3,7; m/s
26-11-2025;23:50:00;2,8; m/s
27-11-2025;00:00:00;3,6; m/s
27-11-2025;00:10:00;3,1; m/s
27-11-2025;00:20:00;3; m/s
27-11-2025;00:30:00;3,1; m/s
27-11-2025;00:40:00;3; m/s
27-11-2025;00:50:00;2,5; m/s
27-11-2025;01:00:00;2,5; m/s
27-11-2025;01:10:00;2,4; m/s
27-11-2025;01:20:00;3,3; m/s
27-11-2025;01:30:00;4; m/s
27-11-2025;01:40:00;3,4; m/s
27-11-2025;01:50:00;3,3; m/s
27-11-2025;02:00:00;3,8; m/s
27-11-2025;02:10:00;4,4; m/s
27-11-2025;02:20:00;4,2; m/s
27-11-2025;02:30:00;3,9; m/s
27-11-2025;02:40:00;3,1; m/s
27-11-2025;02:50:00;2,4; m/s
27-11-2025;03:00:00;2,3; m/s
27-11-2025;03:10:00;3,7; m/s
27-11-2025;03:20:00;3,2; m/s
27-11-2025;03:30:00;2,2; m/s
27-11-2025;03:40:00;1,9; m/s
27-11-2025;03:50:00;3; m/s
27-11-2025;04:00:00;2,8; m/s
27-11-2025;04:10:00;2,6; m/s
27-11-2025;04:20:00;2,7; m/s
27-11-2025;04:30:00;3,1; m/s
27-11-2025;04:40:00;3; m/s
27-11-2025;04:50:00;3,3; m/s
27-11-2025;05:00:00;2,5; m/s
27-11-2025;05:10:00;2,8; m/s
27-11-2025;05:20:00;2,6; m/s
27-11-2025;05:30:00;3,2; m/s
27-11-2025;05:40:00;4,4; m/s
27-11-2025;05:50:00;4; m/s
27-11-2025;06:00:00;3,8; m/s
27-11-2025;06:10:00;2,5; m/s
27-11-2025;06:20:00;3; m/s
27-11-2025;06:30:00;3,4; m/s
27-11-2025;06:40:00;3,2; m/s
27-11-2025;06:50:00;4,8; m/s
27-11-2025;07:00:00;4,5; m/s
27-11-2025;07:10:00;4,8; m/s
27-11-2025;07:20:00;4,7; m/s
27-11-2025;07:30:00;4,1; m/s
27-11-2025;07:40:00;3,1; m/s
27-11-2025;07:50:00;3,3; m/s
27-11-2025;08:00:00;4; m/s
27-11-2025;08:10:00;3,9; m/s
27-11-2025;08:20:00;4,2; m/s
27-11-2025;08:30:00;4; m/s
27-11-2025;08:40:00;4,5; m/s
27-11-2025;08:50:00;4,8; m/s
27-11-2025;09:00:00;3,5; m/s
27-11-2025;09:10:00;2,2; m/s
27-11-2025;09:20:00;1,9; m/s
27-11-2025;09:30:00;2,5; m/s
27-11-2025;09:40:00;2,4; m/s
27-11-2025;09:50:00;1,7; m/s
27-11-2025;10:00:00;1,8; m/s
27-11-2025;10:10:00;1,2; m/s
27-11-2025;10:20:00;2,2; m/s
27-11-2025;10:30:00;1,3; m/s
27-11-2025;10:40:00;2,1; m/s
27-11-2025;10:50:00;1,9; m/s
27-11-2025;11:00:00;2,1; m/s
27-11-2025;11:10:00;2,2; m/s
27-11-2025;11:20:00;2,5; m/s
27-11-2025;11:30:00;2,4; m/s
27-11-2025;11:40:00;2,8; m/s
27-11-2025;11:50:00;2,6; m/s
27-11-2025;12:00:00;1,9; m/s
27-11-2025;12:10:00;2; m/s
27-11-2025;12:20:00;2,2; m/s
27-11-2025;12:30:00;2,7; m/s
27-11-2025;12:40:00;2,7; m/s
27-11-2025;12:50:00;3; m/s
27-11-2025;13:00:00;2,2; m/s
27-11-2025;13:10:00;1,8; m/s
27-11-2025;13:20:00;2,3; m/s
27-11-2025;13:30:00;1,6; m/s
27-11-2025;13:40:00;1,9; m/s
27-11-2025;13:50:00;1,5; m/s
27-11-2025;14:00:00;0,8; m/s
27-11-2025;14:10:00;1; m/s
27-11-2025;14:20:00;1; m/s
27-11-2025;14:30:00;0,3; m/s
27-11-2025;14:40:00;0,8; m/s
27-11-2025;14:50:00;1,6; m/s
27-11-2025;15:00:00;1,5; m/s
27-11-2025;15:10:00;1,8; m/s
27-11-2025;15:20:00;1,8; m/s
27-11-2025;15:30:00;1,4; m/s
27-11-2025;15:40:00;1,5; m/s
27-11-2025;15:50:00;0,7; m/s
27-11-2025;16:00:00;0,7; m/s
27-11-2025;16:10:00;1,1; m/s
27-11-2025;16:20:00;1,5; m/s
27-11-2025;16:30:00;1,3; m/s
27-11-2025;16:40:00;0,9; m/s
27-11-2025;16:50:00;0,7; m/s
27-11-2025;17:00:00;1,9; m/s
27-11-2025;17:10:00;2,9; m/s
27-11-2025;17:20:00;2,9; m/s
27-11-2025;17:30:00;2,7; m/s
27-11-2025;17:40:00;2,7; m/s
27-11-2025;17:50:00;2,8; m/s
27-11-2025;18:00:00;2,7; m/s
27-11-2025;18:10:00;3,1; m/s
27-11-2025;18:20:00;3,7; m/s
27-11-2025;18:30:00;4,1; m/s
27-11-2025;18:40:00;4,9; m/s
27-11-2025;18:50:00;4,7; m/s
27-11-2025;19:00:00;4,6; m/s
27-11-2025;19:10:00;4,1; m/s
27-11-2025;19:20:00;4,8; m/s
27-11-2025;19:30:00;6,1; m/s
27-11-2025;19:40:00;5,9; m/s
27-11-2025;19:50:00;5,9; m/s
27-11-2025;20:00:00;5,3; m/s
27-11-2025;20:10:00;4,9; m/s
27-11-2025;20:20:00;6; m/s
27-11-2025;20:30:00;5,9; m/s
27-11-2025;20:40:00;7,1; m/s
27-11-2025;20:50:00;7,5; m/s
27-11-2025;21:00:00;6,7; m/s
27-11-2025;21:10:00;6,8; m/s
27-11-2025;21:20:00;6,7; m/s
27-11-2025;21:30:00;5,2; m/s
27-11-2025;21:40:00;5; m/s
27-11-2025;21:50:00;6; m/s
27-11-2025;22:00:00;7,2; m/s
27-11-2025;22:10:00;5; m/s
27-11-2025;22:20:00;5,2; m/s
27-11-2025;22:30:00;4,9; m/s
27-11-2025;22:40:00;5,4; m/s
27-11-2025;22:50:00;6,8; m/s
27-11-2025;23:00:00;5,2; m/s
27-11-2025;23:10:00;5,7; m/s
27-11-2025;23:20:00;5,6; m/s
27-11-2025;23:30:00;6,6; m/s
27-11-2025;23:40:00;5,9; m/s
27-11-2025;23:50:00;5,5; m/s
28-11-2025;00:00:00;5,5; m/s
28-11-2025;00:10:00;5,1; m/s
28-11-2025;00:20:00;4,9; m/s
28-11-2025;00:30:00;5; m/s
28-11-2025;00:40:00;5,4; m/s
28-11-2025;00:50:00;5,4; m/s
28-11-2025;01:00:00;4,8; m/s
28-11-2025;01:10:00;5,9; m/s
28-11-2025;01:20:00;6,4; m/s
28-11-2025;01:30:00;5,4; m/s
28-11-2025;01:40:00;5,4; m/s
28-11-2025;01:50:00;6,5; m/s
28-11-2025;02:00:00;7; m/s
28-11-2025;02:10:00;6,4; m/s
28-11-2025;02:20:00;6,5; m/s
28-11-2025;02:30:00;7,6; m/s
28-11-2025;02:40:00;7,6; m/s
28-11-2025;02:50:00;7,4; m/s
28-11-2025;03:00:00;7,4; m/s
28-11-2025;03:10:00;6,7; m/s
28-11-2025;03:20:00;6,7; m/s
28-11-2025;03:30:00;7,4; m/s
28-11-2025;03:40:00;7,1; m/s
28-11-2025;03:50:00;7,1; m/s
28-11-2025;04:00:00;7,4; m/s
28-11-2025;04:10:00;7,9; m/s
28-11-2025;04:20:00;7,1; m/s
28-11-2025;04:30:00;5,9; m/s
28-11-2025;04:40:00;6,1; m/s
28-11-2025;04:50:00;5,7; m/s
28-11-2025;05:00:00;4,6; m/s
28-11-2025;05:10:00;5,3; m/s
28-11-2025;05:20:00;5,7; m/s
28-11-2025;05:30:00;4,8; m/s
28-11-2025;05:40:00;4,5; m/s
28-11-2025;05:50:00;3,8; m/s
28-11-2025;06:00:00;4,8; m/s
28-11-2025;06:10:00;4,6; m/s
28-11-2025;06:20:00;4,4; m/s
28-11-2025;06:30:00;4,6; m/s
28-11-2025;06:40:00;4,8; m/s
28-11-2025;06:50:00;5,2; m/s
28-11-2025;07:00:00;4,8; m/s
28-11-2025;07:10:00;4,8; m/s
28-11-2025;07:20:00;4,9; m/s
28-11-2025;07:30:00;5,7; m/s
28-11-2025;07:40:00;6,5; m/s
28-11-2025;07:50:00;6,3; m/s
28-11-2025;08:00:00;5,3; m/s
28-11-2025;08:10:00;5; m/s
28-11-2025;08:20:00;5,2; m/s
28-11-2025;08:30:00;4,4; m/s
28-11-2025;08:40:00;4,8; m/s
28-11-2025;08:50:00;6; m/s
28-11-2025;09:00:00;6,9; m/s
28-11-2025;09:10:00;6; m/s
28-11-2025;09:20:00;4,3; m/s
28-11-2025;09:30:00;4,8; m/s
28-11-2025;09:40:00;4,2; m/s
28-11-2025;09:50:00;5; m/s
28-11-2025;10:00:00;5,2; m/s
28-11-2025;10:10:00;4,9; m/s
28-11-2025;10:20:00;5,4; m/s
28-11-2025;10:30:00;6,1; m/s
28-11-2025;10:40:00;4,9; m/s
28-11-2025;10:50:00;5; m/s
28-11-2025;11:00:00;4,5; m/s
28-11-2025;11:10:00;4,5; m/s
28-11-2025;11:20:00;5; m/s
28-11-2025;11:30:00;3,9; m/s
28-11-2025;11:40:00;3,5; m/s
28-11-2025;11:50:00;4; m/s
28-11-2025;12:00:00;3,8; m/s
28-11-2025;12:10:00;3,8; m/s
28-11-2025;12:20:00;5,1; m/s
28-11-2025;12:30:00;5; m/s
28-11-2025;12:40:00;5,7; m/s
28-11-2025;12:50:00;5,4; m/s
28-11-2025;13:00:00;4,4; m/s
28-11-2025;13:10:00;4,8; m/s
28-11-2025;13:20:00;5,3; m/s
28-11-2025;13:30:00;5,2; m/s
28-11-2025;13:40:00;5,1; m/s
28-11-2025;13:50:00;4,7; m/s
28-11-2025;14:00:00;4,6; m/s
28-11-2025;14:10:00;3,8; m/s
28-11-2025;14:20:00;4,1; m/s
28-11-2025;14:30:00;4,2; m/s
28-11-2025;14:40:00;5; m/s
28-11-2025;14:50:00;4,2; m/s
28-11-2025;15:00:00;4,4; m/s
28-11-2025;15:10:00;3,4; m/s
28-11-2025;15:20:00;3,5; m/s
28-11-2025;15:30:00;3,4; m/s
28-11-2025;15:40:00;3,9; m/s
28-11-2025;15:50:00;3,7; m/s
28-11-2025;16:00:00;4,1; m/s
28-11-2025;16:10:00;4,6; m/s
28-11-2025;16:20:00;4,7; m/s
28-11-2025;16:30:00;5; m/s
28-11-2025;16:40:00;5,9; m/s
28-11-2025;16:50:00;5,6; m/s
28-11-2025;17:00:00;5,6; m/s
28-11-2025;17:10:00;4,4; m/s
28-11-2025;17:20:00;5,1; m/s
28-11-2025;17:30:00;4,4; m/s
28-11-2025;17:40:00;4,9; m/s
28-11-2025;17:50:00;4,4; m/s
28-11-2025;18:00:00;4; m/s
28-11-2025;18:10:00;2,9; m/s
28-11-2025;18:20:00;2,5; m/s
28-11-2025;18:30:00;2; m/s
28-11-2025;18:40:00;2,9; m/s
28-11-2025;18:50:00;3,1; m/s
28-11-2025;19:00:00;2,5; m/s
28-11-2025;19:10:00;2,9; m/s
28-11-2025;19:20:00;3,1; m/s
28-11-2025;19:30:00;3,6; m/s
28-11-2025;19:40:00;3,7; m/s
28-11-2025;19:50:00;3,2; m/s
28-11-2025;20:00:00;3,6; m/s
28-11-2025;20:10:00;3,6; m/s
28-11-2025;20:20:00;3,3; m/s
28-11-2025;20:30:00;3; m/s
28-11-2025;20:40:00;2,9; m/s
28-11-2025;20:50:00;3,4; m/s
28-11-2025;21:00:00;3,2; m/s
28-11-2025;21:10:00;2,4; m/s
28-11-2025;21:20:00;2,8; m/s
28-11-2025;21:30:00;2,5; m/s
28-11-2025;21:40:00;3,4; m/s
28-11-2025;21:50:00;3,8; m/s
28-11-2025;22:00:00;2,2; m/s
28-11-2025;22:10:00;3,1; m/s
28-11-2025;22:20:00;4,2; m/s
28-11-2025;22:30:00;4,5; m/s
28-11-2025;22:40:00;4,5; m/s
28-11-2025;22:50:00;4,3; m/s
28-11-2025;23:00:00;3,7; m/s
28-11-2025;23:10:00;4,2; m/s
28-11-2025;23:20:00;4,5; m/s
28-11-2025;23:30:00;4; m/s
28-11-2025;23:40:00;3,6; m/s
28-11-2025;23:50:00;2,8; m/s
29-11-2025;00:00:00;2; m/s
29-11-2025;00:10:00;2,3; m/s
29-11-2025;00:20:00;1,8; m/s
29-11-2025;00:30:00;2; m/s
29-11-2025;00:40:00;1,4; m/s
29-11-2025;00:50:00;1,7; m/s
29-11-2025;01:00:00;1,9; m/s
29-11-2025;01:10:00;1,8; m/s
29-11-2025;01:20:00;1,9; m/s
29-11-2025;01:30:00;1,5; m/s
29-11-2025;01:40:00;2,1; m/s
29-11-2025;01:50:00;2,3; m/s
29-11-2025;02:00:00;2,7; m/s
29-11-2025;02:10:00;2,7; m/s
29-11-2025;02:20:00;2,2; m/s
29-11-2025;02:30:00;2,4; m/s
29-11-2025;02:40:00;1,6; m/s
29-11-2025;02:50:00;3,1; m/s
29-11-2025;03:00:00;3,7; m/s
29-11-2025;03:10:00;4,2; m/s
29-11-2025;03:20:00;4,3; m/s
29-11-2025;03:30:00;3,5; m/s
29-11-2025;03:40:00;3; m/s
29-11-2025;03:50:00;2,4; m/s
29-11-2025;04:00:00;3; m/s
29-11-2025;04:10:00;3,5; m/s
29-11-2025;04:20:00;3,8; m/s
29-11-2025;04:30:00;3,6; m/s
29-11-2025;04:40:00;3,4; m/s
29-11-2025;04:50:00;3,3; m/s
29-11-2025;05:00:00;4; m/s
29-11-2025;05:10:00;4; m/s
29-11-2025;05:20:00;3,2; m/s
29-11-2025;05:30:00;2,9; m/s
29-11-2025;05:40:00;2,9; m/s
29-11-2025;05:50:00;2,8; m/s
29-11-2025;06:00:00;3,2; m/s
29-11-2025;06:10:00;3,8; m/s
29-11-2025;06:20:00;4,2; m/s
29-11-2025;06:30:00;4,2; m/s
29-11-2025;06:40:00;4; m/s
29-11-2025;06:50:00;4,1; m/s
29-11-2025;07:00:00;4,2; m/s
29-11-2025;07:10:00;4,4; m/s
29-11-2025;07:20:00;4,1; m/s
29-11-2025;07:30:00;4,1; m/s
29-11-2025;07:40:00;3,7; m/s
29-11-2025;07:50:00;3,8; m/s
29-11-2025;08:00:00;3,8; m/s
29-11-2025;08:10:00;3,9; m/s
29-11-2025;08:20:00;3,2; m/s
29-11-2025;08:30:00;2,8; m/s
29-11-2025;08:40:00;2; m/s
29-11-2025;08:50:00;1,8; m/s
29-11-2025;09:00:00;1,9; m/s
29-11-2025;09:10:00;1,6; m/s
29-11-2025;09:20:00;1,7; m/s
29-11-2025;09:30:00;1,7; m/s
29-11-2025;09:40:00;1,4; m/s
29-11-2025;09:50:00;1,5; m/s
29-11-2025;10:00:00;1,5; m/s
29-11-2025;10:10:00;0,7; m/s
29-11-2025;10:20:00;1,3; m/s
29-11-2025;10:30:00;1,5; m/s
29-11-2025;10:40:00;1,4; m/s
29-11-2025;10:50:00;1,2; m/s
29-11-2025;11:00:00;1,5; m/s
29-11-2025;11:10:00;1,2; m/s
29-11-2025;11:20:00;1,7; m/s
29-11-2025;11:30:00;2; m/s
29-11-2025;11:40:00;2; m/s
29-11-2025;11:50:00;1,4; m/s
29-11-2025;12:00:00;1,7; m/s
29-11-2025;12:10:00;1,8; m/s
29-11-2025;12:20:00;1,6; m/s
29-11-2025;12:30:00;3,1; m/s
29-11-2025;12:40:00;3; m/s
29-11-2025;12:50:00;3,3; m/s
29-11-2025;13:00:00;3,8; m/s
29-11-2025;13:10:00;4,3; m/s
29-11-2025;13:20:00;4,4; m/s
29-11-2025;13:30:00;4,1; m/s
29-11-2025;13:40:00;4,5; m/s
29-11-2025;13:50:00;4,9; m/s
29-11-2025;14:00:00;4,7; m/s
29-11-2025;14:10:00;5,3; m/s
29-11-2025;14:20:00;6; m/s
29-11-2025;14:30:00;5,8; m/s
29-11-2025;14:40:00;5,9; m/s
29-11-2025;14:50:00;5,3; m/s
29-11-2025;15:00:00;5,1; m/s
29-11-2025;15:10:00;5,4; m/s
29-11-2025;15:20:00;5; m/s
29-11-2025;15:30:00;4,6; m/s
29-11-2025;15:40:00;5,1; m/s
29-11-2025;15:50:00;4,5; m/s
29-11-2025;16:00:00;4,8; m/s
29-11-2025;16:10:00;4,3; m/s
29-11-2025;16:20:00;3; m/s
29-11-2025;16:30:00;2,4; m/s
29-11-2025;16:40:00;3,2; m/s
29-11-2025;16:50:00;4,2; m/s
29-11-2025;17:00:00;2,9; m/s
29-11-2025;17:10:00;2,8; m/s
29-11-2025;17:20:00;2,3; m/s
29-11-2025;17:30:00;2,9; m/s
29-11-2025;17:40:00;2,8; m/s
29-11-2025;17:50:00;3,2; m/s
29-11-2025;18:00:00;3,1; m/s
29-11-2025;18:10:00;2,8; m/s
29-11-2025;18:20:00;2,8; m/s
29-11-2025;18:30:00;3,3; m/s
29-11-2025;18:40:00;3,7; m/s
29-11-2025;18:50:00;3,7; m/s
29-11-2025;19:00:00;3,7; m/s
29-11-2025;19:10:00;3,7; m/s
29-11-2025;19:20:00;3,4; m/s
29-11-2025;19:30:00;3,4; m/s
29-11-2025;19:40:00;3,3; m/s
29-11-2025;19:50:00;3,4; m/s
29-11-2025;20:00:00;3,6; m/s
29-11-2025;20:10:00;3,5; m/s
29-11-2025;20:20:00;3,5; m/s
29-11-2025;20:30:00;3,4; m/s
29-11-2025;20:40:00;3,2; m/s
29-11-2025;20:50:00;2,8; m/s
29-11-2025;21:00:00;2,1; m/s
29-11-2025;21:10:00;2; m/s
29-11-2025;21:20:00;2,3; m/s
29-11-2025;21:30:00;2,3; m/s
29-11-2025;21:40:00;2,5; m/s
29-11-2025;21:50:00;2,4; m/s
29-11-2025;22:00:00;2,3; m/s
29-11-2025;22:10:00;2,1; m/s
29-11-2025;22:20:00;2,1; m/s
29-11-2025;22:30:00;2,3; m/s
29-11-2025;22:40:00;2,3; m/s
29-11-2025;22:50:00;3; m/s
29-11-2025;23:00:00;2,8; m/s
29-11-2025;23:10:00;2,4; m/s
29-11-2025;23:20:00;2,9; m/s
29-11-2025;23:30:00;2,6; m/s
29-11-2025;23:40:00;2,7; m/s
29-11-2025;23:50:00;2,2; m/s
30-11-2025;00:00:00;2,1; m/s
30-11-2025;00:10:00;2,4; m/s
30-11-2025;00:20:00;2,7; m/s
30-11-2025;00:30:00;2,4; m/s
30-11-2025;00:40:00;1,9; m/s
30-11-2025;00:50:00;2,4; m/s
30-11-2025;01:00:00;2,5; m/s
30-11-2025;01:10:00;2,1; m/s
30-11-2025;01:20:00;1,2; m/s
30-11-2025;01:30:00;1,1; m/s
30-11-2025;01:40:00;1,4; m/s
30-11-2025;01:50:00;1,8; m/s
30-11-2025;02:00:00;1,6; m/s
30-11-2025;02:10:00;1,6; m/s
30-11-2025;02:20:00;2; m/s
30-11-2025;02:30:00;2; m/s
30-11-2025;02:40:00;2; m/s
30-11-2025;02:50:00;1,7; m/s
30-11-2025;03:00:00;1,7; m/s
30-11-2025;03:10:00;1,7; m/s
30-11-2025;03:20:00;1,6; m/s
30-11-2025;03:30:00;1,6; m/s
30-11-2025;03:40:00;1,2; m/s
30-11-2025;03:50:00;0,7; m/s
30-11-2025;04:00:00;0,9; m/s
30-11-2025;04:10:00;0,7; m/s
30-11-2025;04:20:00;0,9; m/s
30-11-2025;04:30:00;1; m/s
30-11-2025;04:40:00;1,1; m/s
30-11-2025;04:50:00;1,1; m/s
30-11-2025;05:00:00;1; m/s
30-11-2025;05:10:00;1; m/s
30-11-2025;05:20:00;0,7; m/s
30-11-2025;05:30:00;1,3; m/s
30-11-2025;05:40:00;1,5; m/s
30-11-2025;05:50:00;1,4; m/s
30-11-2025;06:00:00;1,7; m/s
30-11-2025;06:10:00;1,7; m/s
30-11-2025;06:20:00;1,3; m/s
30-11-2025;06:30:00;1,3; m/s
30-11-2025;06:40:00;1,2; m/s
30-11-2025;06:50:00;1,3; m/s
30-11-2025;07:00:00;1,9; m/s
30-11-2025;07:10:00;2,1; m/s
30-11-2025;07:20:00;2,8; m/s
30-11-2025;07:30:00;2,7; m/s
30-11-2025;07:40:00;2,7; m/s
30-11-2025;07:50:00;2,6; m/s
30-11-2025;08:00:00;2,7; m/s
30-11-2025;08:10:00;2,4; m/s
30-11-2025;08:20:00;2,3; m/s
30-11-2025;08:30:00;2,3; m/s
30-11-2025;08:40:00;2,6; m/s
30-11-2025;08:50:00;2,4; m/s
30-11-2025;09:00:00;2,1; m/s
30-11-2025;09:10:00;2,4; m/s
30-11-2025;09:20:00;2,5; m/s
30-11-2025;09:30:00;2,4; m/s
30-11-2025;09:40:00;2,5; m/s
30-11-2025;09:50:00;2,7; m/s
30-11-2025;10:00:00;2,5; m/s
30-11-2025;10:10:00;2,4; m/s
30-11-2025;10:20:00;2,2; m/s
30-11-2025;10:30:00;2,2; m/s
30-11-2025;10:40:00;2,2; m/s
30-11-2025;10:50:00;1,9; m/s
30-11-2025;11:00:00;1,9; m/s
30-11-2025;11:10:00;1,9; m/s
30-11-2025;11:20:00;1,7; m/s
30-11-2025;11:30:00;1,8; m/s
30-11-2025;11:40:00;1,8; m/s
30-11-2025;11:50:00;1,4; m/s
30-11-2025;12:00:00;1,2; m/s
30-11-2025;12:10:00;1,6; m/s
30-11-2025;12:20:00;1,7; m/s
30-11-2025;12:30:00;1,5; m/s
30-11-2025;12:40:00;1,7; m/s
30-11-2025;12:50:00;1,2; m/s
30-11-2025;13:00:00;1,4; m/s
30-11-2025;13:10:00;1,1; m/s
30-11-2025;13:20:00;1,5; m/s
30-11-2025;13:30:00;1,5; m/s
30-11-2025;13:40:00;1,6; m/s
30-11-2025;13:50:00;1,7; m/s
30-11-2025;14:00:00;1,6; m/s
30-11-2025;14:10:00;1,3; m/s
30-11-2025;14:20:00;1,8; m/s
30-11-2025;14:30:00;1,3; m/s
30-11-2025;14:40:00;1,8; m/s
30-11-2025;14:50:00;1,4; m/s
30-11-2025;15:00:00;1,8; m/s
30-11-2025;15:10:00;1,4; m/s
30-11-2025;15:20:00;1,8; m/s
30-11-2025;15:30:00;2,1; m/s
30-11-2025;15:40:00;2,2; m/s
30-11-2025;15:50:00;1,6; m/s
30-11-2025;16:00:00;1,8; m/s
30-11-2025;16:10:00;1,5; m/s
30-11-2025;16:20:00;1,6; m/s
30-11-2025;16:30:00;2,4; m/s
30-11-2025;16:40:00;1,7; m/s
30-11-2025;16:50:00;2; m/s
30-11-2025;17:00:00;1,3; m/s
30-11-2025;17:10:00;1,9; m/s
30-11-2025;17:20:00;2; m/s
30-11-2025;17:30:00;1,2; m/s
30-11-2025;17:40:00;1,9; m/s
30-11-2025;17:50:00;2,9; m/s
30-11-2025;18:00:00;3,1; m/s
30-11-2025;18:10:00;3,2; m/s
30-11-2025;18:20:00;3,2; m/s
30-11-2025;18:30:00;2,9; m/s
30-11-2025;18:40:00;2,4; m/s
30-11-2025;18:50:00;2,1; m/s
30-11-2025;19:00:00;1,9; m/s
30-11-2025;19:10:00;2,1; m/s
30-11-2025;19:20:00;2,3; m/s
30-11-2025;19:30:00;2,2; m/s
30-11-2025;19:40:00;2; m/s
30-11-2025;19:50:00;1,7; m/s
30-11-2025;20:00:00;2; m/s
30-11-2025;20:10:00;1,7; m/s
30-11-2025;20:20:00;1,4; m/s
30-11-2025;20:30:00;1,2; m/s
30-11-2025;20:40:00;0,7; m/s
30-11-2025;20:50:00;0,3; m/s
30-11-2025;21:00:00;0,6; m/s
30-11-2025;21:10:00;1,9; m/s
30-11-2025;21:20:00;2,5; m/s
30-11-2025;21:30:00;2,6; m/s
30-11-2025;21:40:00;2; m/s
30-11-2025;21:50:00;2; m/s
30-11-2025;22:00:00;1,4; m/s
30-11-2025;22:10:00;1,4; m/s
30-11-2025;22:20:00;1,6; m/s
30-11-2025;22:30:00;1,3; m/s
30-11-2025;22:40:00;1,7; m/s
30-11-2025;22:50:00;2,3; m/s
30-11-2025;23:00:00;2,5; m/s
30-11-2025;23:10:00;2,7; m/s
30-11-2025;23:20:00;3,5; m/s
30-11-2025;23:30:00;3,6; m/s
30-11-2025;23:40:00;3,7; m/s
30-11-2025;23:50:00;3,4; m/s
01-12-2025;00:00:00;3,8; m/s
01-12-2025;00:10:00;4,1; m/s
01-12-2025;00:20:00;3,8; m/s
01-12-2025;00:30:00;3,8; m/s
01-12-2025;00:40:00;4; m/s
01-12-2025;00:50:00;3,3; m/s
01-12-2025;01:00:00;3,4; m/s
01-12-2025;01:10:00;3; m/s
01-12-2025;01:20:00;3,3; m/s
01-12-2025;01:30:00;3,7; m/s
01-12-2025;01:40:00;4,1; m/s
01-12-2025;01:50:00;3,6; m/s
01-12-2025;02:00:00;3,7; m/s
01-12-2025;02:10:00;3,6; m/s
01-12-2025;02:20:00;3,3; m/s
01-12-2025;02:30:00;3,4; m/s
01-12-2025;02:40:00;3,2; m/s
01-12-2025;02:50:00;3,4; m/s
01-12-2025;03:00:00;3,2; m/s
01-12-2025;03:10:00;3,4; m/s
01-12-2025;03:20:00;3,3; m/s
01-12-2025;03:30:00;3,3; m/s
01-12-2025;03:40:00;3,4; m/s
01-12-2025;03:50:00;3,7; m/s
01-12-2025;04:00:00;3,4; m/s
01-12-2025;04:10:00;3,4; m/s
01-12-2025;04:20:00;3,5; m/s
01-12-2025;04:30:00;3,9; m/s
01-12-2025;04:40:00;4,2; m/s
01-12-2025;04:50:00;4,2; m/s
01-12-2025;05:00:00;3,8; m/s
01-12-2025;05:10:00;3,6; m/s
01-12-2025;05:20:00;3,3; m/s
01-12-2025;05:30:00;3,3; m/s
01-12-2025;05:40:00;2,9; m/s
01-12-2025;05:50:00;3,3; m/s
01-12-2025;06:00:00;3,7; m/s
01-12-2025;06:10:00;3,8; m/s
01-12-2025;06:20:00;3,7; m/s
01-12-2025;06:30:00;3,5; m/s
01-12-2025;06:40:00;3,9; m/s
01-12-2025;06:50:00;3,5; m/s
01-12-2025;07:00:00;3,8; m/s
01-12-2025;07:10:00;3,6; m/s
01-12-2025;07:20:00;3,5; m/s
01-12-2025;07:30:00;3,3; m/s
01-12-2025;07:40:00;2,9; m/s
01-12-2025;07:50:00;3,1; m/s
01-12-2025;08:00:00;3,3; m/s
01-12-2025;08:10:00;2,8; m/s
01-12-2025;08:20:00;2,7; m/s
01-12-2025;08:30:00;2,9; m/s
01-12-2025;08:40:00;2,7; m/s
01-12-2025;08:50:00;2,9; m/s
01-12-2025;09:00:00;3,1; m/s
01-12-2025;09:10:00;2,7; m/s
01-12-2025;09:20:00;2,7; m/s
01-12-2025;09:30:00;2,4; m/s
01-12-2025;09:40:00;2,9; m/s
01-12-2025;09:50:00;2,3; m/s
01-12-2025;10:00:00;2,5; m/s
01-12-2025;10:10:00;2,7; m/s
01-12-2025;10:20:00;2,7; m/s
01-12-2025;10:30:00;2,2; m/s
01-12-2025;10:40:00;2,7; m/s
01-12-2025;10:50:00;3,1; m/s
01-12-2025;11:00:00;3; m/s
01-12-2025;11:10:00;2,9; m/s
01-12-2025;11:20:00;3; m/s
01-12-2025;11:30:00;2,9; m/s
01-12-2025;11:40:00;2,7; m/s
01-12-2025;11:50:00;2,9; m/s
01-12-2025;12:00:00;2,8; m/s
01-12-2025;12:10:00;2,7; m/s
01-12-2025;12:20:00;2,4; m/s
01-12-2025;12:30:00;2,3; m/s
01-12-2025;12:40:00;2,6; m/s
01-12-2025;12:50:00;2,6; m/s
01-12-2025;13:00:00;2,6; m/s
01-12-2025;13:10:00;2,6; m/s
01-12-2025;13:20:00;2,8; m/s
01-12-2025;13:30:00;2,6; m/s
01-12-2025;13:40:00;2,4; m/s
01-12-2025;13:50:00;2,2; m/s
01-12-2025;14:00:00;2,2; m/s
01-12-2025;14:10:00;1,9; m/s
01-12-2025;14:20:00;1,9; m/s
01-12-2025;14:30:00;2; m/s
01-12-2025;14:40:00;2,3; m/s
01-12-2025;14:50:00;1,8; m/s
01-12-2025;15:00:00;2; m/s
01-12-2025;15:10:00;2,4; m/s
01-12-2025;15:20:00;2,3; m/s
01-12-2025;15:30:00;1,8; m/s
01-12-2025;15:40:00;2; m/s
01-12-2025;15:50:00;2,2; m/s
01-12-2025;16:00:00;2,2; m/s
01-12-2025;16:10:00;2,4; m/s
01-12-2025;16:20:00;2,6; m/s
01-12-2025;16:30:00;2,3; m/s
01-12-2025;16:40:00;2,8; m/s
01-12-2025;16:50:00;2,3; m/s
01-12-2025;17:00:00;2,1; m/s
01-12-2025;17:10:00;2,6; m/s
01-12-2025;17:20:00;3; m/s
01-12-2025;17:30:00;2,2; m/s
01-12-2025;17:40:00;3; m/s
01-12-2025;17:50:00;3,3; m/s
01-12-2025;18:00:00;3,6; m/s
01-12-2025;18:10:00;3,5; m/s
01-12-2025;18:20:00;3,4; m/s
01-12-2025;18:30:00;2,9; m/s
01-12-2025;18:40:00;2,7; m/s
01-12-2025;18:50:00;2,4; m/s
01-12-2025;19:00:00;2,5; m/s
01-12-2025;19:10:00;2,3; m/s
01-12-2025;19:20:00;2,2; m/s
01-12-2025;19:30:00;2,2; m/s
01-12-2025;19:40:00;1,9; m/s
01-12-2025;19:50:00;2,1; m/s
01-12-2025;20:00:00;2; m/s
01-12-2025;20:10:00;2,8; m/s
01-12-2025;20:20:00;2,5; m/s
01-12-2025;20:30:00;2,8; m/s
01-12-2025;20:40:00;2,4; m/s
01-12-2025;20:50:00;2; m/s
01-12-2025;21:00:00;0,9; m/s
01-12-2025;21:10:00;3,2; m/s
01-12-2025;21:20:00;5,7; m/s
01-12-2025;21:30:00;3,2; m/s
01-12-2025;21:40:00;3,6; m/s
01-12-2025;21:50:00;3,9; m/s
01-12-2025;22:00:00;2,7; m/s
01-12-2025;22:10:00;1,7; m/s
01-12-2025;22:20:00;1,3; m/s
01-12-2025;22:30:00;2,5; m/s
01-12-2025;22:40:00;2,5; m/s
01-12-2025;22:50:00;2,5; m/s
01-12-2025;23:00:00;1; m/s
01-12-2025;23:10:00;1,2; m/s
01-12-2025;23:20:00;1,3; m/s
01-12-2025;23:30:00;1,4; m/s
01-12-2025;23:40:00;2; m/s
01-12-2025;23:50:00;1; m/s
02-12-2025;00:00:00;1,8; m/s
02-12-2025;00:10:00;2,6; m/s
02-12-2025;00:20:00;2,5; m/s
02-12-2025;00:30:00;2,8; m/s
02-12-2025;00:40:00;2; m/s
02-12-2025;00:50:00;2,5; m/s
02-12-2025;01:00:00;2,3; m/s
02-12-2025;01:10:00;2,2; m/s
02-12-2025;01:20:00;2,9; m/s
02-12-2025;01:30:00;1,8; m/s
02-12-2025;01:40:00;2,1; m/s
02-12-2025;01:50:00;1,3; m/s
02-12-2025;02:00:00;2,1; m/s
02-12-2025;02:10:00;3,3; m/s
02-12-2025;02:20:00;3,7; m/s
02-12-2025;02:30:00;2,6; m/s
02-12-2025;02:40:00;2,8; m/s
02-12-2025;02:50:00;3,6; m/s
02-12-2025;03:00:00;3,7; m/s
02-12-2025;03:10:00;3,5; m/s
02-12-2025;03:20:00;3,3; m/s
02-12-2025;03:30:00;3,1; m/s
02-12-2025;03:40:00;3,1; m/s
02-12-2025;03:50:00;3,2; m/s
02-12-2025;04:00:00;2,8; m/s
02-12-2025;04:10:00;2,8; m/s
02-12-2025;04:20:00;2,7; m/s
02-12-2025;04:30:00;3; m/s
02-12-2025;04:40:00;2,7; m/s
02-12-2025;04:50:00;3,2; m/s
02-12-2025;05:00:00;3,2; m/s
02-12-2025;05:10:00;3,2; m/s
02-12-2025;05:20:00;2,9; m/s
02-12-2025;05:30:00;3,2; m/s
02-12-2025;05:40:00;4; m/s
02-12-2025;05:50:00;3,9; m/s
02-12-2025;06:00:00;4; m/s
02-12-2025;06:10:00;3,9; m/s
02-12-2025;06:20:00;3,9; m/s
02-12-2025;06:30:00;3,6; m/s
02-12-2025;06:40:00;3,5; m/s
02-12-2025;06:50:00;3,7; m/s
02-12-2025;07:00:00;4; m/s
02-12-2025;07:10:00;4,4; m/s
02-12-2025;07:20:00;3,9; m/s
02-12-2025;07:30:00;4,1; m/s
02-12-2025;07:40:00;3,7; m/s
02-12-2025;07:50:00;3,9; m/s
02-12-2025;08:00:00;4,2; m/s
02-12-2025;08:10:00;4,4; m/s
02-12-2025;08:20:00;4,1; m/s
02-12-2025;08:30:00;3,6; m/s
02-12-2025;08:40:00;3,8; m/s
02-12-2025;08:50:00;3,4; m/s
02-12-2025;09:00:00;3,7; m/s
02-12-2025;09:10:00;3,6; m/s
02-12-2025;09:20:00;2,7; m/s
02-12-2025;09:30:00;4; m/s
02-12-2025;09:40:00;4,7; m/s
02-12-2025;09:50:00;5,1; m/s
02-12-2025;10:00:00;2,5; m/s
02-12-2025;10:10:00;0,8; m/s
02-12-2025;10:20:00;1,8; m/s
02-12-2025;10:30:00;3; m/s
02-12-2025;10:40:00;2,9; m/s
02-12-2025;10:50:00;2,5; m/s
02-12-2025;11:00:00;1,6; m/s
02-12-2025;11:10:00;1,8; m/s
02-12-2025;11:20:00;2,1; m/s
02-12-2025;11:30:00;1,8; m/s
02-12-2025;11:40:00;2; m/s
02-12-2025;11:50:00;2,2; m/s
02-12-2025;12:00:00;2,3; m/s
02-12-2025;12:10:00;2,6; m/s
02-12-2025;12:20:00;2,5; m/s
02-12-2025;12:30:00;3,2; m/s
02-12-2025;12:40:00;3,4; m/s
02-12-2025;12:50:00;2,6; m/s
02-12-2025;13:00:00;1,8; m/s
02-12-2025;13:10:00;2,3; m/s
02-12-2025;13:20:00;2,3; m/s
02-12-2025;13:30:00;2,7; m/s
02-12-2025;13:40:00;2,2; m/s
02-12-2025;13:50:00;2,1; m/s
02-12-2025;14:00:00;1,8; m/s
02-12-2025;14:10:00;2,1; m/s
02-12-2025;14:20:00;2,1; m/s
02-12-2025;14:30:00;1,4; m/s
02-12-2025;14:40:00;1,2; m/s
02-12-2025;14:50:00;1,6; m/s
02-12-2025;15:00:00;2; m/s
02-12-2025;15:10:00;2,4; m/s
02-12-2025;15:20:00;2,5; m/s
02-12-2025;15:30:00;3; m/s
02-12-2025;15:40:00;3,4; m/s
02-12-2025;15:50:00;3,7; m/s
02-12-2025;16:00:00;3,5; m/s
02-12-2025;16:10:00;3,3; m/s
02-12-2025;16:20:00;3; m/s
02-12-2025;16:30:00;2,7; m/s
02-12-2025;16:40:00;3,2; m/s
02-12-2025;16:50:00;4,4; m/s
02-12-2025;17:00:00;4,5; m/s
02-12-2025;17:10:00;3,9; m/s
02-12-2025;17:20:00;3,2; m/s
02-12-2025;17:30:00;3,3; m/s
02-12-2025;17:40:00;3,9; m/s
02-12-2025;17:50:00;3,4; m/s
02-12-2025;18:00:00;3,4; m/s
02-12-2025;18:10:00;2,3; m/s
02-12-2025;18:20:00;2,6; m/s
02-12-2025;18:30:00;2,8; m/s
02-12-2025;18:40:00;3; m/s
02-12-2025;18:50:00;3,2; m/s
02-12-2025;19:00:00;3,2; m/s
02-12-2025;19:10:00;4,1; m/s
02-12-2025;19:20:00;3,4; m/s
02-12-2025;19:30:00;4,2; m/s
02-12-2025;19:40:00;3,5; m/s
02-12-2025;19:50:00;5,6; m/s
02-12-2025;20:00:00;5,7; m/s
02-12-2025;20:10:00;5,9; m/s
02-12-2025;20:20:00;3,3; m/s
02-12-2025;20:30:00;3,7; m/s
02-12-2025;20:40:00;5,9; m/s
02-12-2025;20:50:00;7,2; m/s
02-12-2025;21:00:00;5,7; m/s
02-12-2025;21:10:00;3,9; m/s
02-12-2025;21:20:00;3,2; m/s
02-12-2025;21:30:00;4,4; m/s
02-12-2025;21:40:00;4,3; m/s
02-12-2025;21:50:00;3,7; m/s
02-12-2025;22:00:00;3,8; m/s
02-12-2025;22:10:00;2,9; m/s
02-12-2025;22:20:00;2,1; m/s
02-12-2025;22:30:00;2,3; m/s
02-12-2025;22:40:00;3,8; m/s
02-12-2025;22:50:00;4; m/s
02-12-2025;23:00:00;3,3; m/s
02-12-2025;23:10:00;2,8; m/s
02-12-2025;23:20:00;2,4; m/s
02-12-2025;23:30:00;2,8; m/s
02-12-2025;23:40:00;2,6; m/s
02-12-2025;23:50:00;3,2; m/s
03-12-2025;00:00:00;3,2; m/s
03-12-2025;00:10:00;3,3; m/s
03-12-2025;00:20:00;3,4; m/s
03-12-2025;00:30:00;3,5; m/s
03-12-2025;00:40:00;2,6; m/s
03-12-2025;00:50:00;2,5; m/s
03-12-2025;01:00:00;3,2; m/s
03-12-2025;01:10:00;3,1; m/s
03-12-2025;01:20:00;3,1; m/s
03-12-2025;01:30:00;3,2; m/s
03-12-2025;01:40:00;2,9; m/s
03-12-2025;01:50:00;2,6; m/s
03-12-2025;02:00:00;3; m/s
03-12-2025;02:10:00;2,4; m/s
03-12-2025;02:20:00;2,4; m/s
03-12-2025;02:30:00;2,6; m/s
03-12-2025;02:40:00;3,1; m/s
03-12-2025;02:50:00;3,1; m/s
03-12-2025;03:00:00;3,9; m/s
03-12-2025;03:10:00;3,3; m/s
03-12-2025;03:20:00;3,2; m/s
03-12-2025;03:30:00;3,4; m/s
03-12-2025;03:40:00;3,5; m/s
03-12-2025;03:50:00;3,3; m/s
03-12-2025;04:00:00;2,4; m/s
03-12-2025;04:10:00;2,2; m/s
03-12-2025;04:20:00;2,6; m/s
03-12-2025;04:30:00;3,1; m/s
03-12-2025;04:40:00;3,1; m/s
03-12-2025;04:50:00;2,9; m/s
03-12-2025;05:00:00;3; m/s
03-12-2025;05:10:00;3,1; m/s
03-12-2025;05:20:00;3,3; m/s
03-12-2025;05:30:00;2,7; m/s
03-12-2025;05:40:00;2,3; m/s
03-12-2025;05:50:00;2,2; m/s
03-12-2025;06:00:00;2,5; m/s
03-12-2025;06:10:00;2,6; m/s
03-12-2025;06:20:00;2; m/s
03-12-2025;06:30:00;2,6; m/s
03-12-2025;06:40:00;3,8; m/s
03-12-2025;06:50:00;3,1; m/s
03-12-2025;07:00:00;3,2; m/s
03-12-2025;07:10:00;3,1; m/s
03-12-2025;07:20:00;3,5; m/s
03-12-2025;07:30:00;3,3; m/s
03-12-2025;07:40:00;3; m/s
03-12-2025;07:50:00;3; m/s
03-12-2025;08:00:00;2,8; m/s
03-12-2025;08:10:00;2,7; m/s
03-12-2025;08:20:00;2,8; m/s
03-12-2025;08:30:00;2,6; m/s
03-12-2025;08:40:00;2,5; m/s
03-12-2025;08:50:00;2,1; m/s
03-12-2025;09:00:00;2,6; m/s
03-12-2025;09:10:00;3; m/s
03-12-2025;09:20:00;2,7; m/s
03-12-2025;09:30:00;2,3; m/s
03-12-2025;09:40:00;2,2; m/s
03-12-2025;09:50:00;2,2; m/s
03-12-2025;10:00:00;2; m/s
03-12-2025;10:10:00;2,1; m/s
03-12-2025;10:20:00;2; m/s
03-12-2025;10:30:00;2,5; m/s
03-12-2025;10:40:00;2,4; m/s
03-12-2025;10:50:00;1,9; m/s
03-12-2025;11:00:00;1,8; m/s
03-12-2025;11:10:00;1,9; m/s
03-12-2025;11:20:00;1,7; m/s
03-12-2025;11:30:00;2,1; m/s
03-12-2025;11:40:00;1,5; m/s
03-12-2025;11:50:00;2; m/s
03-12-2025;12:00:00;2; m/s
03-12-2025;12:10:00;1,8; m/s
03-12-2025;12:20:00;1,8; m/s
03-12-2025;12:30:00;1,9; m/s
03-12-2025;12:40:00;2; m/s
03-12-2025;12:50:00;2,1; m/s
03-12-2025;13:00:00;1,7; m/s
03-12-2025;13:10:00;1,9; m/s
03-12-2025;13:20:00;1,3; m/s
03-12-2025;13:30:00;1,7; m/s
03-12-2025;13:40:00;1,6; m/s
03-12-2025;13:50:00;1,7; m/s
03-12-2025;14:00:00;1,5; m/s
03-12-2025;14:10:00;1,3; m/s
03-12-2025;14:20:00;1,7; m/s
03-12-2025;14:30:00;2,5; m/s
03-12-2025;14:40:00;1,7; m/s
03-12-2025;14:50:00;2,1; m/s
03-12-2025;15:00:00;1,6; m/s
03-12-2025;15:10:00;2,7; m/s
03-12-2025;15:20:00;2,6; m/s
03-12-2025;15:30:00;2,8; m/s
03-12-2025;15:40:00;2,7; m/s
03-12-2025;15:50:00;3,3; m/s
03-12-2025;16:00:00;3,4; m/s
03-12-2025;16:10:00;2,3; m/s
03-12-2025;16:20:00;2,6; m/s
03-12-2025;16:30:00;2,8; m/s
03-12-2025;16:40:00;3,1; m/s
03-12-2025;16:50:00;2,6; m/s
03-12-2025;17:00:00;2,9; m/s
03-12-2025;17:10:00;2,8; m/s
03-12-2025;17:20:00;2,9; m/s
03-12-2025;17:30:00;2,8; m/s
03-12-2025;17:40:00;2,6; m/s
03-12-2025;17:50:00;2,6; m/s
03-12-2025;18:00:00;2,8; m/s
03-12-2025;18:10:00;3,1; m/s
03-12-2025;18:20:00;3,4; m/s
03-12-2025;18:30:00;3,8; m/s
03-12-2025;18:40:00;4,2; m/s
03-12-2025;18:50:00;4,3; m/s
03-12-2025;19:00:00;3,5; m/s
03-12-2025;19:10:00;2,8; m/s
03-12-2025;19:20:00;3,2; m/s
03-12-2025;19:30:00;2,9; m/s
03-12-2025;19:40:00;2,5; m/s
03-12-2025;19:50:00;1,8; m/s
03-12-2025;20:00:00;1,4; m/s
03-12-2025;20:10:00;1; m/s
03-12-2025;20:20:00;1,2; m/s
03-12-2025;20:30:00;1,3; m/s
03-12-2025;20:40:00;2,3; m/s
03-12-2025;20:50:00;3; m/s
03-12-2025;21:00:00;2,4; m/s
03-12-2025;21:10:00;1,9; m/s
03-12-2025;21:20:00;2,1; m/s
03-12-2025;21:30:00;1,4; m/s
03-12-2025;21:40:00;1,4; m/s
03-12-2025;21:50:00;1,6; m/s
03-12-2025;22:00:00;1,8; m/s
03-12-2025;22:10:00;1,9; m/s
03-12-2025;22:20:00;1,9; m/s
03-12-2025;22:30:00;1,6; m/s
03-12-2025;22:40:00;1,5; m/s
03-12-2025;22:50:00;1,5; m/s
03-12-2025;23:00:00;1,8; m/s
03-12-2025;23:10:00;3,1; m/s
03-12-2025;23:20:00;3,4; m/s
03-12-2025;23:30:00;2,9; m/s
03-12-2025;23:40:00;2,5; m/s
03-12-2025;23:50:00;2,3; m/s
04-12-2025;00:00:00;2,8; m/s
04-12-2025;00:10:00;2,6; m/s
04-12-2025;00:20:00;2,2; m/s
04-12-2025;00:30:00;1,4; m/s
04-12-2025;00:40:00;0,6; m/s
04-12-2025;00:50:00;0,8; m/s
04-12-2025;01:00:00;1,4; m/s
04-12-2025;01:10:00;1; m/s
04-12-2025;01:20:00;0,6; m/s
04-12-2025;01:30:00;0,9; m/s
04-12-2025;01:40:00;1,7; m/s
04-12-2025;01:50:00;1,9; m/s
04-12-2025;02:00:00;2,4; m/s
04-12-2025;02:10:00;2,2; m/s
04-12-2025;02:20:00;2; m/s
04-12-2025;02:30:00;1,7; m/s
04-12-2025;02:40:00;1,3; m/s
04-12-2025;02:50:00;1; m/s
04-12-2025;03:00:00;1,1; m/s
04-12-2025;03:10:00;1,3; m/s
04-12-2025;03:20:00;1,2; m/s
04-12-2025;03:30:00;1,2; m/s
04-12-2025;03:40:00;1,5; m/s
04-12-2025;03:50:00;0,9; m/s
04-12-2025;04:00:00;0,9; m/s
04-12-2025;04:10:00;1,8; m/s
04-12-2025;04:20:00;2,2; m/s
04-12-2025;04:30:00;2,2; m/s
04-12-2025;04:40:00;1,8; m/s
04-12-2025;04:50:00;1,8; m/s
04-12-2025;05:00:00;2,4; m/s
04-12-2025;05:10:00;2,3; m/s
04-12-2025;05:20:00;2,5; m/s
04-12-2025;05:30:00;3; m/s
04-12-2025;05:40:00;3,1; m/s
04-12-2025;05:50:00;2,8; m/s
04-12-2025;06:00:00;1,2; m/s
04-12-2025;06:10:00;1,2; m/s
04-12-2025;06:20:00;2,7; m/s
04-12-2025;06:30:00;2,5; m/s
04-12-2025;06:40:00;3,2; m/s
04-12-2025;06:50:00;4,7; m/s
04-12-2025;07:00:00;5,4; m/s
04-12-2025;07:10:00;5,5; m/s
04-12-2025;07:20:00;5,1; m/s
04-12-2025;07:30:00;4,3; m/s
04-12-2025;07:40:00;2,4; m/s
04-12-2025;07:50:00;2,2; m/s
04-12-2025;08:00:00;3,4; m/s
04-12-2025;08:10:00;3,4; m/s
04-12-2025;08:20:00;3,9; m/s
04-12-2025;08:30:00;3,6; m/s
04-12-2025;08:40:00;3,2; m/s
04-12-2025;08:50:00;3; m/s
04-12-2025;09:00:00;2,8; m/s
04-12-2025;09:10:00;3,6; m/s
04-12-2025;09:20:00;2,9; m/s
04-12-2025;09:30:00;1,4; m/s
04-12-2025;09:40:00;1,4; m/s
04-12-2025;09:50:00;0,5; m/s
04-12-2025;10:00:00;1,3; m/s
04-12-2025;10:10:00;1,3; m/s
04-12-2025;10:20:00;1,4; m/s
04-12-2025;10:30:00;1,7; m/s
04-12-2025;10:40:00;1,1; m/s
04-12-2025;10:50:00;1,1; m/s
04-12-2025;11:00:00;1,3; m/s
04-12-2025;11:10:00;1,3; m/s
04-12-2025;11:20:00;1,8; m/s
04-12-2025;11:30:00;2,2; m/s
04-12-2025;11:40:00;1,8; m/s
04-12-2025;11:50:00;1,6; m/s
04-12-2025;12:00:00;2; m/s
04-12-2025;12:10:00;2,1; m/s
04-12-2025;12:20:00;2; m/s
04-12-2025;12:30:00;1,8; m/s
04-12-2025;12:40:00;3,7; m/s
04-12-2025;12:50:00;5,5; m/s
04-12-2025;13:00:00;6,1; m/s
04-12-2025;13:10:00;7,4; m/s
04-12-2025;13:20:00;7,5; m/s
04-12-2025;13:30:00;6,5; m/s
04-12-2025;13:40:00;6,1; m/s
04-12-2025;13:50:00;5,6; m/s
04-12-2025;14:00:00;5,3; m/s
04-12-2025;14:10:00;5; m/s
04-12-2025;14:20:00;4,4; m/s
04-12-2025;14:30:00;4,3; m/s
04-12-2025;14:40:00;3,9; m/s
04-12-2025;14:50:00;4; m/s
04-12-2025;15:00:00;4,3; m/s
04-12-2025;15:10:00;3,7; m/s
04-12-2025;15:20:00;3,2; m/s
04-12-2025;15:30:00;3,3; m/s
04-12-2025;15:40:00;2,9; m/s
04-12-2025;15:50:00;2,7; m/s
04-12-2025;16:00:00;2,3; m/s
04-12-2025;16:10:00;2,1; m/s
04-12-2025;16:20:00;2,4; m/s
04-12-2025;16:30:00;2,1; m/s
04-12-2025;16:40:00;2,5; m/s
04-12-2025;16:50:00;1,7; m/s
04-12-2025;17:00:00;1,8; m/s
04-12-2025;17:10:00;1,2; m/s
04-12-2025;17:20:00;1; m/s
04-12-2025;17:30:00;1,6; m/s
04-12-2025;17:40:00;1,8; m/s
04-12-2025;17:50:00;1,6; m/s
04-12-2025;18:00:00;2,7; m/s
04-12-2025;18:10:00;2,1; m/s
04-12-2025;18:20:00;1,8; m/s
04-12-2025;18:30:00;1,7; m/s
04-12-2025;18:40:00;2; m/s
04-12-2025;18:50:00;1,6; m/s
04-12-2025;19:00:00;2; m/s
04-12-2025;19:10:00;1,8; m/s
04-12-2025;19:20:00;2,3; m/s
04-12-2025;19:30:00;2,1; m/s
04-12-2025;19:40:00;1,8; m/s
04-12-2025;19:50:00;2; m/s
04-12-2025;20:00:00;2,4; m/s
04-12-2025;20:10:00;2; m/s
04-12-2025;20:20:00;2,4; m/s
04-12-2025;20:30:00;2,5; m/s
04-12-2025;20:40:00;2; m/s
04-12-2025;20:50:00;1,8; m/s
04-12-2025;21:00:00;2,6; m/s
04-12-2025;21:10:00;2,8; m/s
04-12-2025;21:20:00;2,7; m/s
04-12-2025;21:30:00;3,7; m/s
04-12-2025;21:40:00;3,5; m/s
04-12-2025;21:50:00;3,3; m/s
04-12-2025;22:00:00;3; m/s
04-12-2025;22:10:00;3,4; m/s
04-12-2025;22:20:00;3,8; m/s
04-12-2025;22:30:00;3,1; m/s
04-12-2025;22:40:00;2,9; m/s
04-12-2025;22:50:00;3; m/s
04-12-2025;23:00:00;2,3; m/s
04-12-2025;23:10:00;2,5; m/s
04-12-2025;23:20:00;4,5; m/s
04-12-2025;23:30:00;4,1; m/s
04-12-2025;23:40:00;4,9; m/s
04-12-2025;23:50:00;4,6; m/s
05-12-2025;00:00:00;4,4; m/s
05-12-2025;00:10:00;3,9; m/s
05-12-2025;00:20:00;3,3; m/s
05-12-2025;00:30:00;2,4; m/s
05-12-2025;00:40:00;2,3; m/s
05-12-2025;00:50:00;1,7; m/s
05-12-2025;01:00:00;1,6; m/s
05-12-2025;01:10:00;1,8; m/s
05-12-2025;01:20:00;2,5; m/s
05-12-2025;01:30:00;2,1; m/s
05-12-2025;01:40:00;3,1; m/s
05-12-2025;01:50:00;2,9; m/s
05-12-2025;02:00:00;2,8; m/s
05-12-2025;02:10:00;2,7; m/s
05-12-2025;02:20:00;1,6; m/s
05-12-2025;02:30:00;2; m/s
05-12-2025;02:40:00;2,3; m/s
05-12-2025;02:50:00;3,7; m/s
05-12-2025;03:00:00;2,1; m/s
05-12-2025;03:10:00;3,3; m/s
05-12-2025;03:20:00;3,6; m/s
05-12-2025;03:30:00;5,6; m/s
05-12-2025;03:40:00;2,9; m/s
05-12-2025;03:50:00;2,7; m/s
05-12-2025;04:00:00;3,4; m/s
05-12-2025;04:10:00;3,9; m/s
05-12-2025;04:20:00;3,5; m/s
05-12-2025;04:30:00;3; m/s
05-12-2025;04:40:00;3,3; m/s
05-12-2025;04:50:00;3,8; m/s
05-12-2025;05:00:00;2,8; m/s
05-12-2025;05:10:00;1,9; m/s
05-12-2025;05:20:00;2,2; m/s
05-12-2025;05:30:00;2,1; m/s
05-12-2025;05:40:00;1,4; m/s
05-12-2025;05:50:00;1,9; m/s
05-12-2025;06:00:00;1,7; m/s
05-12-2025;06:10:00;1,4; m/s
05-12-2025;06:20:00;2,3; m/s
05-12-2025;06:30:00;2,2; m/s
05-12-2025;06:40:00;2,1; m/s
05-12-2025;06:50:00;2; m/s
05-12-2025;07:00:00;2; m/s
05-12-2025;07:10:00;2,5; m/s
05-12-2025;07:20:00;2,6; m/s
05-12-2025;07:30:00;2,8; m/s
05-12-2025;07:40:00;3,2; m/s
05-12-2025;07:50:00;3,2; m/s
05-12-2025;08:00:00;3,5; m/s
05-12-2025;08:10:00;3,6; m/s
05-12-2025;08:20:00;3,5; m/s
05-12-2025;08:30:00;3; m/s
05-12-2025;08:40:00;3; m/s
05-12-2025;08:50:00;3,2; m/s
05-12-2025;09:00:00;3,2; m/s
05-12-2025;09:10:00;3,1; m/s
05-12-2025;09:20:00;3,2; m/s
05-12-2025;09:30:00;3,1; m/s
05-12-2025;09:40:00;2,2; m/s
05-12-2025;09:50:00;1,9; m/s
05-12-2025;10:00:00;1,3; m/s
05-12-2025;10:10:00;1,5; m/s
05-12-2025;10:20:00;1,3; m/s
05-12-2025;10:30:00;1,1; m/s
05-12-2025;10:40:00;1,6; m/s
05-12-2025;10:50:00;2; m/s
05-12-2025;11:00:00;2,4; m/s
05-12-2025;11:10:00;8,1; m/s
05-12-2025;11:20:00;6,7; m/s
05-12-2025;11:30:00;6,6; m/s
05-12-2025;11:40:00;4,9; m/s
05-12-2025;11:50:00;2,5; m/s
05-12-2025;12:00:00;2,8; m/s
05-12-2025;12:10:00;2,5; m/s
05-12-2025;12:20:00;2,7; m/s
05-12-2025;12:30:00;3; m/s
05-12-2025;12:40:00;3; m/s
05-12-2025;12:50:00;2,4; m/s
05-12-2025;13:00:00;2,5; m/s
05-12-2025;13:10:00;1,2; m/s
05-12-2025;13:20:00;1,5; m/s
05-12-2025;13:30:00;0,9; m/s
05-12-2025;13:40:00;1; m/s
05-12-2025;13:50:00;0,9; m/s
05-12-2025;14:00:00;1,3; m/s
05-12-2025;14:10:00;1,1; m/s
05-12-2025;14:20:00;1,6; m/s
05-12-2025;14:30:00;1,7; m/s
05-12-2025;14:40:00;1,1; m/s
05-12-2025;14:50:00;1; m/s
05-12-2025;15:00:00;1; m/s
05-12-2025;15:10:00;0,9; m/s
05-12-2025;15:20:00;1; m/s
05-12-2025;15:30:00;1,6; m/s
05-12-2025;15:40:00;1,3; m/s
05-12-2025;15:50:00;1,5; m/s
05-12-2025;16:00:00;1,4; m/s
05-12-2025;16:10:00;2,1; m/s
05-12-2025;16:20:00;2,5; m/s
05-12-2025;16:30:00;2,7; m/s
05-12-2025;16:40:00;2,2; m/s
05-12-2025;16:50:00;1,7; m/s
05-12-2025;17:00:00;2,3; m/s
05-12-2025;17:10:00;2,3; m/s
05-12-2025;17:20:00;2,4; m/s
05-12-2025;17:30:00;3,3; m/s
05-12-2025;17:40:00;3; m/s
05-12-2025;17:50:00;2,7; m/s
05-12-2025;18:00:00;1,8; m/s
05-12-2025;18:10:00;1,7; m/s
05-12-2025;18:20:00;2,7; m/s
05-12-2025;18:30:00;2,7; m/s
05-12-2025;18:40:00;2,4; m/s
05-12-2025;18:50:00;2,8; m/s
05-12-2025;19:00:00;2,7; m/s
05-12-2025;19:10:00;2,6; m/s
05-12-2025;19:20:00;3,6; m/s
05-12-2025;19:30:00;3,8; m/s
05-12-2025;19:40:00;4,4; m/s
05-12-2025;19:50:00;4,7; m/s
05-12-2025;20:00:00;4,3; m/s
05-12-2025;20:10:00;3,7; m/s
05-12-2025;20:20:00;4; m/s
05-12-2025;20:30:00;3,9; m/s
05-12-2025;20:40:00;4; m/s
05-12-2025;20:50:00;3,8; m/s
05-12-2025;21:00:00;4,3; m/s
05-12-2025;21:10:00;4,4; m/s
05-12-2025;21:20:00;4,7; m/s
05-12-2025;21:30:00;4,9; m/s
05-12-2025;21:40:00;5; m/s
05-12-2025;21:50:00;5,3; m/s
05-12-2025;22:00:00;4,7; m/s
05-12-2025;22:10:00;2,9; m/s
05-12-2025;22:20:00;3,8; m/s
05-12-2025;22:30:00;2,9; m/s
05-12-2025;22:40:00;3,2; m/s
05-12-2025;22:50:00;3,8; m/s
05-12-2025;23:00:00;4; m/s
05-12-2025;23:10:00;3,5; m/s
05-12-2025;23:20:00;3,3; m/s
05-12-2025;23:30:00;4,2; m/s
05-12-2025;23:40:00;3,8; m/s
05-12-2025;23:50:00;4,3; m/s
06-12-2025;00:00:00;4,2; m/s
06-12-2025;00:10:00;4,6; m/s
06-12-2025;00:20:00;4,6; m/s
06-12-2025;00:30:00;4,3; m/s
06-12-2025;00:40:00;2,7; m/s
06-12-2025;00:50:00;2,5; m/s
06-12-2025;01:00:00;2; m/s
06-12-2025;01:10:00;2,3; m/s
06-12-2025;01:20:00;2; m/s
06-12-2025;01:30:00;2,3; m/s
06-12-2025;01:40:00;3,2; m/s
06-12-2025;01:50:00;3,3; m/s
06-12-2025;02:00:00;3,3; m/s
06-12-2025;02:10:00;3,5; m/s
06-12-2025;02:20:00;2,7; m/s
06-12-2025;02:30:00;3,2; m/s
06-12-2025;02:40:00;2,8; m/s
06-12-2025;02:50:00;2,7; m/s
06-12-2025;03:00:00;3; m/s
06-12-2025;03:10:00;2,4; m/s
06-12-2025;03:20:00;2,2; m/s
06-12-2025;03:30:00;3; m/s
06-12-2025;03:40:00;2,8; m/s
06-12-2025;03:50:00;3; m/s
06-12-2025;04:00:00;2,6; m/s
06-12-2025;04:10:00;2,7; m/s
06-12-2025;04:20:00;3,5; m/s
06-12-2025;04:30:00;2,7; m/s
06-12-2025;04:40:00;2,1; m/s
06-12-2025;04:50:00;0,7; m/s
06-12-2025;05:00:00;1,6; m/s
06-12-2025;05:10:00;1,1; m/s
06-12-2025;05:20:00;1; m/s
06-12-2025;05:30:00;1,6; m/s
06-12-2025;05:40:00;0,9; m/s
06-12-2025;05:50:00;0,2; m/s
06-12-2025;06:00:00;0,6; m/s
06-12-2025;06:10:00;0,5; m/s
06-12-2025;06:20:00;0,6; m/s
06-12-2025;06:30:00;1; m/s
06-12-2025;06:40:00;0,9; m/s
06-12-2025;06:50:00;0,9; m/s
06-12-2025;07:00:00;2; m/s
06-12-2025;07:10:00;1,3; m/s
06-12-2025;07:20:00;2; m/s
06-12-2025;07:30:00;0,6; m/s
06-12-2025;07:40:00;0,2; m/s
06-12-2025;07:50:00;1; m/s
06-12-2025;08:00:00;1,7; m/s
06-12-2025;08:10:00;2,2; m/s
06-12-2025;08:20:00;3; m/s
06-12-2025;08:30:00;2,4; m/s
06-12-2025;08:40:00;1,4; m/s
06-12-2025;08:50:00;2; m/s
06-12-2025;09:00:00;2,5; m/s
06-12-2025;09:10:00;2,3; m/s
06-12-2025;09:20:00;2,1; m/s
06-12-2025;09:30:00;2,1; m/s
06-12-2025;09:40:00;2,4; m/s
06-12-2025;09:50:00;2,2; m/s
06-12-2025;10:00:00;2,2; m/s
06-12-2025;10:10:00;2; m/s
06-12-2025;10:20:00;1,9; m/s
06-12-2025;10:30:00;1,9; m/s
06-12-2025;10:40:00;1,5; m/s
06-12-2025;10:50:00;1,1; m/s
06-12-2025;11:00:00;1,3; m/s
06-12-2025;11:10:00;1,2; m/s
06-12-2025;11:20:00;1,3; m/s
06-12-2025;11:30:00;1,7; m/s
06-12-2025;11:40:00;3,6; m/s
06-12-2025;11:50:00;3,8; m/s
06-12-2025;12:00:00;3,8; m/s
06-12-2025;12:10:00;4,4; m/s
06-12-2025;12:20:00;4,1; m/s
06-12-2025;12:30:00;4,1; m/s
06-12-2025;12:40:00;4,6; m/s
06-12-2025;12:50:00;4,5; m/s
06-12-2025;13:00:00;4,6; m/s
06-12-2025;13:10:00;5; m/s
06-12-2025;13:20:00;5,4; m/s
06-12-2025;13:30:00;5,5; m/s
06-12-2025;13:50:00;6,1; m/s
06-12-2025;14:00:00;7,2; m/s
06-12-2025;14:10:00;6,6; m/s
06-12-2025;14:20:00;5,7; m/s
06-12-2025;14:30:00;5,8; m/s
06-12-2025;14:40:00;6,5; m/s
06-12-2025;14:50:00;6,4; m/s
06-12-2025;15:00:00;6; m/s
06-12-2025;15:10:00;5,7; m/s
06-12-2025;15:20:00;5; m/s
06-12-2025;15:30:00;5,1; m/s
06-12-2025;15:40:00;4,7; m/s
06-12-2025;15:50:00;5,1; m/s
06-12-2025;16:00:00;5,3; m/s
06-12-2025;16:10:00;5; m/s
06-12-2025;16:20:00;5,1; m/s
06-12-2025;16:30:00;4,7; m/s
06-12-2025;16:40:00;3,4; m/s
06-12-2025;16:50:00;3,4; m/s
06-12-2025;17:00:00;2,7; m/s
06-12-2025;17:10:00;3; m/s
06-12-2025;17:20:00;3,2; m/s
06-12-2025;17:30:00;3; m/s
06-12-2025;17:40:00;3,2; m/s
06-12-2025;17:50:00;3,3; m/s
06-12-2025;18:00:00;3,5; m/s
06-12-2025;18:10:00;3,4; m/s
06-12-2025;18:20:00;3,4; m/s
06-12-2025;18:30:00;3,2; m/s
06-12-2025;18:40:00;3,4; m/s
06-12-2025;18:50:00;3,5; m/s
06-12-2025;19:00:00;3,6; m/s
06-12-2025;19:10:00;3,7; m/s
06-12-2025;19:20:00;3,8; m/s
06-12-2025;19:30:00;3,7; m/s
06-12-2025;19:40:00;3,7; m/s
06-12-2025;19:50:00;3,5; m/s
06-12-2025;20:00:00;2,9; m/s
06-12-2025;20:10:00;2; m/s
06-12-2025;20:20:00;1,6; m/s
06-12-2025;20:30:00;2,2; m/s
06-12-2025;20:40:00;2,7; m/s
06-12-2025;20:50:00;2,9; m/s
06-12-2025;21:00:00;2,7; m/s
06-12-2025;21:10:00;2,4; m/s
06-12-2025;21:20:00;1,9; m/s
06-12-2025;21:30:00;1,6; m/s
06-12-2025;21:40:00;1,1; m/s
06-12-2025;21:50:00;0,5; m/s
06-12-2025;22:00:00;0,3; m/s
06-12-2025;22:10:00;0,3; m/s
06-12-2025;22:20:00;0,5; m/s
06-12-2025;22:30:00;1; m/s
06-12-2025;22:40:00;1,3; m/s
06-12-2025;22:50:00;1,1; m/s
06-12-2025;23:00:00;1,3; m/s
06-12-2025;23:10:00;1,1; m/s
06-12-2025;23:20:00;1,1; m/s
06-12-2025;23:30:00;0,9; m/s
06-12-2025;23:40:00;1,3; m/s
06-12-2025;23:50:00;1,6; m/s
07-12-2025;00:00:00;1,6; m/s
07-12-2025;00:10:00;1,5; m/s
07-12-2025;00:20:00;0,5; m/s
07-12-2025;00:30:00;0,2; m/s
07-12-2025;00:40:00;0,3; m/s
07-12-2025;00:50:00;0,1; m/s
07-12-2025;01:00:00;0,1; m/s
07-12-2025;01:10:00;1,2; m/s
07-12-2025;01:20:00;1,8; m/s
07-12-2025;01:30:00;1,5; m/s
07-12-2025;01:40:00;1,3; m/s
07-12-2025;01:50:00;1,5; m/s
07-12-2025;02:00:00;1,7; m/s
07-12-2025;02:10:00;1,7; m/s
07-12-2025;02:20:00;1,9; m/s
07-12-2025;02:30:00;1,9; m/s
07-12-2025;02:40:00;2,2; m/s
07-12-2025;02:50:00;1,8; m/s
07-12-2025;03:00:00;2; m/s
07-12-2025;03:10:00;1,9; m/s
07-12-2025;03:20:00;1,9; m/s
07-12-2025;03:30:00;2,4; m/s
07-12-2025;03:40:00;1,7; m/s
07-12-2025;03:50:00;1,3; m/s
07-12-2025;04:00:00;1,4; m/s
07-12-2025;04:10:00;1,2; m/s
07-12-2025;04:20:00;1,4; m/s
07-12-2025;04:30:00;1,7; m/s
07-12-2025;04:40:00;1,2; m/s
07-12-2025;04:50:00;0,5; m/s
07-12-2025;05:00:00;0,7; m/s
07-12-2025;05:10:00;0; m/s
07-12-2025;05:20:00;1; m/s
07-12-2025;05:30:00;1,1; m/s
07-12-2025;05:40:00;1,4; m/s
07-12-2025;05:50:00;0,8; m/s
07-12-2025;06:00:00;1; m/s
07-12-2025;06:10:00;0,5; m/s
07-12-2025;06:20:00;0,7; m/s
07-12-2025;06:30:00;0,5; m/s
07-12-2025;06:40:00;1,4; m/s
07-12-2025;06:50:00;1,3; m/s
07-12-2025;07:00:00;1; m/s
07-12-2025;07:10:00;0,4; m/s
07-12-2025;07:20:00;0,7; m/s
07-12-2025;07:30:00;0,9; m/s
07-12-2025;07:40:00;0,6; m/s
07-12-2025;07:50:00;0,6; m/s
07-12-2025;08:00:00;1; m/s
07-12-2025;08:10:00;2,9; m/s
07-12-2025;08:20:00;1,8; m/s
07-12-2025;08:30:00;1,9; m/s
07-12-2025;08:40:00;2; m/s
07-12-2025;08:50:00;1,6; m/s
07-12-2025;09:00:00;1,3; m/s
07-12-2025;09:10:00;0,7; m/s
07-12-2025;09:20:00;0,7; m/s
07-12-2025;09:30:00;1,9; m/s
07-12-2025;09:40:00;1,4; m/s
07-12-2025;09:50:00;0,6; m/s
07-12-2025;10:00:00;0,7; m/s
07-12-2025;10:10:00;1,2; m/s
07-12-2025;10:20:00;2,4; m/s
07-12-2025;10:30:00;2,6; m/s
07-12-2025;10:40:00;2,7; m/s
07-12-2025;10:50:00;2,2; m/s
07-12-2025;11:00:00;2,5; m/s
07-12-2025;11:10:00;2,3; m/s
07-12-2025;11:20:00;2,4; m/s
07-12-2025;11:30:00;2,2; m/s
07-12-2025;11:40:00;2,4; m/s
07-12-2025;11:50:00;2,2; m/s
07-12-2025;12:00:00;1,9; m/s
07-12-2025;12:10:00;2,1; m/s
07-12-2025;12:20:00;2; m/s
07-12-2025;12:30:00;1,8; m/s
07-12-2025;12:40:00;1,4; m/s
07-12-2025;12:50:00;1,8; m/s
07-12-2025;13:00:00;2,2; m/s
07-12-2025;13:10:00;2,7; m/s
07-12-2025;13:20:00;2,4; m/s
07-12-2025;13:30:00;2,3; m/s
07-12-2025;13:40:00;2,7; m/s
07-12-2025;13:50:00;2,8; m/s
07-12-2025;14:00:00;3,2; m/s
07-12-2025;14:10:00;4,1; m/s
07-12-2025;14:20:00;5,4; m/s
07-12-2025;14:30:00;5,7; m/s
07-12-2025;14:40:00;5,3; m/s
07-12-2025;14:50:00;5,1; m/s
07-12-2025;15:00:00;4,7; m/s
07-12-2025;15:10:00;4,9; m/s
07-12-2025;15:20:00;4,5; m/s
07-12-2025;15:30:00;4,9; m/s
07-12-2025;15:40:00;5,4; m/s
07-12-2025;15:50:00;3; m/s
07-12-2025;16:00:00;3; m/s
07-12-2025;16:10:00;2,9; m/s
07-12-2025;16:20:00;2,8; m/s
07-12-2025;16:30:00;2,6; m/s
07-12-2025;16:40:00;2,7; m/s
07-12-2025;16:50:00;3,2; m/s
07-12-2025;17:00:00;2,6; m/s
07-12-2025;17:10:00;2,6; m/s
07-12-2025;17:20:00;2,7; m/s
07-12-2025;17:30:00;2,6; m/s
07-12-2025;17:40:00;2,5; m/s
07-12-2025;17:50:00;3,2; m/s
07-12-2025;18:00:00;3,4; m/s
07-12-2025;18:10:00;3,2; m/s
07-12-2025;18:20:00;2,8; m/s
07-12-2025;18:30:00;3,4; m/s
07-12-2025;18:40:00;3,5; m/s
07-12-2025;18:50:00;3,8; m/s
07-12-2025;19:00:00;3,7; m/s
07-12-2025;19:10:00;3,1; m/s
07-12-2025;19:20:00;2,9; m/s
07-12-2025;19:30:00;2,8; m/s
07-12-2025;19:40:00;3,3; m/s
07-12-2025;19:50:00;3,3; m/s
07-12-2025;20:00:00;3,1; m/s
07-12-2025;20:10:00;3,4; m/s
07-12-2025;20:20:00;3,6; m/s
07-12-2025;20:30:00;3,4; m/s
07-12-2025;20:40:00;3,4; m/s
07-12-2025;20:50:00;3,3; m/s
07-12-2025;21:00:00;3; m/s
07-12-2025;21:10:00;2,8; m/s
07-12-2025;21:20:00;1,3; m/s
07-12-2025;21:30:00;1,4; m/s
07-12-2025;21:40:00;1,3; m/s
07-12-2025;21:50:00;1,1; m/s
07-12-2025;22:00:00;1,6; m/s
07-12-2025;22:10:00;1,6; m/s
07-12-2025;22:20:00;1,1; m/s
07-12-2025;22:30:00;0,4; m/s
07-12-2025;22:40:00;0,1; m/s
07-12-2025;22:50:00;0,3; m/s
07-12-2025;23:00:00;2; m/s
07-12-2025;23:10:00;3; m/s
07-12-2025;23:20:00;3,3; m/s
07-12-2025;23:30:00;2,2; m/s
07-12-2025;23:40:00;2,2; m/s
07-12-2025;23:50:00;2,6; m/s
08-12-2025;00:00:00;2,7; m/s
08-12-2025;00:10:00;2,8; m/s
08-12-2025;00:20:00;3,3; m/s
08-12-2025;00:30:00;2,4; m/s
08-12-2025;00:40:00;2,4; m/s
08-12-2025;00:50:00;2,3; m/s
08-12-2025;01:00:00;2,7; m/s
08-12-2025;01:10:00;2,6; m/s
08-12-2025;01:20:00;2,9; m/s
08-12-2025;01:30:00;2,2; m/s
08-12-2025;01:40:00;1,8; m/s
08-12-2025;01:50:00;2,3; m/s
08-12-2025;02:00:00;2,2; m/s
08-12-2025;02:10:00;2,2; m/s
08-12-2025;02:20:00;1,9; m/s
08-12-2025;02:30:00;1,9; m/s
08-12-2025;02:40:00;1,4; m/s
08-12-2025;02:50:00;1,7; m/s
08-12-2025;03:00:00;2,1; m/s
08-12-2025;03:10:00;2,6; m/s
08-12-2025;03:20:00;3,1; m/s
08-12-2025;03:30:00;3,4; m/s
08-12-2025;03:40:00;3,3; m/s
08-12-2025;03:50:00;2,4; m/s
08-12-2025;04:00:00;2,7; m/s
08-12-2025;04:10:00;2,7; m/s
08-12-2025;04:20:00;2,6; m/s
08-12-2025;04:30:00;2,2; m/s
08-12-2025;04:40:00;1,7; m/s
08-12-2025;04:50:00;1,2; m/s
08-12-2025;05:00:00;1,6; m/s
08-12-2025;05:10:00;1,4; m/s
08-12-2025;05:20:00;0,6; m/s
08-12-2025;05:30:00;1,2; m/s
08-12-2025;05:40:00;2,3; m/s
08-12-2025;05:50:00;1,9; m/s
08-12-2025;06:00:00;1,2; m/s
08-12-2025;06:10:00;1,7; m/s
08-12-2025;06:20:00;1,5; m/s
08-12-2025;06:30:00;1,9; m/s
08-12-2025;06:40:00;2,8; m/s
08-12-2025;06:50:00;2,7; m/s
08-12-2025;07:00:00;3; m/s
08-12-2025;07:10:00;3,2; m/s
08-12-2025;07:20:00;2,9; m/s
08-12-2025;07:30:00;2,8; m/s
08-12-2025;07:40:00;2,7; m/s
08-12-2025;07:50:00;2,9; m/s
08-12-2025;08:00:00;2,8; m/s
08-12-2025;08:10:00;2,4; m/s
08-12-2025;08:20:00;2,4; m/s
08-12-2025;08:30:00;2,3; m/s
08-12-2025;08:40:00;2; m/s
08-12-2025;08:50:00;2; m/s
08-12-2025;09:00:00;2,1; m/s
08-12-2025;09:10:00;2,4; m/s
08-12-2025;09:20:00;2; m/s
08-12-2025;09:30:00;1,8; m/s
08-12-2025;09:40:00;1,8; m/s
08-12-2025;09:50:00;1,1; m/s
08-12-2025;10:00:00;1,9; m/s
08-12-2025;10:10:00;1; m/s
08-12-2025;10:20:00;1,4; m/s
08-12-2025;10:30:00;1,2; m/s
08-12-2025;10:40:00;1,3; m/s
08-12-2025;10:50:00;1,8; m/s
08-12-2025;11:00:00;1,5; m/s
08-12-2025;11:10:00;1,3; m/s
08-12-2025;11:20:00;1,1; m/s
08-12-2025;11:30:00;1; m/s
08-12-2025;11:40:00;1,5; m/s
08-12-2025;11:50:00;0,9; m/s
08-12-2025;12:00:00;0,8; m/s
08-12-2025;12:10:00;1,1; m/s
08-12-2025;12:20:00;1,6; m/s
08-12-2025;12:30:00;1,5; m/s
08-12-2025;12:40:00;1,7; m/s
08-12-2025;12:50:00;1,6; m/s
08-12-2025;13:00:00;1,5; m/s
08-12-2025;13:10:00;1,6; m/s
08-12-2025;13:20:00;2,3; m/s
08-12-2025;13:30:00;2,9; m/s
08-12-2025;13:40:00;2,6; m/s
08-12-2025;13:50:00;2,4; m/s
08-12-2025;14:00:00;2,6; m/s
08-12-2025;14:10:00;2,4; m/s
08-12-2025;14:20:00;2,1; m/s
08-12-2025;14:30:00;2,2; m/s
08-12-2025;14:40:00;2,1; m/s
08-12-2025;14:50:00;2,2; m/s
08-12-2025;15:00:00;2,2; m/s
08-12-2025;15:10:00;1,8; m/s
08-12-2025;15:20:00;2,3; m/s
08-12-2025;15:30:00;1,8; m/s
08-12-2025;15:40:00;1,7; m/s
08-12-2025;15:50:00;2; m/s
08-12-2025;16:00:00;3,1; m/s
08-12-2025;16:10:00;3,5; m/s
08-12-2025;16:20:00;2,8; m/s
08-12-2025;16:30:00;2,7; m/s
08-12-2025;16:40:00;3,6; m/s
08-12-2025;16:50:00;3,6; m/s
08-12-2025;17:00:00;3,4; m/s
08-12-2025;17:10:00;3; m/s
08-12-2025;17:20:00;2,7; m/s
08-12-2025;17:30:00;3,7; m/s
08-12-2025;17:40:00;3,8; m/s
08-12-2025;17:50:00;3,4; m/s
08-12-2025;18:00:00;3,4; m/s
08-12-2025;18:10:00;3,3; m/s
08-12-2025;18:20:00;2,8; m/s
08-12-2025;18:30:00;3,4; m/s
08-12-2025;18:40:00;3,9; m/s
08-12-2025;18:50:00;3,6; m/s
08-12-2025;19:00:00;3,5; m/s
08-12-2025;19:10:00;3,8; m/s
08-12-2025;19:20:00;4; m/s
08-12-2025;19:30:00;4,2; m/s
08-12-2025;19:40:00;3,2; m/s
08-12-2025;19:50:00;2,3; m/s
08-12-2025;20:00:00;2,2; m/s
08-12-2025;20:10:00;2,5; m/s
08-12-2025;20:20:00;2,4; m/s
08-12-2025;20:30:00;2,3; m/s
08-12-2025;20:40:00;1,3; m/s
08-12-2025;20:50:00;1,4; m/s
08-12-2025;21:00:00;2; m/s
08-12-2025;21:10:00;1,7; m/s
08-12-2025;21:20:00;1,2; m/s
08-12-2025;21:30:00;0,9; m/s
08-12-2025;21:40:00;0,7; m/s
08-12-2025;21:50:00;0,1; m/s
08-12-2025;22:00:00;0,6; m/s
08-12-2025;22:10:00;1,6; m/s
08-12-2025;22:20:00;1,9; m/s
08-12-2025;22:30:00;1,8; m/s
08-12-2025;22:40:00;1,1; m/s
08-12-2025;22:50:00;1,5; m/s
08-12-2025;23:00:00;1,1; m/s
08-12-2025;23:10:00;0,9; m/s
08-12-2025;23:20:00;1; m/s
08-12-2025;23:30:00;0,4; m/s
08-12-2025;23:40:00;0; m/s
08-12-2025;23:50:00;0,2; m/s
09-12-2025;00:00:00;0; m/s
09-12-2025;00:10:00;0; m/s
09-12-2025;00:20:00;0,4; m/s
09-12-2025;00:30:00;0,5; m/s
09-12-2025;00:40:00;0,7; m/s
09-12-2025;00:50:00;0,8; m/s
09-12-2025;01:00:00;0,7; m/s
09-12-2025;01:10:00;1; m/s
09-12-2025;01:20:00;1,5; m/s
09-12-2025;01:30:00;2; m/s
09-12-2025;01:40:00;1,7; m/s
09-12-2025;01:50:00;1,7; m/s
09-12-2025;02:00:00;1,9; m/s
09-12-2025;02:10:00;1,7; m/s
09-12-2025;02:20:00;1,7; m/s
09-12-2025;02:30:00;1,6; m/s
09-12-2025;02:40:00;1,8; m/s
09-12-2025;02:50:00;1,4; m/s
09-12-2025;03:00:00;1,6; m/s
09-12-2025;03:10:00;1,4; m/s
09-12-2025;03:20:00;2; m/s
09-12-2025;03:30:00;2,7; m/s
09-12-2025;03:40:00;2,5; m/s
09-12-2025;03:50:00;2,7; m/s
09-12-2025;04:00:00;2,9; m/s
09-12-2025;04:10:00;3,1; m/s
09-12-2025;04:20:00;3,2; m/s
09-12-2025;04:30:00;3,3; m/s
09-12-2025;04:40:00;3,3; m/s
09-12-2025;04:50:00;3,4; m/s
09-12-2025;05:00:00;3,7; m/s
09-12-2025;05:10:00;3,7; m/s
09-12-2025;05:20:00;4,1; m/s
09-12-2025;05:30:00;3,7; m/s
09-12-2025;05:40:00;3,3; m/s
09-12-2025;05:50:00;3,5; m/s
09-12-2025;06:00:00;3,9; m/s
09-12-2025;06:10:00;3,4; m/s
09-12-2025;06:20:00;3,2; m/s
09-12-2025;06:30:00;3,1; m/s
09-12-2025;06:40:00;3,1; m/s
09-12-2025;06:50:00;3,2; m/s
09-12-2025;07:00:00;3,2; m/s
09-12-2025;07:10:00;2,8; m/s
09-12-2025;07:20:00;2,7; m/s
09-12-2025;07:30:00;2,3; m/s
09-12-2025;07:40:00;2; m/s
09-12-2025;07:50:00;1,9; m/s
09-12-2025;08:00:00;1,5; m/s
09-12-2025;08:10:00;1,1; m/s
09-12-2025;08:20:00;1,1; m/s
09-12-2025;08:30:00;0,7; m/s
09-12-2025;08:40:00;1; m/s
09-12-2025;08:50:00;0,8; m/s
09-12-2025;09:00:00;1,2; m/s
09-12-2025;09:10:00;0,8; m/s
09-12-2025;09:20:00;1,1; m/s
09-12-2025;09:30:00;1; m/s
09-12-2025;09:40:00;0,8; m/s
09-12-2025;09:50:00;1; m/s
09-12-2025;10:00:00;1,1; m/s
09-12-2025;10:10:00;1,3; m/s
09-12-2025;10:20:00;1,3; m/s
09-12-2025;10:30:00;1,4; m/s
09-12-2025;10:40:00;1,3; m/s
09-12-2025;10:50:00;1,1; m/s
09-12-2025;11:00:00;1,2; m/s
09-12-2025;11:10:00;1,4; m/s
09-12-2025;11:20:00;1,5; m/s
09-12-2025;11:30:00;1,6; m/s
09-12-2025;11:40:00;1,2; m/s
09-12-2025;11:50:00;1,3; m/s
09-12-2025;12:00:00;1,3; m/s
09-12-2025;12:10:00;1,4; m/s
09-12-2025;12:20:00;1,6; m/s
09-12-2025;12:30:00;1,7; m/s
09-12-2025;12:40:00;1,4; m/s
09-12-2025;12:50:00;1,4; m/s
09-12-2025;13:00:00;1,1; m/s
09-12-2025;13:10:00;1,4; m/s
09-12-2025;13:20:00;1,4; m/s
09-12-2025;13:30:00;1,3; m/s
09-12-2025;13:40:00;1,5; m/s
09-12-2025;13:50:00;2,1; m/s
09-12-2025;14:00:00;2,1; m/s
09-12-2025;14:10:00;2,2; m/s
09-12-2025;14:20:00;2,1; m/s
09-12-2025;14:30:00;1,6; m/s
09-12-2025;14:40:00;1,2; m/s
09-12-2025;14:50:00;1,7; m/s
09-12-2025;15:00:00;2,2; m/s
09-12-2025;15:10:00;2,2; m/s
09-12-2025;15:20:00;2,4; m/s
09-12-2025;15:30:00;2,4; m/s
09-12-2025;15:40:00;2,6; m/s
09-12-2025;15:50:00;2,7; m/s
09-12-2025;16:00:00;2,8; m/s
09-12-2025;16:10:00;2,6; m/s
09-12-2025;16:20:00;2,6; m/s
09-12-2025;16:30:00;3,1; m/s
09-12-2025;16:40:00;3,1; m/s
09-12-2025;16:50:00;3,2; m/s
09-12-2025;17:00:00;3,3; m/s
09-12-2025;17:10:00;3,3; m/s
09-12-2025;17:20:00;2,2; m/s
09-12-2025;17:30:00;2,4; m/s
09-12-2025;17:40:00;2,9; m/s
09-12-2025;17:50:00;2,7; m/s
09-12-2025;18:00:00;3; m/s
09-12-2025;18:10:00;3,1; m/s
09-12-2025;18:20:00;2,4; m/s
09-12-2025;18:30:00;1,3; m/s
09-12-2025;18:40:00;1,5; m/s
09-12-2025;18:50:00;1,5; m/s
09-12-2025;19:00:00;1,6; m/s
09-12-2025;19:10:00;1,7; m/s
09-12-2025;19:20:00;1,7; m/s
09-12-2025;19:30:00;1,6; m/s
09-12-2025;19:40:00;1,8; m/s
09-12-2025;19:50:00;1,8; m/s
09-12-2025;20:00:00;1,6; m/s
09-12-2025;20:10:00;1,6; m/s
09-12-2025;20:20:00;1,7; m/s
09-12-2025;20:30:00;2; m/s
09-12-2025;20:40:00;2,4; m/s
09-12-2025;20:50:00;2,3; m/s
09-12-2025;21:00:00;2,5; m/s
09-12-2025;21:10:00;2,4; m/s
09-12-2025;21:20:00;2,5; m/s
09-12-2025;21:30:00;2,5; m/s
09-12-2025;21:40:00;2,7; m/s
09-12-2025;21:50:00;2,6; m/s
09-12-2025;22:00:00;2,6; m/s
09-12-2025;22:10:00;2,7; m/s
09-12-2025;22:20:00;2,6; m/s
09-12-2025;22:30:00;2,7; m/s
09-12-2025;22:40:00;2,6; m/s
09-12-2025;22:50:00;2,8; m/s
09-12-2025;23:00:00;2,7; m/s
09-12-2025;23:10:00;2,5; m/s
09-12-2025;23:20:00;2,3; m/s
09-12-2025;23:30:00;2,1; m/s
09-12-2025;23:40:00;2,1; m/s
09-12-2025;23:50:00;2,4; m/s
10-12-2025;00:00:00;2,2; m/s
10-12-2025;00:10:00;2; m/s
10-12-2025;00:20:00;2,2; m/s
10-12-2025;00:30:00;1,9; m/s
10-12-2025;00:40:00;1,6; m/s
10-12-2025;00:50:00;1,5; m/s
10-12-2025;01:00:00;0,7; m/s
10-12-2025;01:10:00;0,1; m/s
10-12-2025;01:20:00;0,9; m/s
10-12-2025;01:30:00;1,6; m/s
10-12-2025;01:40:00;2; m/s
10-12-2025;01:50:00;2,1; m/s
10-12-2025;02:00:00;2,3; m/s
10-12-2025;02:10:00;2; m/s
10-12-2025;02:20:00;2,5; m/s
10-12-2025;02:30:00;2,6; m/s
10-12-2025;02:40:00;2,7; m/s
10-12-2025;02:50:00;3; m/s
10-12-2025;03:00:00;2,8; m/s
10-12-2025;03:10:00;2,6; m/s
10-12-2025;03:20:00;2,3; m/s
10-12-2025;03:30:00;2,2; m/s
10-12-2025;03:40:00;1,9; m/s
10-12-2025;03:50:00;1,7; m/s
10-12-2025;04:00:00;1,7; m/s
10-12-2025;04:10:00;2,1; m/s
10-12-2025;04:20:00;2,3; m/s
10-12-2025;04:30:00;2,1; m/s
10-12-2025;04:40:00;2,1; m/s
10-12-2025;04:50:00;2,3; m/s
10-12-2025;05:00:00;2; m/s
10-12-2025;05:10:00;2,1; m/s
10-12-2025;05:20:00;2,2; m/s
10-12-2025;05:30:00;1,7; m/s
10-12-2025;05:40:00;1,8; m/s
10-12-2025;05:50:00;2,1; m/s
10-12-2025;06:00:00;1,2; m/s
10-12-2025;06:10:00;2; m/s
10-12-2025;06:20:00;2,4; m/s
10-12-2025;06:30:00;2,5; m/s
10-12-2025;06:40:00;3; m/s
10-12-2025;06:50:00;2,8; m/s
10-12-2025;07:00:00;2,7; m/s
10-12-2025;07:10:00;2,6; m/s
10-12-2025;07:20:00;2,9; m/s
10-12-2025;07:30:00;3,4; m/s
10-12-2025;07:40:00;2,9; m/s
10-12-2025;07:50:00;2,7; m/s
10-12-2025;08:00:00;2,4; m/s
10-12-2025;08:10:00;2,2; m/s
10-12-2025;08:20:00;2; m/s
10-12-2025;08:30:00;1,5; m/s
10-12-2025;08:40:00;1,4; m/s
10-12-2025;08:50:00;1,2; m/s
10-12-2025;09:00:00;1,3; m/s
10-12-2025;09:10:00;0,8; m/s
10-12-2025;09:20:00;1; m/s
10-12-2025;09:30:00;1; m/s
10-12-2025;09:40:00;1; m/s
10-12-2025;09:50:00;0,9; m/s
10-12-2025;10:00:00;0,9; m/s
10-12-2025;10:10:00;1,4; m/s
10-12-2025;10:20:00;1; m/s
10-12-2025;10:30:00;0,8; m/s
10-12-2025;10:40:00;1,3; m/s
10-12-2025;10:50:00;1,1; m/s
10-12-2025;11:00:00;0,6; m/s
10-12-2025;11:10:00;0,7; m/s
10-12-2025;11:20:00;1,2; m/s
10-12-2025;11:30:00;0,8; m/s
10-12-2025;11:40:00;1,4; m/s
10-12-2025;11:50:00;1,8; m/s
10-12-2025;12:00:00;1,9; m/s
10-12-2025;12:10:00;1,9; m/s
10-12-2025;12:20:00;2,4; m/s
10-12-2025;12:30:00;2,4; m/s
10-12-2025;12:40:00;2,3; m/s
10-12-2025;12:50:00;2,3; m/s
10-12-2025;13:00:00;2,3; m/s
10-12-2025;13:10:00;2,4; m/s
10-12-2025;13:20:00;2,6; m/s
10-12-2025;13:30:00;2,9; m/s
10-12-2025;13:40:00;3,8; m/s
10-12-2025;13:50:00;3,9; m/s
10-12-2025;14:00:00;4,6; m/s
10-12-2025;14:10:00;5; m/s
10-12-2025;14:20:00;5,2; m/s
10-12-2025;14:30:00;5; m/s
10-12-2025;14:40:00;4,8; m/s
10-12-2025;14:50:00;4,9; m/s
10-12-2025;15:00:00;4,9; m/s
10-12-2025;15:10:00;5; m/s
10-12-2025;15:20:00;4,8; m/s
10-12-2025;15:30:00;4,9; m/s
10-12-2025;15:40:00;4,9; m/s
10-12-2025;15:50:00;4,3; m/s
10-12-2025;16:00:00;4,9; m/s
10-12-2025;16:10:00;4,6; m/s
10-12-2025;16:20:00;4,5; m/s
10-12-2025;16:30:00;4,8; m/s
10-12-2025;16:40:00;3,2; m/s
10-12-2025;16:50:00;2,6; m/s
10-12-2025;17:00:00;4; m/s
10-12-2025;17:10:00;3,8; m/s
10-12-2025;17:20:00;2,9; m/s
10-12-2025;17:30:00;3,5; m/s
10-12-2025;17:40:00;3,6; m/s
10-12-2025;17:50:00;3,6; m/s
10-12-2025;18:00:00;3,3; m/s
10-12-2025;18:10:00;3; m/s
10-12-2025;18:20:00;3,1; m/s
10-12-2025;18:30:00;3,5; m/s
10-12-2025;18:40:00;3,4; m/s
10-12-2025;18:50:00;3,5; m/s
10-12-2025;19:00:00;3,5; m/s
10-12-2025;19:10:00;3,5; m/s
10-12-2025;19:20:00;3,5; m/s
10-12-2025;19:30:00;3,6; m/s
10-12-2025;19:40:00;3,5; m/s
10-12-2025;19:50:00;3,5; m/s
10-12-2025;20:00:00;3,6; m/s
10-12-2025;20:10:00;3,5; m/s
10-12-2025;20:20:00;3,6; m/s
10-12-2025;20:30:00;3,6; m/s
10-12-2025;20:40:00;3,5; m/s
10-12-2025;20:50:00;3,5; m/s
10-12-2025;21:00:00;3,6; m/s
10-12-2025;21:10:00;3,7; m/s
10-12-2025;21:20:00;3,6; m/s
10-12-2025;21:30:00;3,4; m/s
10-12-2025;21:40:00;3,2; m/s
10-12-2025;21:50:00;3; m/s
10-12-2025;22:00:00;2,2; m/s
10-12-2025;22:10:00;1,7; m/s
10-12-2025;22:20:00;1,3; m/s
10-12-2025;22:30:00;1,5; m/s
10-12-2025;22:40:00;1,4; m/s
10-12-2025;22:50:00;1,4; m/s
10-12-2025;23:00:00;1,4; m/s
10-12-2025;23:10:00;1,5; m/s
10-12-2025;23:20:00;1,7; m/s
10-12-2025;23:30:00;1,6; m/s
10-12-2025;23:40:00;1,8; m/s
10-12-2025;23:50:00;2; m/s
11-12-2025;00:00:00;1,9; m/s
11-12-2025;00:10:00;2,3; m/s
11-12-2025;00:20:00;2,5; m/s
11-12-2025;00:30:00;2,6; m/s
11-12-2025;00:40:00;2,9; m/s
11-12-2025;00:50:00;2,9; m/s
11-12-2025;01:00:00;3,1; m/s
11-12-2025;01:10:00;3,3; m/s
11-12-2025;01:20:00;3,5; m/s
11-12-2025;01:30:00;3,3; m/s
11-12-2025;01:40:00;3,3; m/s
11-12-2025;01:50:00;3,3; m/s
11-12-2025;02:00:00;3,1; m/s
11-12-2025;02:10:00;3,1; m/s
11-12-2025;02:20:00;2,7; m/s
11-12-2025;02:30:00;2,7; m/s
11-12-2025;02:40:00;2,6; m/s
11-12-2025;02:50:00;2,8; m/s
11-12-2025;03:00:00;2,4; m/s
11-12-2025;03:10:00;2,3; m/s
11-12-2025;03:20:00;2,1; m/s
11-12-2025;03:30:00;2,1; m/s
11-12-2025;03:40:00;1,8; m/s
11-12-2025;03:50:00;1,9; m/s
11-12-2025;04:00:00;1,6; m/s
11-12-2025;04:10:00;1,4; m/s
11-12-2025;04:20:00;0,9; m/s
11-12-2025;04:30:00;1,1; m/s
11-12-2025;04:40:00;1,7; m/s
11-12-2025;04:50:00;2,8; m/s
11-12-2025;05:00:00;2,9; m/s
11-12-2025;05:10:00;3,4; m/s
11-12-2025;05:20:00;3,3; m/s
11-12-2025;05:30:00;3,3; m/s
11-12-2025;05:40:00;3,5; m/s
11-12-2025;05:50:00;3; m/s
11-12-2025;06:00:00;2,8; m/s
11-12-2025;06:10:00;2,6; m/s
11-12-2025;06:20:00;2,2; m/s
11-12-2025;06:30:00;2; m/s
11-12-2025;06:40:00;2,1; m/s
11-12-2025;06:50:00;1,4; m/s
11-12-2025;07:00:00;1,5; m/s
11-12-2025;07:10:00;1,2; m/s
11-12-2025;07:20:00;1,4; m/s
11-12-2025;07:30:00;1,3; m/s
11-12-2025;07:40:00;1,3; m/s
11-12-2025;07:50:00;1,7; m/s
11-12-2025;08:00:00;2,5; m/s
11-12-2025;08:10:00;2; m/s
11-12-2025;08:20:00;2,7; m/s
11-12-2025;08:30:00;3,3; m/s
11-12-2025;08:40:00;2,2; m/s
11-12-2025;08:50:00;2,1; m/s
11-12-2025;09:00:00;2; m/s
11-12-2025;09:10:00;2,1; m/s
11-12-2025;09:20:00;1,7; m/s
11-12-2025;09:30:00;1,8; m/s
11-12-2025;09:40:00;1,6; m/s
11-12-2025;09:50:00;1,3; m/s
11-12-2025;10:00:00;1,6; m/s
11-12-2025;10:10:00;1,9; m/s
11-12-2025;10:20:00;1,2; m/s
11-12-2025;10:30:00;1,4; m/s
11-12-2025;10:40:00;1,5; m/s
11-12-2025;10:50:00;1,6; m/s
11-12-2025;11:00:00;1,5; m/s
11-12-2025;11:10:00;1,1; m/s
11-12-2025;11:20:00;1,3; m/s
11-12-2025;11:30:00;0,9; m/s
11-12-2025;11:40:00;1,2; m/s
11-12-2025;11:50:00;1; m/s
11-12-2025;12:00:00;1,2; m/s
11-12-2025;12:10:00;1,6; m/s
11-12-2025;12:20:00;1,3; m/s
11-12-2025;12:30:00;1,2; m/s
11-12-2025;12:40:00;1,2; m/s
11-12-2025;12:50:00;1,5; m/s
11-12-2025;13:00:00;1,5; m/s
11-12-2025;13:10:00;1,7; m/s
11-12-2025;13:20:00;1,5; m/s
11-12-2025;13:30:00;1,6; m/s
11-12-2025;13:40:00;2; m/s
11-12-2025;13:50:00;2,1; m/s
11-12-2025;14:00:00;2,3; m/s
11-12-2025;14:10:00;2,5; m/s
11-12-2025;14:20:00;2,4; m/s
11-12-2025;14:30:00;2,4; m/s
11-12-2025;14:40:00;2,9; m/s
11-12-2025;14:50:00;3; m/s
11-12-2025;15:00:00;3,3; m/s
11-12-2025;15:10:00;4,1; m/s
11-12-2025;15:20:00;4,4; m/s
11-12-2025;15:30:00;4,7; m/s
11-12-2025;15:40:00;4,5; m/s
11-12-2025;15:50:00;4,2; m/s
11-12-2025;16:00:00;3,7; m/s
11-12-2025;16:10:00;3,6; m/s
11-12-2025;16:20:00;3,8; m/s
11-12-2025;16:30:00;3,8; m/s
11-12-2025;16:40:00;3,8; m/s
11-12-2025;16:50:00;3,9; m/s
11-12-2025;17:00:00;2,9; m/s
11-12-2025;17:10:00;2,4; m/s
11-12-2025;17:20:00;2,8; m/s
11-12-2025;17:30:00;2,6; m/s
11-12-2025;17:40:00;2,9; m/s
11-12-2025;17:50:00;2,9; m/s
11-12-2025;18:00:00;3,3; m/s
11-12-2025;18:10:00;3,2; m/s
11-12-2025;18:20:00;3,2; m/s
11-12-2025;18:30:00;3; m/s
11-12-2025;18:40:00;3; m/s
11-12-2025;18:50:00;2,9; m/s
11-12-2025;19:00:00;2,8; m/s
11-12-2025;19:10:00;2,7; m/s
11-12-2025;19:20:00;3,1; m/s
11-12-2025;19:30:00;2,5; m/s
11-12-2025;19:40:00;2,7; m/s
11-12-2025;19:50:00;2,4; m/s
11-12-2025;20:00:00;2,4; m/s
11-12-2025;20:10:00;2,3; m/s
11-12-2025;20:20:00;2,2; m/s
11-12-2025;20:30:00;1,9; m/s
11-12-2025;20:40:00;1,7; m/s
11-12-2025;20:50:00;1,4; m/s
11-12-2025;21:00:00;1,4; m/s
11-12-2025;21:10:00;2,2; m/s
11-12-2025;21:20:00;2,4; m/s
11-12-2025;21:30:00;1,9; m/s
11-12-2025;21:40:00;1,8; m/s
11-12-2025;21:50:00;2,5; m/s
11-12-2025;22:00:00;2,4; m/s
11-12-2025;22:10:00;2,6; m/s
11-12-2025;22:20:00;2,5; m/s
11-12-2025;22:30:00;2,6; m/s
11-12-2025;22:40:00;2,4; m/s
11-12-2025;22:50:00;2,3; m/s
11-12-2025;23:00:00;2,8; m/s
11-12-2025;23:10:00;2,9; m/s
11-12-2025;23:20:00;3; m/s
11-12-2025;23:30:00;3; m/s
11-12-2025;23:40:00;3,2; m/s
11-12-2025;23:50:00;3,1; m/s
12-12-2025;00:00:00;3; m/s
12-12-2025;00:10:00;2,8; m/s
12-12-2025;00:20:00;3,1; m/s
12-12-2025;00:30:00;2,7; m/s
12-12-2025;00:40:00;2,4; m/s
12-12-2025;00:50:00;2; m/s
12-12-2025;01:00:00;2; m/s
12-12-2025;01:10:00;1,6; m/s
12-12-2025;01:20:00;1,9; m/s
12-12-2025;01:30:00;1,9; m/s
12-12-2025;01:40:00;0,6; m/s
12-12-2025;01:50:00;0,7; m/s
12-12-2025;02:00:00;1; m/s
12-12-2025;02:10:00;1,6; m/s
12-12-2025;02:20:00;1,5; m/s
12-12-2025;02:30:00;0,5; m/s
12-12-2025;02:40:00;0,5; m/s
12-12-2025;02:50:00;0,3; m/s
12-12-2025;03:00:00;0,6; m/s
12-12-2025;03:10:00;0,9; m/s
12-12-2025;03:20:00;1,1; m/s
12-12-2025;03:30:00;0,9; m/s
12-12-2025;03:40:00;1; m/s
12-12-2025;03:50:00;0,7; m/s
12-12-2025;04:00:00;1; m/s
12-12-2025;04:10:00;2,1; m/s
12-12-2025;04:20:00;1,9; m/s
12-12-2025;04:30:00;2; m/s
12-12-2025;04:40:00;2,1; m/s
12-12-2025;04:50:00;2; m/s
12-12-2025;05:00:00;1,8; m/s
12-12-2025;05:10:00;1,6; m/s
12-12-2025;05:20:00;1; m/s
12-12-2025;05:30:00;1,3; m/s
12-12-2025;05:40:00;1,5; m/s
12-12-2025;05:50:00;1,7; m/s
12-12-2025;06:00:00;1,3; m/s
12-12-2025;06:10:00;1,3; m/s
12-12-2025;06:20:00;1,6; m/s
12-12-2025;06:30:00;1,6; m/s
12-12-2025;06:40:00;1,6; m/s
12-12-2025;06:50:00;1,5; m/s
12-12-2025;07:00:00;1,7; m/s
12-12-2025;07:10:00;1,4; m/s
12-12-2025;07:20:00;1; m/s
12-12-2025;07:30:00;1,4; m/s
12-12-2025;07:40:00;1,1; m/s
12-12-2025;07:50:00;1,5; m/s
12-12-2025;08:00:00;1,4; m/s
12-12-2025;08:10:00;1,2; m/s
12-12-2025;08:20:00;0,6; m/s
12-12-2025;08:30:00;1,5; m/s
12-12-2025;08:40:00;2,5; m/s
12-12-2025;08:50:00;2,6; m/s
12-12-2025;09:00:00;2,1; m/s
12-12-2025;09:10:00;2; m/s
12-12-2025;09:20:00;1,5; m/s
12-12-2025;09:30:00;1,5; m/s
12-12-2025;09:40:00;1,5; m/s
12-12-2025;09:50:00;1,1; m/s
12-12-2025;10:00:00;1,7; m/s
12-12-2025;10:10:00;1,6; m/s
12-12-2025;10:20:00;1,7; m/s
12-12-2025;10:30:00;1,7; m/s
12-12-2025;10:40:00;1,8; m/s
12-12-2025;10:50:00;1,7; m/s
12-12-2025;11:00:00;1,5; m/s
12-12-2025;11:10:00;1; m/s
12-12-2025;11:20:00;1,3; m/s
12-12-2025;11:30:00;1,3; m/s
12-12-2025;11:40:00;0,6; m/s
12-12-2025;11:50:00;0,9; m/s
12-12-2025;12:00:00;0,7; m/s
12-12-2025;12:10:00;1; m/s
12-12-2025;12:20:00;0,8; m/s
12-12-2025;12:30:00;0,9; m/s
12-12-2025;12:40:00;2; m/s
12-12-2025;12:50:00;2,4; m/s
12-12-2025;13:00:00;2,4; m/s
12-12-2025;13:10:00;1,3; m/s
12-12-2025;13:20:00;1,9; m/s
12-12-2025;13:30:00;2,9; m/s
12-12-2025;13:40:00;3; m/s
12-12-2025;13:50:00;2,8; m/s
12-12-2025;14:00:00;2,7; m/s
12-12-2025;14:10:00;2; m/s
12-12-2025;14:20:00;2,6; m/s
12-12-2025;14:30:00;2,6; m/s
12-12-2025;14:40:00;2,5; m/s
12-12-2025;14:50:00;3; m/s
12-12-2025;15:00:00;3,2; m/s
12-12-2025;15:10:00;3,6; m/s
12-12-2025;15:20:00;3,8; m/s
12-12-2025;15:30:00;3,5; m/s
12-12-2025;15:40:00;3,3; m/s
12-12-2025;15:50:00;2,9; m/s
12-12-2025;16:00:00;3,5; m/s
12-12-2025;16:10:00;2,8; m/s
12-12-2025;16:20:00;2,8; m/s
12-12-2025;16:30:00;2,6; m/s
12-12-2025;16:40:00;2,5; m/s
12-12-2025;16:50:00;2,5; m/s
12-12-2025;17:00:00;3,6; m/s
12-12-2025;17:10:00;3,8; m/s
12-12-2025;17:20:00;3,8; m/s
12-12-2025;17:30:00;3,2; m/s
12-12-2025;17:40:00;2,5; m/s
12-12-2025;17:50:00;2,7; m/s
12-12-2025;18:00:00;2,7; m/s
12-12-2025;18:10:00;2,4; m/s
12-12-2025;18:20:00;2,6; m/s
12-12-2025;18:30:00;2,7; m/s
12-12-2025;18:40:00;2,8; m/s
12-12-2025;18:50:00;2,3; m/s
12-12-2025;19:00:00;2,4; m/s
12-12-2025;19:10:00;2,3; m/s
12-12-2025;19:20:00;2,2; m/s
12-12-2025;19:30:00;2,5; m/s
12-12-2025;19:40:00;2,6; m/s
12-12-2025;19:50:00;2,4; m/s
12-12-2025;20:00:00;2,2; m/s
12-12-2025;20:10:00;2,2; m/s
12-12-2025;20:20:00;2,4; m/s
12-12-2025;20:30:00;1,9; m/s
12-12-2025;20:40:00;1,9; m/s
12-12-2025;20:50:00;2,1; m/s
12-12-2025;21:00:00;2,1; m/s
12-12-2025;21:10:00;2,2; m/s
12-12-2025;21:20:00;1,8; m/s
12-12-2025;21:30:00;1,8; m/s
12-12-2025;21:40:00;1,6; m/s
12-12-2025;21:50:00;2; m/s
12-12-2025;22:00:00;2,1; m/s
12-12-2025;22:10:00;2,6; m/s
12-12-2025;22:20:00;2,5; m/s
12-12-2025;22:30:00;3,3; m/s
12-12-2025;22:40:00;3,4; m/s
12-12-2025;22:50:00;2,3; m/s
12-12-2025;23:00:00;1,8; m/s
12-12-2025;23:10:00;2,5; m/s
12-12-2025;23:20:00;2,5; m/s
12-12-2025;23:30:00;2,6; m/s
12-12-2025;23:40:00;2; m/s
12-12-2025;23:50:00;1,8; m/s
13-12-2025;00:00:00;1,6; m/s
13-12-2025;00:10:00;1,6; m/s
13-12-2025;00:20:00;1,5; m/s
13-12-2025;00:30:00;1,4; m/s
13-12-2025;00:40:00;1,3; m/s
13-12-2025;00:50:00;1,6; m/s
13-12-2025;01:00:00;1,6; m/s
13-12-2025;01:10:00;2,1; m/s
13-12-2025;01:20:00;3,3; m/s
13-12-2025;01:30:00;2,9; m/s
13-12-2025;01:40:00;2,3; m/s
13-12-2025;01:50:00;1,9; m/s
13-12-2025;02:00:00;1,4; m/s
13-12-2025;02:10:00;0,8; m/s
13-12-2025;02:20:00;0,5; m/s
13-12-2025;02:30:00;0,9; m/s
13-12-2025;02:40:00;1; m/s
13-12-2025;02:50:00;2,1; m/s
13-12-2025;03:00:00;2,7; m/s
13-12-2025;03:10:00;1,8; m/s
13-12-2025;03:20:00;1,8; m/s
13-12-2025;03:30:00;2; m/s
13-12-2025;03:40:00;1,9; m/s
13-12-2025;03:50:00;1,1; m/s
13-12-2025;04:00:00;0,7; m/s
13-12-2025;04:10:00;0,2; m/s
13-12-2025;04:20:00;0,6; m/s
13-12-2025;04:30:00;0,2; m/s
13-12-2025;04:40:00;1,2; m/s
13-12-2025;04:50:00;0,7; m/s
13-12-2025;05:00:00;0,3; m/s
13-12-2025;05:10:00;1,4; m/s
13-12-2025;05:20:00;1,2; m/s
13-12-2025;05:30:00;0,7; m/s
13-12-2025;05:40:00;0,4; m/s
13-12-2025;05:50:00;1,8; m/s
13-12-2025;06:00:00;1,9; m/s
13-12-2025;06:10:00;1,6; m/s
13-12-2025;06:20:00;0,6; m/s
13-12-2025;06:30:00;1,5; m/s
13-12-2025;06:40:00;2,3; m/s
13-12-2025;06:50:00;2; m/s
13-12-2025;07:00:00;2; m/s
13-12-2025;07:10:00;1,9; m/s
13-12-2025;07:20:00;2,1; m/s
13-12-2025;07:30:00;2,4; m/s
13-12-2025;07:40:00;2,5; m/s
13-12-2025;07:50:00;2,3; m/s
13-12-2025;08:00:00;1,9; m/s
13-12-2025;08:10:00;1,8; m/s
13-12-2025;08:20:00;1,6; m/s
13-12-2025;08:30:00;1,9; m/s
13-12-2025;08:40:00;2,2; m/s
13-12-2025;08:50:00;2; m/s
13-12-2025;09:00:00;1,9; m/s
13-12-2025;09:10:00;2,1; m/s
13-12-2025;09:20:00;1,7; m/s
13-12-2025;09:30:00;1,4; m/s
13-12-2025;09:40:00;1,5; m/s
13-12-2025;09:50:00;1,7; m/s
13-12-2025;10:00:00;1,6; m/s
13-12-2025;10:10:00;1,4; m/s
13-12-2025;10:20:00;1,5; m/s
13-12-2025;10:30:00;1,1; m/s
13-12-2025;10:40:00;1,7; m/s
13-12-2025;10:50:00;1,3; m/s
13-12-2025;11:00:00;1,3; m/s
13-12-2025;11:10:00;1,6; m/s
13-12-2025;11:20:00;1,1; m/s
13-12-2025;11:30:00;0,7; m/s
13-12-2025;11:40:00;1,5; m/s
13-12-2025;11:50:00;1,3; m/s
13-12-2025;12:00:00;1,3; m/s
13-12-2025;12:10:00;1,5; m/s
13-12-2025;12:20:00;1,4; m/s
13-12-2025;12:30:00;1,6; m/s
13-12-2025;12:40:00;1,6; m/s
13-12-2025;12:50:00;1,8; m/s
13-12-2025;13:00:00;1,4; m/s
13-12-2025;13:10:00;1,5; m/s
13-12-2025;13:20:00;1,6; m/s
13-12-2025;13:30:00;1,8; m/s
13-12-2025;13:40:00;2; m/s
13-12-2025;13:50:00;1,9; m/s
13-12-2025;14:00:00;2,3; m/s
13-12-2025;14:10:00;2; m/s
13-12-2025;14:20:00;1,9; m/s
13-12-2025;14:30:00;1,4; m/s
13-12-2025;14:40:00;1,4; m/s
13-12-2025;14:50:00;1,5; m/s
13-12-2025;15:00:00;1,6; m/s
13-12-2025;15:10:00;1,5; m/s
13-12-2025;15:20:00;1; m/s
13-12-2025;15:30:00;1,4; m/s
13-12-2025;15:40:00;1,2; m/s
13-12-2025;15:50:00;1,2; m/s
13-12-2025;16:00:00;1,3; m/s
13-12-2025;16:10:00;0,9; m/s
13-12-2025;16:20:00;1; m/s
13-12-2025;16:30:00;0,9; m/s
13-12-2025;16:40:00;0,8; m/s
13-12-2025;16:50:00;0,7; m/s
13-12-2025;17:00:00;0,8; m/s
13-12-2025;17:10:00;0,8; m/s
13-12-2025;17:20:00;0,8; m/s
13-12-2025;17:30:00;1,2; m/s
13-12-2025;17:40:00;1,3; m/s
13-12-2025;17:50:00;1,1; m/s
13-12-2025;18:00:00;1,6; m/s
13-12-2025;18:10:00;2,4; m/s
13-12-2025;18:20:00;2,7; m/s
13-12-2025;18:30:00;2,5; m/s
13-12-2025;18:40:00;2,6; m/s
13-12-2025;18:50:00;3; m/s
13-12-2025;19:00:00;3,3; m/s
13-12-2025;19:10:00;3,1; m/s
13-12-2025;19:20:00;3,1; m/s
13-12-2025;19:30:00;2,7; m/s
13-12-2025;19:40:00;2,6; m/s
13-12-2025;19:50:00;2,8; m/s
13-12-2025;20:00:00;3,1; m/s
13-12-2025;20:10:00;2,7; m/s
13-12-2025;20:20:00;2,4; m/s
13-12-2025;20:30:00;1,9; m/s
13-12-2025;20:40:00;1,8; m/s
13-12-2025;20:50:00;1,1; m/s
13-12-2025;21:00:00;1,1; m/s
13-12-2025;21:10:00;1,2; m/s
13-12-2025;21:20:00;2; m/s
13-12-2025;21:30:00;2,3; m/s
13-12-2025;21:40:00;2; m/s
13-12-2025;21:50:00;1,6; m/s
13-12-2025;22:00:00;1,9; m/s
13-12-2025;22:10:00;2,2; m/s
13-12-2025;22:20:00;2,5; m/s
13-12-2025;22:30:00;3,1; m/s
13-12-2025;22:40:00;3; m/s
13-12-2025;22:50:00;2,7; m/s
13-12-2025;23:00:00;3,2; m/s
13-12-2025;23:10:00;3,6; m/s
13-12-2025;23:20:00;3,3; m/s
13-12-2025;23:30:00;3,3; m/s
13-12-2025;23:40:00;3; m/s
13-12-2025;23:50:00;3; m/s
14-12-2025;00:00:00;2,9; m/s
14-12-2025;00:10:00;2,7; m/s
14-12-2025;00:20:00;2,7; m/s
14-12-2025;00:30:00;2,7; m/s
14-12-2025;00:40:00;2,4; m/s
14-12-2025;00:50:00;2,4; m/s
14-12-2025;01:00:00;2,5; m/s
14-12-2025;01:10:00;2,3; m/s
14-12-2025;01:20:00;2,3; m/s
14-12-2025;01:30:00;2,5; m/s
14-12-2025;01:40:00;2,4; m/s
14-12-2025;01:50:00;3; m/s
14-12-2025;02:00:00;2,9; m/s
14-12-2025;02:10:00;2,9; m/s
14-12-2025;02:20:00;2,2; m/s
14-12-2025;02:30:00;1,9; m/s
14-12-2025;02:40:00;1,9; m/s
14-12-2025;02:50:00;2,2; m/s
14-12-2025;03:00:00;2,7; m/s
14-12-2025;03:10:00;2,4; m/s
14-12-2025;03:20:00;2,2; m/s
14-12-2025;03:30:00;1,9; m/s
14-12-2025;03:40:00;2,3; m/s
14-12-2025;03:50:00;2; m/s
14-12-2025;04:00:00;1,5; m/s
14-12-2025;04:10:00;0,8; m/s
14-12-2025;04:20:00;2,3; m/s
14-12-2025;04:30:00;2,8; m/s
14-12-2025;04:40:00;2,7; m/s
14-12-2025;04:50:00;1,4; m/s
14-12-2025;05:00:00;1,9; m/s
14-12-2025;05:10:00;2,7; m/s
14-12-2025;05:20:00;2,1; m/s
14-12-2025;05:30:00;1,9; m/s
14-12-2025;05:40:00;2,2; m/s
14-12-2025;05:50:00;1,9; m/s
14-12-2025;06:00:00;1,9; m/s
14-12-2025;06:10:00;2,1; m/s
14-12-2025;06:20:00;2,2; m/s
14-12-2025;06:30:00;3,1; m/s
14-12-2025;06:40:00;3,3; m/s
14-12-2025;06:50:00;4,3; m/s
14-12-2025;07:00:00;4,3; m/s
14-12-2025;07:10:00;3,9; m/s
14-12-2025;07:20:00;4,1; m/s
14-12-2025;07:30:00;3,9; m/s
14-12-2025;07:40:00;3,5; m/s
14-12-2025;07:50:00;1,9; m/s
14-12-2025;08:00:00;1,4; m/s
14-12-2025;08:10:00;1,1; m/s
14-12-2025;08:20:00;1,3; m/s
14-12-2025;08:30:00;1,6; m/s
14-12-2025;08:40:00;2,3; m/s
14-12-2025;08:50:00;2,9; m/s
14-12-2025;09:00:00;2; m/s
14-12-2025;09:20:00;2,1; m/s
14-12-2025;09:30:00;1,7; m/s
14-12-2025;09:40:00;1,5; m/s
14-12-2025;09:50:00;1,6; m/s
14-12-2025;10:00:00;1,7; m/s
14-12-2025;10:10:00;1,7; m/s
14-12-2025;10:20:00;1,9; m/s
14-12-2025;10:30:00;1,9; m/s
14-12-2025;10:40:00;1,8; m/s
14-12-2025;10:50:00;1,2; m/s
14-12-2025;11:00:00;0,8; m/s
14-12-2025;11:10:00;1,7; m/s
14-12-2025;11:20:00;1,9; m/s
14-12-2025;11:30:00;2; m/s
14-12-2025;11:40:00;1,7; m/s
14-12-2025;11:50:00;1,4; m/s
14-12-2025;12:00:00;1,4; m/s
14-12-2025;12:10:00;1,5; m/s
14-12-2025;12:20:00;1,4; m/s
14-12-2025;12:30:00;1,5; m/s
14-12-2025;12:40:00;1,6; m/s
14-12-2025;12:50:00;1,5; m/s
14-12-2025;13:00:00;1,7; m/s
14-12-2025;13:10:00;1,5; m/s
14-12-2025;13:20:00;1,5; m/s
14-12-2025;13:30:00;1,6; m/s
14-12-2025;13:40:00;1,7; m/s
14-12-2025;13:50:00;1,4; m/s
14-12-2025;14:00:00;1,5; m/s
14-12-2025;14:10:00;1; m/s
14-12-2025;14:20:00;1,3; m/s
14-12-2025;14:30:00;1,4; m/s
14-12-2025;14:40:00;2; m/s
14-12-2025;14:50:00;1,8; m/s
14-12-2025;15:00:00;1,4; m/s
14-12-2025;15:10:00;1,9; m/s
14-12-2025;15:20:00;1,6; m/s
14-12-2025;15:30:00;2,2; m/s
14-12-2025;15:40:00;2,5; m/s
14-12-2025;15:50:00;2,4; m/s
14-12-2025;16:00:00;2,5; m/s
14-12-2025;16:10:00;3,1; m/s
14-12-2025;16:20:00;3,1; m/s
14-12-2025;16:30:00;2,8; m/s
14-12-2025;16:40:00;2,2; m/s
14-12-2025;16:50:00;1,6; m/s
14-12-2025;17:00:00;2,1; m/s
14-12-2025;17:10:00;2,5; m/s
14-12-2025;17:20:00;2,9; m/s
14-12-2025;17:30:00;2,6; m/s
14-12-2025;17:40:00;2,6; m/s
14-12-2025;17:50:00;2; m/s
14-12-2025;18:00:00;2; m/s
14-12-2025;18:10:00;1,9; m/s
14-12-2025;18:20:00;1,9; m/s
14-12-2025;18:30:00;2,1; m/s
14-12-2025;18:40:00;2,7; m/s
14-12-2025;18:50:00;3; m/s
14-12-2025;19:00:00;3,2; m/s
14-12-2025;19:10:00;3,8; m/s
14-12-2025;19:20:00;3,9; m/s
14-12-2025;19:30:00;2,7; m/s
14-12-2025;19:40:00;1,5; m/s
14-12-2025;19:50:00;1,2; m/s
14-12-2025;20:00:00;1,9; m/s
14-12-2025;20:10:00;1,7; m/s
14-12-2025;20:20:00;1,1; m/s
14-12-2025;20:30:00;1; m/s
14-12-2025;20:40:00;0,8; m/s
14-12-2025;20:50:00;0,3; m/s
14-12-2025;21:00:00;0,6; m/s
14-12-2025;21:10:00;0,7; m/s
14-12-2025;21:20:00;0,4; m/s
14-12-2025;21:30:00;1,1; m/s
14-12-2025;21:40:00;1,1; m/s
14-12-2025;21:50:00;1,7; m/s
14-12-2025;22:00:00;1,8; m/s
14-12-2025;22:10:00;1,8; m/s
14-12-2025;22:20:00;2,6; m/s
14-12-2025;22:30:00;2,7; m/s
14-12-2025;22:40:00;2,6; m/s
14-12-2025;22:50:00;2,7; m/s
14-12-2025;23:00:00;2,4; m/s
14-12-2025;23:10:00;2,1; m/s
14-12-2025;23:20:00;2,2; m/s
14-12-2025;23:30:00;3,2; m/s
14-12-2025;23:40:00;2,9; m/s
14-12-2025;23:50:00;2,3; m/s
15-12-2025;00:00:00;2,4; m/s
15-12-2025;00:10:00;2,8; m/s
15-12-2025;00:20:00;2,9; m/s
15-12-2025;00:30:00;2,8; m/s
15-12-2025;00:40:00;2,3; m/s
15-12-2025;00:50:00;2,6; m/s
15-12-2025;01:00:00;2,4; m/s
15-12-2025;01:10:00;2,1; m/s
15-12-2025;01:20:00;2; m/s
15-12-2025;01:30:00;1,5; m/s
15-12-2025;01:40:00;1,7; m/s
15-12-2025;01:50:00;2; m/s
15-12-2025;02:00:00;1,9; m/s
15-12-2025;02:10:00;2; m/s
15-12-2025;02:20:00;2; m/s
15-12-2025;02:30:00;2; m/s
15-12-2025;02:40:00;1,9; m/s
15-12-2025;02:50:00;2; m/s
15-12-2025;03:00:00;2,2; m/s
15-12-2025;03:10:00;2,3; m/s
15-12-2025;03:20:00;1,9; m/s
15-12-2025;03:30:00;2,3; m/s
15-12-2025;03:40:00;2,4; m/s
15-12-2025;03:50:00;3; m/s
15-12-2025;04:00:00;2,9; m/s
15-12-2025;04:10:00;2,4; m/s
15-12-2025;04:20:00;2,2; m/s
15-12-2025;04:30:00;2,4; m/s
15-12-2025;04:40:00;2,3; m/s
15-12-2025;04:50:00;2,6; m/s
15-12-2025;05:00:00;2,5; m/s
15-12-2025;05:10:00;2,4; m/s
15-12-2025;05:20:00;2,5; m/s
15-12-2025;05:30:00;2,7; m/s
15-12-2025;05:40:00;2,6; m/s
15-12-2025;05:50:00;2,9; m/s
15-12-2025;06:00:00;2,8; m/s
15-12-2025;06:10:00;2,7; m/s
15-12-2025;06:20:00;2,5; m/s
15-12-2025;06:30:00;2,6; m/s
15-12-2025;06:40:00;2,7; m/s
15-12-2025;06:50:00;2; m/s
15-12-2025;07:00:00;2,2; m/s
15-12-2025;07:10:00;1,9; m/s
15-12-2025;07:20:00;2,2; m/s
15-12-2025;07:30:00;2,6; m/s
15-12-2025;07:40:00;1,7; m/s
15-12-2025;07:50:00;0,5; m/s
15-12-2025;08:00:00;0,6; m/s
15-12-2025;08:10:00;1,1; m/s
15-12-2025;08:20:00;0,9; m/s
15-12-2025;08:30:00;1,2; m/s
15-12-2025;08:40:00;1,5; m/s
15-12-2025;08:50:00;1,3; m/s
15-12-2025;09:00:00;1,2; m/s
15-12-2025;09:10:00;1,3; m/s
15-12-2025;09:20:00;1,8; m/s
15-12-2025;09:30:00;2,1; m/s
15-12-2025;09:40:00;2,1; m/s
15-12-2025;09:50:00;2,1; m/s
15-12-2025;10:00:00;1,8; m/s
15-12-2025;10:10:00;2,1; m/s
15-12-2025;10:20:00;2; m/s
15-12-2025;10:30:00;2,5; m/s
15-12-2025;10:40:00;1,9; m/s
15-12-2025;10:50:00;1,7; m/s
15-12-2025;11:00:00;1,8; m/s
15-12-2025;11:10:00;2; m/s
15-12-2025;11:20:00;1,7; m/s
15-12-2025;11:30:00;2,3; m/s
15-12-2025;11:40:00;1,7; m/s
15-12-2025;11:50:00;1,3; m/s
15-12-2025;12:00:00;1,3; m/s
15-12-2025;12:10:00;1,4; m/s
15-12-2025;12:20:00;1,2; m/s
15-12-2025;12:30:00;1,7; m/s
15-12-2025;12:40:00;1,3; m/s
15-12-2025;12:50:00;1,5; m/s
15-12-2025;13:00:00;1,1; m/s
15-12-2025;13:10:00;1,3; m/s
15-12-2025;13:20:00;1,2; m/s
15-12-2025;13:30:00;1,3; m/s
15-12-2025;13:40:00;1,5; m/s
15-12-2025;13:50:00;1,4; m/s
15-12-2025;14:00:00;1,5; m/s
15-12-2025;14:10:00;1,7; m/s
15-12-2025;14:20:00;1,9; m/s
15-12-2025;14:30:00;2; m/s
15-12-2025;14:40:00;2,1; m/s
15-12-2025;14:50:00;2; m/s
15-12-2025;15:00:00;1,2; m/s
15-12-2025;15:10:00;1; m/s
15-12-2025;15:20:00;1,3; m/s
15-12-2025;15:30:00;0,9; m/s
15-12-2025;15:40:00;0,6; m/s
15-12-2025;15:50:00;0,5; m/s
15-12-2025;16:00:00;1; m/s
15-12-2025;16:10:00;1,2; m/s
15-12-2025;16:20:00;1,3; m/s
15-12-2025;16:30:00;1,6; m/s
15-12-2025;16:40:00;1,7; m/s
15-12-2025;16:50:00;1,7; m/s
15-12-2025;17:00:00;1,9; m/s
15-12-2025;17:10:00;2; m/s
15-12-2025;17:20:00;1,7; m/s
15-12-2025;17:30:00;1,8; m/s
15-12-2025;17:40:00;2,3; m/s
15-12-2025;17:50:00;2,1; m/s
15-12-2025;18:00:00;2,6; m/s
15-12-2025;18:10:00;1,8; m/s
15-12-2025;18:20:00;0,7; m/s
15-12-2025;18:30:00;0,5; m/s
15-12-2025;18:40:00;0,8; m/s
15-12-2025;18:50:00;1,4; m/s
15-12-2025;19:00:00;1,7; m/s
15-12-2025;19:10:00;1,8; m/s
15-12-2025;19:20:00;2,1; m/s
15-12-2025;19:30:00;2,9; m/s
15-12-2025;19:40:00;3,1; m/s
15-12-2025;19:50:00;3,3; m/s
15-12-2025;20:00:00;3,2; m/s
15-12-2025;20:10:00;3; m/s
15-12-2025;20:20:00;3; m/s
15-12-2025;20:30:00;3,3; m/s
15-12-2025;20:40:00;2,8; m/s
15-12-2025;20:50:00;3,2; m/s
15-12-2025;21:00:00;2,8; m/s
15-12-2025;21:10:00;2,7; m/s
15-12-2025;21:20:00;2,8; m/s
15-12-2025;21:30:00;2,6; m/s
15-12-2025;21:40:00;2,6; m/s
15-12-2025;21:50:00;2,4; m/s
15-12-2025;22:00:00;2,7; m/s
15-12-2025;22:10:00;2,9; m/s
15-12-2025;22:20:00;2; m/s
15-12-2025;22:30:00;2,1; m/s
15-12-2025;22:40:00;2,4; m/s
15-12-2025;22:50:00;2; m/s
15-12-2025;23:00:00;2; m/s
15-12-2025;23:10:00;0,9; m/s
15-12-2025;23:20:00;1,8; m/s
15-12-2025;23:30:00;2,6; m/s
15-12-2025;23:40:00;1,1; m/s
15-12-2025;23:50:00;1,1; m/s
16-12-2025;00:00:00;1,4; m/s
16-12-2025;00:10:00;2,4; m/s
16-12-2025;00:20:00;2,6; m/s
16-12-2025;00:30:00;3,3; m/s
16-12-2025;00:40:00;2,8; m/s
16-12-2025;00:50:00;3,1; m/s
16-12-2025;01:00:00;3,5; m/s
16-12-2025;01:10:00;3,3; m/s
16-12-2025;01:20:00;3,2; m/s
16-12-2025;01:30:00;3,4; m/s
16-12-2025;01:40:00;3,4; m/s
16-12-2025;01:50:00;3,8; m/s
16-12-2025;02:00:00;3,2; m/s
16-12-2025;02:10:00;3,6; m/s
16-12-2025;02:20:00;3,6; m/s
16-12-2025;02:30:00;3,6; m/s
16-12-2025;02:40:00;3,6; m/s
16-12-2025;02:50:00;3,8; m/s
16-12-2025;03:00:00;3,9; m/s
16-12-2025;03:10:00;3,5; m/s
16-12-2025;03:20:00;3,8; m/s
16-12-2025;03:30:00;3,9; m/s
16-12-2025;03:40:00;3,9; m/s
16-12-2025;03:50:00;4,3; m/s
16-12-2025;04:00:00;3,7; m/s
16-12-2025;04:10:00;3,4; m/s
16-12-2025;04:20:00;3,4; m/s
16-12-2025;04:30:00;3,2; m/s
16-12-2025;04:40:00;2,9; m/s
16-12-2025;04:50:00;3,2; m/s
16-12-2025;05:00:00;3,2; m/s
16-12-2025;05:10:00;2,6; m/s
16-12-2025;05:20:00;3,5; m/s
16-12-2025;05:30:00;3,6; m/s
16-12-2025;05:40:00;4,1; m/s
16-12-2025;05:50:00;4; m/s
16-12-2025;06:00:00;3,6; m/s
16-12-2025;06:10:00;3,9; m/s
16-12-2025;06:20:00;4; m/s
16-12-2025;06:30:00;3,7; m/s
16-12-2025;06:40:00;3,8; m/s
16-12-2025;06:50:00;3,6; m/s
16-12-2025;07:00:00;4; m/s
16-12-2025;07:10:00;4,1; m/s
16-12-2025;07:20:00;4,4; m/s
16-12-2025;07:30:00;4,2; m/s
16-12-2025;07:40:00;4,4; m/s
16-12-2025;07:50:00;4,7; m/s
16-12-2025;08:00:00;5; m/s
16-12-2025;08:10:00;4,6; m/s
16-12-2025;08:20:00;4,2; m/s
16-12-2025;08:30:00;3,9; m/s
16-12-2025;08:40:00;3,9; m/s
16-12-2025;08:50:00;3,9; m/s
16-12-2025;09:00:00;3,7; m/s
16-12-2025;09:10:00;3,1; m/s
16-12-2025;09:20:00;3,7; m/s
16-12-2025;09:30:00;3,7; m/s
16-12-2025;09:40:00;4,1; m/s
16-12-2025;09:50:00;4; m/s
16-12-2025;10:00:00;4,1; m/s
16-12-2025;10:10:00;4,1; m/s
16-12-2025;10:20:00;3; m/s
16-12-2025;10:30:00;4,1; m/s
16-12-2025;10:40:00;4,4; m/s
16-12-2025;10:50:00;3,4; m/s
16-12-2025;11:00:00;3,2; m/s
16-12-2025;11:10:00;2,3; m/s
16-12-2025;11:20:00;2,1; m/s
16-12-2025;11:30:00;2; m/s
16-12-2025;11:40:00;1,6; m/s
16-12-2025;11:50:00;1,9; m/s
16-12-2025;12:00:00;2,2; m/s
16-12-2025;12:10:00;2,9; m/s
16-12-2025;12:20:00;3; m/s
16-12-2025;12:30:00;3,8; m/s
16-12-2025;12:40:00;3,6; m/s
16-12-2025;12:50:00;3,6; m/s
16-12-2025;13:00:00;3,5; m/s
16-12-2025;13:10:00;2,9; m/s
16-12-2025;13:20:00;4,2; m/s
16-12-2025;13:30:00;4,2; m/s
16-12-2025;13:40:00;4,4; m/s
16-12-2025;13:50:00;3,9; m/s
16-12-2025;14:00:00;4; m/s
16-12-2025;14:10:00;4,3; m/s
16-12-2025;14:20:00;4,8; m/s
16-12-2025;14:30:00;4,7; m/s
16-12-2025;14:40:00;3,8; m/s
16-12-2025;14:50:00;3,9; m/s
16-12-2025;15:00:00;4; m/s
16-12-2025;15:10:00;3,5; m/s
16-12-2025;15:20:00;3,3; m/s
16-12-2025;15:30:00;3,4; m/s
16-12-2025;15:40:00;3,4; m/s
16-12-2025;15:50:00;2,7; m/s
16-12-2025;16:00:00;3,2; m/s
16-12-2025;16:10:00;4; m/s
16-12-2025;16:20:00;3,6; m/s
16-12-2025;16:30:00;4; m/s
16-12-2025;16:40:00;4; m/s
16-12-2025;16:50:00;4,3; m/s
16-12-2025;17:00:00;4,9; m/s
16-12-2025;17:10:00;4,3; m/s
16-12-2025;17:20:00;5,8; m/s
16-12-2025;17:30:00;5,4; m/s
16-12-2025;17:40:00;5,6; m/s
16-12-2025;17:50:00;5,5; m/s
16-12-2025;18:00:00;5; m/s
16-12-2025;18:10:00;5,2; m/s
16-12-2025;18:20:00;5,1; m/s
16-12-2025;18:30:00;4,2; m/s
16-12-2025;18:40:00;3,8; m/s
16-12-2025;18:50:00;3,6; m/s
16-12-2025;19:00:00;4,1; m/s
16-12-2025;19:10:00;5,2; m/s
16-12-2025;19:20:00;4,5; m/s
16-12-2025;19:30:00;5,1; m/s
16-12-2025;19:40:00;4,7; m/s
16-12-2025;19:50:00;6,4; m/s
16-12-2025;20:00:00;7,2; m/s
16-12-2025;20:10:00;6,2; m/s
16-12-2025;20:20:00;5,6; m/s
16-12-2025;20:30:00;6,1; m/s
16-12-2025;20:40:00;6,6; m/s
16-12-2025;20:50:00;7,5; m/s
16-12-2025;21:00:00;7,1; m/s
16-12-2025;21:10:00;7,1; m/s
16-12-2025;21:20:00;7,1; m/s
16-12-2025;21:30:00;8,1; m/s
16-12-2025;21:40:00;7,4; m/s
16-12-2025;21:50:00;6,1; m/s
16-12-2025;22:00:00;6,9; m/s
16-12-2025;22:10:00;6,2; m/s
16-12-2025;22:20:00;5,5; m/s
16-12-2025;22:30:00;5,7; m/s
16-12-2025;22:40:00;6,2; m/s
16-12-2025;22:50:00;5,8; m/s
16-12-2025;23:00:00;5,2; m/s
16-12-2025;23:10:00;4,5; m/s
16-12-2025;23:20:00;4,4; m/s
16-12-2025;23:30:00;3,9; m/s
16-12-2025;23:40:00;3,8; m/s
16-12-2025;23:50:00;3,8; m/s
17-12-2025;00:00:00;3,7; m/s
17-12-2025;00:10:00;4; m/s
17-12-2025;00:20:00;3,9; m/s
17-12-2025;00:30:00;4; m/s
17-12-2025;00:40:00;3,9; m/s
17-12-2025;00:50:00;3,3; m/s
17-12-2025;01:00:00;3,6; m/s
17-12-2025;01:10:00;3,9; m/s
17-12-2025;01:20:00;4,8; m/s
17-12-2025;01:30:00;4,4; m/s
17-12-2025;01:40:00;4,4; m/s
17-12-2025;01:50:00;4,1; m/s
17-12-2025;02:00:00;3,7; m/s
17-12-2025;02:10:00;3,4; m/s
17-12-2025;02:20:00;3; m/s
17-12-2025;02:30:00;3,1; m/s
17-12-2025;02:40:00;4,3; m/s
17-12-2025;02:50:00;3,9; m/s
17-12-2025;03:00:00;3,5; m/s
17-12-2025;03:10:00;3,4; m/s
17-12-2025;03:20:00;3,4; m/s
17-12-2025;03:30:00;3,2; m/s
17-12-2025;03:40:00;4; m/s
17-12-2025;03:50:00;4,8; m/s
17-12-2025;04:00:00;4,1; m/s
17-12-2025;04:10:00;3,4; m/s
17-12-2025;04:20:00;3,6; m/s
17-12-2025;04:30:00;4,5; m/s
17-12-2025;04:40:00;2,7; m/s
17-12-2025;04:50:00;3; m/s
17-12-2025;05:00:00;2,9; m/s
17-12-2025;05:10:00;2,7; m/s
17-12-2025;05:20:00;2,6; m/s
17-12-2025;05:30:00;3; m/s
17-12-2025;05:40:00;3,9; m/s
17-12-2025;05:50:00;3,3; m/s
17-12-2025;06:00:00;2,6; m/s
17-12-2025;06:10:00;2,7; m/s
17-12-2025;06:20:00;3,4; m/s
17-12-2025;06:30:00;2,8; m/s
17-12-2025;06:40:00;2,8; m/s
17-12-2025;06:50:00;3,1; m/s
17-12-2025;07:00:00;3; m/s
17-12-2025;07:10:00;3; m/s
17-12-2025;07:20:00;2,6; m/s
17-12-2025;07:30:00;2,6; m/s
17-12-2025;07:40:00;2,3; m/s
17-12-2025;07:50:00;2,5; m/s
17-12-2025;08:00:00;2; m/s
17-12-2025;08:10:00;2,1; m/s
17-12-2025;08:20:00;2; m/s
17-12-2025;08:30:00;2,3; m/s
17-12-2025;08:40:00;2,3; m/s
17-12-2025;08:50:00;2,5; m/s
17-12-2025;09:00:00;2,3; m/s
17-12-2025;09:10:00;2,6; m/s
17-12-2025;09:20:00;2,4; m/s
17-12-2025;09:30:00;2,4; m/s
17-12-2025;09:40:00;2,4; m/s
17-12-2025;09:50:00;2,2; m/s
17-12-2025;10:00:00;2; m/s
17-12-2025;10:10:00;1,7; m/s
17-12-2025;10:20:00;2; m/s
17-12-2025;10:30:00;1,6; m/s
17-12-2025;10:40:00;1,4; m/s
17-12-2025;10:50:00;1,5; m/s
17-12-2025;11:00:00;2,1; m/s
17-12-2025;11:10:00;2,1; m/s
17-12-2025;11:20:00;1,8; m/s
17-12-2025;11:30:00;1,8; m/s
17-12-2025;11:40:00;1,7; m/s
17-12-2025;11:50:00;1,7; m/s
17-12-2025;12:00:00;1,4; m/s
17-12-2025;12:10:00;1,8; m/s
17-12-2025;12:20:00;1,9; m/s
17-12-2025;12:30:00;1,6; m/s
17-12-2025;12:40:00;1,9; m/s
17-12-2025;12:50:00;1,9; m/s
17-12-2025;13:00:00;1,9; m/s
17-12-2025;13:10:00;2; m/s
17-12-2025;13:20:00;1,6; m/s
17-12-2025;13:30:00;1,7; m/s
17-12-2025;13:40:00;1,7; m/s
17-12-2025;13:50:00;1,5; m/s
17-12-2025;14:00:00;1,6; m/s
17-12-2025;14:10:00;1,8; m/s
17-12-2025;14:20:00;2,1; m/s
17-12-2025;14:30:00;1,9; m/s
17-12-2025;14:40:00;1,8; m/s
17-12-2025;14:50:00;1,7; m/s
17-12-2025;15:00:00;1,4; m/s
17-12-2025;15:10:00;1,4; m/s
17-12-2025;15:20:00;1,3; m/s
17-12-2025;15:30:00;1,2; m/s
17-12-2025;15:40:00;0,9; m/s
17-12-2025;15:50:00;1; m/s
17-12-2025;16:00:00;1,3; m/s
17-12-2025;16:10:00;1,4; m/s
17-12-2025;16:20:00;1,4; m/s
17-12-2025;16:30:00;1,6; m/s
17-12-2025;16:40:00;1,4; m/s
17-12-2025;16:50:00;0,9; m/s
17-12-2025;17:00:00;1,5; m/s
17-12-2025;17:10:00;1,2; m/s
17-12-2025;17:20:00;0,7; m/s
17-12-2025;17:30:00;0,8; m/s
17-12-2025;17:40:00;1,1; m/s
17-12-2025;17:50:00;2,3; m/s
17-12-2025;18:00:00;2,8; m/s
17-12-2025;18:10:00;1,8; m/s
17-12-2025;18:20:00;2,6; m/s
17-12-2025;18:30:00;1,9; m/s
17-12-2025;18:40:00;1; m/s
17-12-2025;18:50:00;1; m/s
17-12-2025;19:00:00;2,7; m/s
17-12-2025;19:10:00;2,9; m/s
17-12-2025;19:20:00;3,2; m/s
17-12-2025;19:30:00;2,7; m/s
17-12-2025;19:40:00;2,8; m/s
17-12-2025;19:50:00;2,9; m/s
17-12-2025;20:00:00;2,8; m/s
17-12-2025;20:10:00;3,7; m/s
17-12-2025;20:20:00;3,7; m/s
17-12-2025;20:30:00;3,6; m/s
17-12-2025;20:40:00;3,8; m/s
17-12-2025;20:50:00;3,3; m/s
17-12-2025;21:00:00;3,4; m/s
17-12-2025;21:10:00;3,3; m/s
17-12-2025;21:20:00;3,5; m/s
17-12-2025;21:30:00;3,5; m/s
17-12-2025;21:40:00;3,6; m/s
17-12-2025;21:50:00;3,9; m/s
17-12-2025;22:00:00;4; m/s
17-12-2025;22:10:00;3,8; m/s
17-12-2025;22:20:00;3,9; m/s
17-12-2025;22:30:00;3,8; m/s
17-12-2025;22:40:00;3,5; m/s
17-12-2025;22:50:00;2,5; m/s
17-12-2025;23:00:00;2,2; m/s
17-12-2025;23:10:00;2,5; m/s
17-12-2025;23:20:00;2,5; m/s
17-12-2025;23:30:00;1,8; m/s
17-12-2025;23:40:00;1,7; m/s
17-12-2025;23:50:00;1,7; m/s
18-12-2025;00:00:00;2,6; m/s
18-12-2025;00:10:00;2,2; m/s
18-12-2025;00:20:00;1,8; m/s
18-12-2025;00:30:00;2,5; m/s
18-12-2025;00:40:00;2,1; m/s
18-12-2025;00:50:00;1,4; m/s
18-12-2025;01:00:00;1; m/s
18-12-2025;01:10:00;0,6; m/s
18-12-2025;01:20:00;1,1; m/s
18-12-2025;01:30:00;1,3; m/s
18-12-2025;01:40:00;1,3; m/s
18-12-2025;01:50:00;1,7; m/s
18-12-2025;02:00:00;1,2; m/s
18-12-2025;02:10:00;1,1; m/s
18-12-2025;02:20:00;0,2; m/s
18-12-2025;02:30:00;1; m/s
18-12-2025;02:40:00;0,9; m/s
18-12-2025;02:50:00;0,2; m/s
18-12-2025;03:00:00;0,2; m/s
18-12-2025;03:10:00;0,3; m/s
18-12-2025;03:20:00;0,3; m/s
18-12-2025;03:30:00;0,6; m/s
18-12-2025;03:40:00;0,4; m/s
18-12-2025;03:50:00;0,4; m/s
18-12-2025;04:00:00;0,4; m/s
18-12-2025;04:10:00;0,6; m/s
18-12-2025;04:20:00;1; m/s
18-12-2025;04:30:00;1,2; m/s
18-12-2025;04:40:00;1,5; m/s
18-12-2025;04:50:00;1,9; m/s
18-12-2025;05:00:00;2,2; m/s
18-12-2025;05:10:00;1,8; m/s
18-12-2025;05:20:00;1,4; m/s
18-12-2025;05:30:00;1,2; m/s
18-12-2025;05:40:00;1,6; m/s
18-12-2025;05:50:00;1,9; m/s
18-12-2025;06:00:00;2; m/s
18-12-2025;06:10:00;1,8; m/s
18-12-2025;06:20:00;1,7; m/s
18-12-2025;06:30:00;0,7; m/s
18-12-2025;06:40:00;1,9; m/s
18-12-2025;06:50:00;1,3; m/s
18-12-2025;07:00:00;1,7; m/s
18-12-2025;07:10:00;2,4; m/s
18-12-2025;07:20:00;3,2; m/s
18-12-2025;07:30:00;3,3; m/s
18-12-2025;07:40:00;2,8; m/s
18-12-2025;07:50:00;3,1; m/s
18-12-2025;08:00:00;3,6; m/s
18-12-2025;08:10:00;3,3; m/s
18-12-2025;08:20:00;2,9; m/s
18-12-2025;08:30:00;2,5; m/s
18-12-2025;08:40:00;1,7; m/s
18-12-2025;08:50:00;1,4; m/s
18-12-2025;09:00:00;1,7; m/s
18-12-2025;09:10:00;1,8; m/s
18-12-2025;09:20:00;2,3; m/s
18-12-2025;09:30:00;2,5; m/s
18-12-2025;09:40:00;2,4; m/s
18-12-2025;09:50:00;1,7; m/s
18-12-2025;10:00:00;1,7; m/s
18-12-2025;10:10:00;2; m/s
18-12-2025;10:20:00;2,1; m/s
18-12-2025;10:30:00;1,8; m/s
18-12-2025;10:40:00;2,5; m/s
18-12-2025;10:50:00;2,4; m/s
18-12-2025;11:00:00;2,2; m/s
18-12-2025;11:10:00;1,8; m/s
18-12-2025;11:20:00;1,6; m/s
18-12-2025;11:30:00;1,1; m/s
18-12-2025;11:40:00;0,8; m/s
18-12-2025;11:50:00;1,8; m/s
18-12-2025;12:00:00;1,7; m/s
18-12-2025;12:10:00;1,8; m/s
18-12-2025;12:20:00;1,6; m/s
18-12-2025;12:30:00;0,8; m/s
18-12-2025;12:40:00;1,4; m/s
18-12-2025;12:50:00;1; m/s
18-12-2025;13:00:00;1,6; m/s
18-12-2025;13:10:00;1,6; m/s
18-12-2025;13:20:00;3; m/s
18-12-2025;13:30:00;3,6; m/s
18-12-2025;13:40:00;4,9; m/s
18-12-2025;13:50:00;5,1; m/s
18-12-2025;14:00:00;5,3; m/s
18-12-2025;14:10:00;4,7; m/s
18-12-2025;14:20:00;3,9; m/s
18-12-2025;14:30:00;3,4; m/s
18-12-2025;14:40:00;2,8; m/s
18-12-2025;14:50:00;2,1; m/s
18-12-2025;15:00:00;2,2; m/s
18-12-2025;15:10:00;1,9; m/s
18-12-2025;15:20:00;1,9; m/s
18-12-2025;15:30:00;2,3; m/s
18-12-2025;15:40:00;2,7; m/s
18-12-2025;15:50:00;3,5; m/s
18-12-2025;16:00:00;3,6; m/s
18-12-2025;16:10:00;2,5; m/s
18-12-2025;16:20:00;2; m/s
18-12-2025;16:30:00;1,9; m/s
18-12-2025;16:40:00;2,2; m/s
18-12-2025;16:50:00;2,9; m/s
18-12-2025;17:00:00;2,9; m/s
18-12-2025;17:10:00;2,5; m/s
18-12-2025;17:20:00;2,8; m/s
18-12-2025;17:30:00;3; m/s
18-12-2025;17:40:00;3,2; m/s
18-12-2025;17:50:00;3,3; m/s
18-12-2025;18:00:00;3,3; m/s
18-12-2025;18:10:00;4,1; m/s
18-12-2025;18:20:00;4,4; m/s
18-12-2025;18:30:00;4,2; m/s
18-12-2025;18:40:00;4,2; m/s
18-12-2025;18:50:00;4; m/s
18-12-2025;19:00:00;3,3; m/s
18-12-2025;19:10:00;1,7; m/s
18-12-2025;19:20:00;2,2; m/s
18-12-2025;19:30:00;2,6; m/s
18-12-2025;19:40:00;2,3; m/s
18-12-2025;19:50:00;2; m/s
18-12-2025;20:00:00;1,3; m/s
18-12-2025;20:10:00;1,7; m/s
18-12-2025;20:20:00;1,4; m/s
18-12-2025;20:30:00;1,4; m/s
18-12-2025;20:40:00;1,5; m/s
18-12-2025;20:50:00;1,9; m/s
18-12-2025;21:00:00;1,7; m/s
18-12-2025;21:10:00;1,2; m/s
18-12-2025;21:20:00;1,8; m/s
18-12-2025;21:30:00;2,2; m/s
18-12-2025;21:40:00;2,2; m/s
18-12-2025;21:50:00;2,2; m/s
18-12-2025;22:00:00;1,4; m/s
18-12-2025;22:10:00;1,9; m/s
18-12-2025;22:20:00;1,4; m/s
18-12-2025;22:30:00;0,7; m/s
18-12-2025;22:40:00;0,3; m/s
18-12-2025;22:50:00;1,4; m/s
18-12-2025;23:00:00;2,6; m/s
18-12-2025;23:10:00;3,1; m/s
18-12-2025;23:20:00;2,9; m/s
18-12-2025;23:30:00;2,8; m/s
18-12-2025;23:40:00;1,9; m/s
18-12-2025;23:50:00;2,1; m/s
19-12-2025;00:00:00;2; m/s
19-12-2025;00:10:00;1,8; m/s
19-12-2025;00:20:00;1,2; m/s
19-12-2025;00:30:00;1,8; m/s
19-12-2025;00:40:00;2,3; m/s
19-12-2025;00:50:00;1,9; m/s
19-12-2025;01:00:00;2,2; m/s
19-12-2025;01:10:00;2,9; m/s
19-12-2025;01:20:00;2,1; m/s
19-12-2025;01:30:00;1,7; m/s
19-12-2025;01:40:00;2,2; m/s
19-12-2025;01:50:00;1,9; m/s
19-12-2025;02:00:00;2,1; m/s
19-12-2025;02:10:00;1,5; m/s
19-12-2025;02:20:00;1,5; m/s
19-12-2025;02:30:00;1,1; m/s
19-12-2025;02:40:00;0,6; m/s
19-12-2025;02:50:00;0,5; m/s
19-12-2025;03:00:00;0,9; m/s
19-12-2025;03:10:00;1,1; m/s
19-12-2025;03:20:00;1; m/s
19-12-2025;03:30:00;1,3; m/s
19-12-2025;03:40:00;1,6; m/s
19-12-2025;03:50:00;1,1; m/s
19-12-2025;04:00:00;1,2; m/s
19-12-2025;04:10:00;2; m/s
19-12-2025;04:20:00;2,2; m/s
19-12-2025;04:30:00;2,5; m/s
19-12-2025;04:40:00;3; m/s
19-12-2025;04:50:00;2,5; m/s
19-12-2025;05:00:00;2,3; m/s
19-12-2025;05:10:00;2,4; m/s
19-12-2025;05:20:00;2,7; m/s
19-12-2025;05:30:00;2,6; m/s
19-12-2025;05:40:00;1,4; m/s
19-12-2025;05:50:00;1,6; m/s
19-12-2025;06:00:00;1,1; m/s
19-12-2025;06:10:00;0,4; m/s
19-12-2025;06:20:00;0,8; m/s
19-12-2025;06:30:00;1,3; m/s
19-12-2025;06:40:00;2,3; m/s
19-12-2025;06:50:00;2,5; m/s
19-12-2025;07:00:00;1,3; m/s
19-12-2025;07:10:00;1,4; m/s
19-12-2025;07:20:00;1,5; m/s
19-12-2025;07:30:00;1,3; m/s
19-12-2025;07:40:00;1; m/s
19-12-2025;07:50:00;1,1; m/s
19-12-2025;08:00:00;1; m/s
19-12-2025;08:10:00;0,8; m/s
19-12-2025;08:20:00;1,1; m/s
19-12-2025;08:30:00;1,2; m/s
19-12-2025;08:40:00;1,8; m/s
19-12-2025;08:50:00;1,4; m/s
19-12-2025;09:00:00;1,1; m/s
19-12-2025;09:10:00;1,6; m/s
19-12-2025;09:20:00;1,6; m/s
19-12-2025;09:30:00;1,5; m/s
19-12-2025;09:40:00;1,2; m/s
19-12-2025;09:50:00;0,6; m/s
19-12-2025;10:00:00;0,5; m/s
19-12-2025;10:10:00;0,6; m/s
19-12-2025;10:20:00;1,2; m/s
19-12-2025;10:30:00;1,2; m/s
19-12-2025;10:40:00;1,7; m/s
19-12-2025;10:50:00;2; m/s
19-12-2025;11:00:00;1,9; m/s
19-12-2025;11:10:00;1,6; m/s
19-12-2025;11:20:00;0,8; m/s
19-12-2025;11:30:00;1,2; m/s
19-12-2025;11:40:00;1,8; m/s
19-12-2025;11:50:00;1,9; m/s
19-12-2025;12:00:00;1,2; m/s
19-12-2025;12:10:00;1,1; m/s
19-12-2025;12:20:00;1,7; m/s
19-12-2025;12:30:00;2,4; m/s
19-12-2025;12:40:00;2,2; m/s
19-12-2025;12:50:00;1,8; m/s
19-12-2025;13:00:00;1,8; m/s
19-12-2025;13:10:00;2,1; m/s
19-12-2025;13:20:00;2,2; m/s
19-12-2025;13:30:00;2,5; m/s
19-12-2025;13:40:00;2,7; m/s
19-12-2025;13:50:00;3,2; m/s
19-12-2025;14:00:00;3,2; m/s
19-12-2025;14:10:00;3,6; m/s
19-12-2025;14:20:00;4,2; m/s
19-12-2025;14:30:00;4,9; m/s
19-12-2025;14:40:00;5,1; m/s
19-12-2025;14:50:00;4,9; m/s
19-12-2025;15:00:00;4,5; m/s
19-12-2025;15:10:00;4,3; m/s
19-12-2025;15:20:00;4,5; m/s
19-12-2025;15:30:00;4,4; m/s
19-12-2025;15:40:00;4,1; m/s
19-12-2025;15:50:00;3,4; m/s
19-12-2025;16:00:00;3; m/s
19-12-2025;16:10:00;2,8; m/s
19-12-2025;16:20:00;2,5; m/s
19-12-2025;16:30:00;2,4; m/s
19-12-2025;16:40:00;1,9; m/s
19-12-2025;16:50:00;2; m/s
19-12-2025;17:00:00;2,4; m/s
19-12-2025;17:10:00;2,3; m/s
19-12-2025;17:20:00;1,8; m/s
19-12-2025;17:30:00;1,9; m/s
19-12-2025;17:40:00;2,2; m/s
19-12-2025;17:50:00;2,3; m/s
19-12-2025;18:00:00;2,8; m/s
19-12-2025;18:10:00;3,2; m/s
19-12-2025;18:20:00;2,9; m/s
19-12-2025;18:30:00;2,7; m/s
19-12-2025;18:40:00;2,5; m/s
19-12-2025;18:50:00;2,4; m/s
19-12-2025;19:00:00;2,4; m/s
19-12-2025;19:10:00;2,6; m/s
19-12-2025;19:20:00;2,6; m/s
19-12-2025;19:30:00;2,3; m/s
19-12-2025;19:40:00;2,3; m/s
19-12-2025;19:50:00;2,3; m/s
19-12-2025;20:00:00;2,4; m/s
19-12-2025;20:10:00;2; m/s
19-12-2025;20:20:00;2,1; m/s
19-12-2025;20:30:00;2,3; m/s
19-12-2025;20:40:00;2,1; m/s
19-12-2025;20:50:00;2,1; m/s
19-12-2025;21:00:00;2,1; m/s
19-12-2025;21:10:00;1,4; m/s
19-12-2025;21:20:00;1,3; m/s
19-12-2025;21:30:00;1,3; m/s
19-12-2025;21:40:00;1; m/s
19-12-2025;21:50:00;1,2; m/s
19-12-2025;22:00:00;1,9; m/s
19-12-2025;22:10:00;1,8; m/s
19-12-2025;22:20:00;1,6; m/s
19-12-2025;22:30:00;1,7; m/s
19-12-2025;22:40:00;2,2; m/s
19-12-2025;22:50:00;1,9; m/s
19-12-2025;23:00:00;2,1; m/s
19-12-2025;23:10:00;2,1; m/s
19-12-2025;23:20:00;2,4; m/s
19-12-2025;23:30:00;2; m/s
19-12-2025;23:40:00;1,8; m/s
19-12-2025;23:50:00;2,2; m/s
20-12-2025;00:00:00;1,9; m/s
20-12-2025;00:10:00;2,2; m/s
20-12-2025;00:20:00;1,9; m/s
20-12-2025;00:30:00;2,7; m/s
20-12-2025;00:40:00;2,4; m/s
20-12-2025;00:50:00;3; m/s
20-12-2025;01:00:00;2,4; m/s
20-12-2025;01:10:00;2,3; m/s
20-12-2025;01:20:00;2; m/s
20-12-2025;01:30:00;2,4; m/s
20-12-2025;01:40:00;2,9; m/s
20-12-2025;01:50:00;3,2; m/s
20-12-2025;02:00:00;3; m/s
20-12-2025;02:10:00;2,9; m/s
20-12-2025;02:20:00;3,3; m/s
20-12-2025;02:30:00;2,7; m/s
20-12-2025;02:40:00;3,3; m/s
20-12-2025;02:50:00;3,1; m/s
20-12-2025;03:00:00;2,5; m/s
20-12-2025;03:10:00;1,9; m/s
20-12-2025;03:20:00;2,2; m/s
20-12-2025;03:30:00;1,6; m/s
20-12-2025;03:40:00;2; m/s
20-12-2025;03:50:00;2,8; m/s
20-12-2025;04:00:00;2,7; m/s
20-12-2025;04:10:00;3,4; m/s
20-12-2025;04:20:00;4,9; m/s
20-12-2025;04:30:00;3,8; m/s
20-12-2025;04:40:00;4,1; m/s
20-12-2025;04:50:00;3,8; m/s
20-12-2025;05:00:00;3,8; m/s
20-12-2025;05:10:00;3,5; m/s
20-12-2025;05:20:00;2,7; m/s
20-12-2025;05:30:00;3,1; m/s
20-12-2025;05:40:00;2,7; m/s
20-12-2025;05:50:00;2,8; m/s
20-12-2025;06:00:00;2,7; m/s
20-12-2025;06:10:00;2,7; m/s
20-12-2025;06:20:00;2,5; m/s
20-12-2025;06:30:00;2,5; m/s
20-12-2025;06:40:00;2,9; m/s
20-12-2025;06:50:00;2,5; m/s
20-12-2025;07:00:00;3,5; m/s
20-12-2025;07:10:00;2,9; m/s
20-12-2025;07:20:00;3,4; m/s
20-12-2025;07:30:00;2,5; m/s
20-12-2025;07:40:00;2,1; m/s
20-12-2025;07:50:00;1,9; m/s
20-12-2025;08:00:00;2,3; m/s
20-12-2025;08:10:00;2,5; m/s
20-12-2025;08:20:00;3,4; m/s
20-12-2025;08:30:00;3,9; m/s
20-12-2025;08:40:00;4,2; m/s
20-12-2025;08:50:00;3,7; m/s
20-12-2025;09:00:00;3,8; m/s
20-12-2025;09:10:00;4,3; m/s
20-12-2025;09:20:00;4; m/s
20-12-2025;09:30:00;4,5; m/s
20-12-2025;09:40:00;5,2; m/s
20-12-2025;09:50:00;4,8; m/s
20-12-2025;10:00:00;4,9; m/s
20-12-2025;10:10:00;5,4; m/s
20-12-2025;10:20:00;4,4; m/s
20-12-2025;10:30:00;3,8; m/s
20-12-2025;10:40:00;4,6; m/s
20-12-2025;10:50:00;3,7; m/s
20-12-2025;11:00:00;3,5; m/s
20-12-2025;11:10:00;3,3; m/s
20-12-2025;11:20:00;2,9; m/s
20-12-2025;11:30:00;2,3; m/s
20-12-2025;11:40:00;2,2; m/s
20-12-2025;11:50:00;2,9; m/s
20-12-2025;12:00:00;2,7; m/s
20-12-2025;12:10:00;2,2; m/s
20-12-2025;12:20:00;2,4; m/s
20-12-2025;12:30:00;1,6; m/s
20-12-2025;12:40:00;1,8; m/s
20-12-2025;12:50:00;1,9; m/s
20-12-2025;13:00:00;1,4; m/s
20-12-2025;13:10:00;1,2; m/s
20-12-2025;13:20:00;1,3; m/s
20-12-2025;13:30:00;1,6; m/s
20-12-2025;13:40:00;1,9; m/s
20-12-2025;13:50:00;1,4; m/s
20-12-2025;14:00:00;1,9; m/s
20-12-2025;14:10:00;2,3; m/s
20-12-2025;14:20:00;1,4; m/s
20-12-2025;14:30:00;1,2; m/s
20-12-2025;14:40:00;1,1; m/s
20-12-2025;14:50:00;1,3; m/s
20-12-2025;15:00:00;1,7; m/s
20-12-2025;15:10:00;2; m/s
20-12-2025;15:20:00;1,9; m/s
20-12-2025;15:30:00;2,2; m/s
20-12-2025;15:40:00;2,7; m/s
20-12-2025;15:50:00;2,4; m/s
20-12-2025;16:00:00;2,8; m/s
20-12-2025;16:10:00;2,9; m/s
20-12-2025;16:20:00;1,9; m/s
20-12-2025;16:30:00;1,7; m/s
20-12-2025;16:40:00;1,3; m/s
20-12-2025;16:50:00;1,3; m/s
20-12-2025;17:00:00;2,5; m/s
20-12-2025;17:10:00;2,4; m/s
20-12-2025;17:20:00;1,8; m/s
20-12-2025;17:30:00;1,9; m/s
20-12-2025;17:40:00;2,3; m/s
20-12-2025;17:50:00;2,5; m/s
20-12-2025;18:00:00;2,7; m/s
20-12-2025;18:10:00;2,5; m/s
20-12-2025;18:20:00;2,2; m/s
20-12-2025;18:30:00;2,8; m/s
20-12-2025;18:40:00;3,3; m/s
20-12-2025;18:50:00;3,5; m/s
20-12-2025;19:00:00;2,9; m/s
20-12-2025;19:10:00;2,5; m/s
20-12-2025;19:20:00;2,4; m/s
20-12-2025;19:30:00;2,7; m/s
20-12-2025;19:40:00;2,9; m/s
20-12-2025;19:50:00;2,6; m/s
20-12-2025;20:00:00;2,7; m/s
20-12-2025;20:10:00;2,6; m/s
20-12-2025;20:20:00;2,4; m/s
20-12-2025;20:30:00;2,2; m/s
20-12-2025;20:40:00;2; m/s
20-12-2025;20:50:00;2,5; m/s
20-12-2025;21:00:00;1,7; m/s
20-12-2025;21:10:00;1; m/s
20-12-2025;21:20:00;1,1; m/s
20-12-2025;21:30:00;0,6; m/s
20-12-2025;21:40:00;1,1; m/s
20-12-2025;21:50:00;2,4; m/s
20-12-2025;22:00:00;2,3; m/s
20-12-2025;22:10:00;2,1; m/s
20-12-2025;22:20:00;2,4; m/s
20-12-2025;22:30:00;2,4; m/s
20-12-2025;22:40:00;2,6; m/s
20-12-2025;22:50:00;1,8; m/s
20-12-2025;23:00:00;1,6; m/s
20-12-2025;23:10:00;1,2; m/s
20-12-2025;23:20:00;2; m/s
20-12-2025;23:30:00;2,5; m/s
20-12-2025;23:40:00;1,6; m/s
20-12-2025;23:50:00;1,1; m/s
21-12-2025;00:00:00;1,4; m/s
21-12-2025;00:10:00;1,4; m/s
21-12-2025;00:20:00;1,5; m/s
21-12-2025;00:30:00;1; m/s
21-12-2025;00:40:00;1,2; m/s
21-12-2025;00:50:00;0,7; m/s
21-12-2025;01:00:00;0,9; m/s
21-12-2025;01:10:00;0,2; m/s
21-12-2025;01:20:00;1,1; m/s
21-12-2025;01:30:00;1,5; m/s
21-12-2025;01:40:00;1,3; m/s
21-12-2025;01:50:00;2,4; m/s
21-12-2025;02:00:00;3,4; m/s
21-12-2025;02:10:00;3,5; m/s
21-12-2025;02:20:00;3,5; m/s
21-12-2025;02:30:00;2,5; m/s
21-12-2025;02:40:00;3,5; m/s
21-12-2025;02:50:00;3,4; m/s
21-12-2025;03:00:00;3; m/s
21-12-2025;03:10:00;2,4; m/s
21-12-2025;03:20:00;2,1; m/s
21-12-2025;03:30:00;1,1; m/s
21-12-2025;03:40:00;1; m/s
21-12-2025;03:50:00;2,1; m/s
21-12-2025;04:00:00;2,2; m/s
21-12-2025;04:10:00;2,6; m/s
21-12-2025;04:20:00;2; m/s
21-12-2025;04:30:00;1,9; m/s
21-12-2025;04:40:00;1,9; m/s
21-12-2025;04:50:00;1,4; m/s
21-12-2025;05:00:00;1,6; m/s
21-12-2025;05:10:00;1,4; m/s
21-12-2025;05:20:00;2,3; m/s
21-12-2025;05:30:00;2,4; m/s
21-12-2025;05:40:00;3,2; m/s
21-12-2025;05:50:00;3,4; m/s
21-12-2025;06:00:00;2,5; m/s
21-12-2025;06:10:00;2; m/s
21-12-2025;06:20:00;2,5; m/s
21-12-2025;06:30:00;2,8; m/s
21-12-2025;06:40:00;2,4; m/s
21-12-2025;06:50:00;3,2; m/s
21-12-2025;07:00:00;3; m/s
21-12-2025;07:10:00;3,1; m/s
21-12-2025;07:20:00;2,2; m/s
21-12-2025;07:30:00;1,9; m/s
21-12-2025;07:40:00;1,6; m/s
21-12-2025;07:50:00;2,7; m/s
21-12-2025;08:00:00;2,3; m/s
21-12-2025;08:10:00;2,4; m/s
21-12-2025;08:20:00;3,4; m/s
21-12-2025;08:30:00;3; m/s
21-12-2025;08:40:00;2,6; m/s
21-12-2025;08:50:00;2,7; m/s
21-12-2025;09:00:00;2,2; m/s
21-12-2025;09:10:00;2,2; m/s
21-12-2025;09:20:00;1,9; m/s
21-12-2025;09:30:00;1,9; m/s
21-12-2025;09:40:00;2,6; m/s
21-12-2025;09:50:00;1,8; m/s
21-12-2025;10:00:00;1,7; m/s
21-12-2025;10:10:00;1,3; m/s
21-12-2025;10:20:00;1,1; m/s
21-12-2025;10:30:00;1,2; m/s
21-12-2025;10:40:00;1,4; m/s
21-12-2025;10:50:00;1,8; m/s
21-12-2025;11:00:00;1,3; m/s
21-12-2025;11:10:00;1; m/s
21-12-2025;11:20:00;0,8; m/s
21-12-2025;11:30:00;1,3; m/s
21-12-2025;11:40:00;1,4; m/s
21-12-2025;11:50:00;1,4; m/s
21-12-2025;12:00:00;1,3; m/s
21-12-2025;12:10:00;1,7; m/s
21-12-2025;12:20:00;2; m/s
21-12-2025;12:30:00;1,9; m/s
21-12-2025;12:40:00;1,7; m/s
21-12-2025;12:50:00;1,5; m/s
21-12-2025;13:00:00;1,3; m/s
21-12-2025;13:10:00;1,4; m/s
21-12-2025;13:20:00;1,6; m/s
21-12-2025;13:30:00;1,6; m/s
21-12-2025;13:40:00;1,4; m/s
21-12-2025;13:50:00;1,9; m/s
21-12-2025;14:00:00;1,7; m/s
21-12-2025;14:10:00;1,9; m/s
21-12-2025;14:20:00;1,8; m/s
21-12-2025;14:30:00;2; m/s
21-12-2025;14:40:00;2,2; m/s
21-12-2025;14:50:00;2,2; m/s
21-12-2025;15:00:00;1,8; m/s
21-12-2025;15:10:00;1,3; m/s
21-12-2025;15:20:00;1,7; m/s
21-12-2025;15:30:00;1,7; m/s
21-12-2025;15:40:00;1,7; m/s
21-12-2025;15:50:00;1,7; m/s
21-12-2025;16:00:00;1,9; m/s
21-12-2025;16:10:00;1,1; m/s
21-12-2025;16:20:00;0,7; m/s
21-12-2025;16:30:00;1,4; m/s
21-12-2025;16:40:00;1,5; m/s
21-12-2025;16:50:00;1,4; m/s
21-12-2025;17:00:00;1,6; m/s
21-12-2025;17:10:00;1,5; m/s
21-12-2025;17:20:00;1,8; m/s
21-12-2025;17:30:00;1,9; m/s
21-12-2025;17:40:00;1,8; m/s
21-12-2025;17:50:00;2,4; m/s
21-12-2025;18:00:00;2,5; m/s
21-12-2025;18:10:00;2,2; m/s
21-12-2025;18:20:00;2,7; m/s
21-12-2025;18:30:00;3; m/s
21-12-2025;18:40:00;2,4; m/s
21-12-2025;18:50:00;2,5; m/s
21-12-2025;19:00:00;2,6; m/s
21-12-2025;19:10:00;2,6; m/s
21-12-2025;19:20:00;3,1; m/s
21-12-2025;19:30:00;4,6; m/s
21-12-2025;19:40:00;4,4; m/s
21-12-2025;19:50:00;3,2; m/s
21-12-2025;20:00:00;3; m/s
21-12-2025;20:10:00;2,3; m/s
21-12-2025;20:20:00;2,8; m/s
21-12-2025;20:30:00;2,6; m/s
21-12-2025;20:40:00;2,6; m/s
21-12-2025;20:50:00;2,9; m/s
21-12-2025;21:00:00;2,7; m/s
21-12-2025;21:10:00;3; m/s
21-12-2025;21:20:00;4,6; m/s
21-12-2025;21:30:00;5; m/s
21-12-2025;21:40:00;4,6; m/s
21-12-2025;21:50:00;4,9; m/s
21-12-2025;22:00:00;4,6; m/s
21-12-2025;22:10:00;3,8; m/s
21-12-2025;22:20:00;2,4; m/s
21-12-2025;22:30:00;2,8; m/s
21-12-2025;22:40:00;3,7; m/s
21-12-2025;22:50:00;4; m/s
21-12-2025;23:00:00;3,8; m/s
21-12-2025;23:10:00;3; m/s
21-12-2025;23:20:00;2,5; m/s
21-12-2025;23:30:00;2,2; m/s
21-12-2025;23:40:00;1,9; m/s
21-12-2025;23:50:00;1,6; m/s
22-12-2025;00:00:00;2,2; m/s
22-12-2025;00:10:00;2,5; m/s
22-12-2025;00:20:00;2,5; m/s
22-12-2025;00:30:00;2,4; m/s
22-12-2025;00:40:00;2,9; m/s
22-12-2025;00:50:00;2,7; m/s
22-12-2025;01:00:00;2,7; m/s
22-12-2025;01:10:00;2,4; m/s
22-12-2025;01:20:00;2,2; m/s
22-12-2025;01:30:00;2; m/s
22-12-2025;01:40:00;2,3; m/s
22-12-2025;01:50:00;3; m/s
22-12-2025;02:00:00;2,7; m/s
22-12-2025;02:10:00;2,5; m/s
22-12-2025;02:20:00;2,7; m/s
22-12-2025;02:30:00;2,2; m/s
22-12-2025;02:40:00;2,9; m/s
22-12-2025;02:50:00;2,9; m/s
22-12-2025;03:00:00;3,7; m/s
22-12-2025;03:10:00;4,2; m/s
22-12-2025;03:20:00;4; m/s
22-12-2025;03:30:00;3,8; m/s
22-12-2025;03:40:00;4,1; m/s
22-12-2025;03:50:00;3,6; m/s
22-12-2025;04:00:00;3; m/s
22-12-2025;04:10:00;3,5; m/s
22-12-2025;04:20:00;2,9; m/s
22-12-2025;04:30:00;2,8; m/s
22-12-2025;04:40:00;2,4; m/s
22-12-2025;04:50:00;2,4; m/s
22-12-2025;05:00:00;2,3; m/s
22-12-2025;05:10:00;2,4; m/s
22-12-2025;05:20:00;2,6; m/s
22-12-2025;05:30:00;3,1; m/s
22-12-2025;05:40:00;3,1; m/s
22-12-2025;05:50:00;3,2; m/s
22-12-2025;06:00:00;3,9; m/s
22-12-2025;06:10:00;3,8; m/s
22-12-2025;06:20:00;3,2; m/s
22-12-2025;06:30:00;2,2; m/s
22-12-2025;06:40:00;2,5; m/s
22-12-2025;06:50:00;2,4; m/s
22-12-2025;07:00:00;2; m/s
22-12-2025;07:10:00;1,8; m/s
22-12-2025;07:20:00;2; m/s
22-12-2025;07:30:00;2,4; m/s
22-12-2025;07:40:00;4,3; m/s
22-12-2025;07:50:00;4,7; m/s
22-12-2025;08:00:00;4,7; m/s
22-12-2025;08:10:00;4,4; m/s
22-12-2025;08:20:00;4,2; m/s
22-12-2025;08:30:00;3,8; m/s
22-12-2025;08:40:00;2,8; m/s
22-12-2025;08:50:00;2,8; m/s
22-12-2025;09:00:00;2,8; m/s
22-12-2025;09:10:00;3; m/s
22-12-2025;09:20:00;2,9; m/s
22-12-2025;09:30:00;3,7; m/s
22-12-2025;09:40:00;4; m/s
22-12-2025;09:50:00;3,9; m/s
22-12-2025;10:00:00;3,6; m/s
22-12-2025;10:10:00;3,9; m/s
22-12-2025;10:20:00;4,2; m/s
22-12-2025;10:30:00;4,3; m/s
22-12-2025;10:40:00;3,5; m/s
22-12-2025;10:50:00;3,1; m/s
22-12-2025;11:00:00;2,1; m/s
22-12-2025;11:10:00;1,8; m/s
22-12-2025;11:20:00;2; m/s
22-12-2025;11:30:00;1,5; m/s
22-12-2025;11:40:00;1,5; m/s
22-12-2025;11:50:00;1,8; m/s
22-12-2025;12:00:00;1,6; m/s
22-12-2025;12:10:00;1,8; m/s
22-12-2025;12:20:00;1,4; m/s
22-12-2025;12:30:00;1,6; m/s
22-12-2025;12:40:00;1; m/s
22-12-2025;12:50:00;1,5; m/s
22-12-2025;13:00:00;1,3; m/s
22-12-2025;13:10:00;1,1; m/s
22-12-2025;13:20:00;1,1; m/s
22-12-2025;13:30:00;0,9; m/s
22-12-2025;13:40:00;1,7; m/s
22-12-2025;13:50:00;1,2; m/s
22-12-2025;14:00:00;1,6; m/s
22-12-2025;14:10:00;1,7; m/s
22-12-2025;14:20:00;2,1; m/s
22-12-2025;14:30:00;2,2; m/s
22-12-2025;14:40:00;2,1; m/s
22-12-2025;14:50:00;2,3; m/s
22-12-2025;15:00:00;3,2; m/s
22-12-2025;15:10:00;3,4; m/s
22-12-2025;15:20:00;3,2; m/s
22-12-2025;15:30:00;3,2; m/s
22-12-2025;15:40:00;3,1; m/s
22-12-2025;15:50:00;2,8; m/s
22-12-2025;16:00:00;2,5; m/s
22-12-2025;16:10:00;2,3; m/s
22-12-2025;16:20:00;1,9; m/s
22-12-2025;16:30:00;2,9; m/s
22-12-2025;16:40:00;2,1; m/s
22-12-2025;16:50:00;2,2; m/s
22-12-2025;17:00:00;1,9; m/s
22-12-2025;17:10:00;2,2; m/s
22-12-2025;17:20:00;1,7; m/s
22-12-2025;17:30:00;2,2; m/s
22-12-2025;17:40:00;2; m/s
22-12-2025;17:50:00;2,2; m/s
22-12-2025;18:00:00;2,1; m/s
22-12-2025;18:10:00;2,8; m/s
22-12-2025;18:20:00;3,6; m/s
22-12-2025;18:30:00;2,8; m/s
22-12-2025;18:40:00;2,8; m/s
22-12-2025;18:50:00;3; m/s
22-12-2025;19:00:00;3; m/s
22-12-2025;19:10:00;3,1; m/s
22-12-2025;19:20:00;3,4; m/s
22-12-2025;19:30:00;2,9; m/s
22-12-2025;19:40:00;3,2; m/s
22-12-2025;19:50:00;3; m/s
22-12-2025;20:00:00;3,1; m/s
22-12-2025;20:10:00;3; m/s
22-12-2025;20:20:00;3,2; m/s
22-12-2025;20:30:00;3,6; m/s
22-12-2025;20:40:00;3,8; m/s
22-12-2025;20:50:00;3,6; m/s
22-12-2025;21:00:00;3,2; m/s
22-12-2025;21:10:00;3,4; m/s
22-12-2025;21:20:00;3,5; m/s
22-12-2025;21:30:00;3,9; m/s
22-12-2025;21:40:00;4,2; m/s
22-12-2025;21:50:00;3,9; m/s
22-12-2025;22:00:00;3,7; m/s
22-12-2025;22:10:00;3,7; m/s
22-12-2025;22:20:00;4; m/s
22-12-2025;22:30:00;3,6; m/s
22-12-2025;22:40:00;3,9; m/s
22-12-2025;22:50:00;4,1; m/s
22-12-2025;23:00:00;4,4; m/s
22-12-2025;23:10:00;4,6; m/s
22-12-2025;23:20:00;4,3; m/s
22-12-2025;23:30:00;4,2; m/s
22-12-2025;23:40:00;4,6; m/s
22-12-2025;23:50:00;3,8; m/s
23-12-2025;00:00:00;3,6; m/s
23-12-2025;00:10:00;4; m/s
23-12-2025;00:20:00;3,6; m/s
23-12-2025;00:30:00;2,9; m/s
23-12-2025;00:40:00;3,8; m/s
23-12-2025;00:50:00;3,9; m/s
23-12-2025;01:00:00;3,5; m/s
23-12-2025;01:10:00;4,1; m/s
23-12-2025;01:20:00;4,2; m/s
23-12-2025;01:30:00;4,7; m/s
23-12-2025;01:40:00;4,8; m/s
23-12-2025;01:50:00;5; m/s
23-12-2025;02:00:00;4,7; m/s
23-12-2025;02:10:00;3,9; m/s
23-12-2025;02:20:00;3,6; m/s
23-12-2025;02:30:00;3; m/s
23-12-2025;02:40:00;3,5; m/s
23-12-2025;02:50:00;3,9; m/s
23-12-2025;03:00:00;4; m/s
23-12-2025;03:10:00;3,7; m/s
23-12-2025;03:20:00;3,4; m/s
23-12-2025;03:30:00;3,5; m/s
23-12-2025;03:40:00;3,8; m/s
23-12-2025;03:50:00;2,7; m/s
23-12-2025;04:00:00;3; m/s
23-12-2025;04:10:00;3,2; m/s
23-12-2025;04:20:00;3; m/s
23-12-2025;04:30:00;3,1; m/s
23-12-2025;04:40:00;3,7; m/s
23-12-2025;04:50:00;3,4; m/s
23-12-2025;05:00:00;3; m/s
23-12-2025;05:10:00;3,1; m/s
23-12-2025;05:20:00;4; m/s
23-12-2025;05:30:00;3,3; m/s
23-12-2025;05:40:00;3,7; m/s
23-12-2025;05:50:00;3,4; m/s
23-12-2025;06:00:00;3,5; m/s
23-12-2025;06:10:00;3,5; m/s
23-12-2025;06:20:00;3,4; m/s
23-12-2025;06:30:00;4; m/s
23-12-2025;06:40:00;3,9; m/s
23-12-2025;06:50:00;3,3; m/s
23-12-2025;07:00:00;3,3; m/s
23-12-2025;07:10:00;3,9; m/s
23-12-2025;07:20:00;3,7; m/s
23-12-2025;07:30:00;3,3; m/s
23-12-2025;07:40:00;3,6; m/s
23-12-2025;07:50:00;3,4; m/s
23-12-2025;08:00:00;3,8; m/s
23-12-2025;08:10:00;3,8; m/s
23-12-2025;08:20:00;3,3; m/s
23-12-2025;08:30:00;3,9; m/s
23-12-2025;08:40:00;3,2; m/s
23-12-2025;08:50:00;3,1; m/s
23-12-2025;09:00:00;3,5; m/s
23-12-2025;09:10:00;3,5; m/s
23-12-2025;09:20:00;2,8; m/s
23-12-2025;09:30:00;3; m/s
23-12-2025;09:40:00;3,4; m/s
23-12-2025;09:50:00;3,2; m/s
23-12-2025;10:00:00;3,5; m/s
23-12-2025;10:10:00;3,6; m/s
23-12-2025;10:20:00;3,3; m/s
23-12-2025;10:30:00;3; m/s
23-12-2025;10:40:00;3,2; m/s
23-12-2025;10:50:00;3,8; m/s
23-12-2025;11:00:00;4,3; m/s
23-12-2025;11:10:00;3,7; m/s
23-12-2025;11:20:00;3,1; m/s
23-12-2025;11:30:00;2,4; m/s
23-12-2025;11:40:00;2,9; m/s
23-12-2025;11:50:00;3; m/s
23-12-2025;12:00:00;2,8; m/s
23-12-2025;12:10:00;6,1; m/s
23-12-2025;12:20:00;6,2; m/s
23-12-2025;12:30:00;5,9; m/s
23-12-2025;12:40:00;6,3; m/s
23-12-2025;12:50:00;7,8; m/s
23-12-2025;13:00:00;4,7; m/s
23-12-2025;13:10:00;2,6; m/s
23-12-2025;13:20:00;2,8; m/s
23-12-2025;13:30:00;3,1; m/s
23-12-2025;13:40:00;4,3; m/s
23-12-2025;13:50:00;4,3; m/s
23-12-2025;14:00:00;4,8; m/s
23-12-2025;14:10:00;5,3; m/s
23-12-2025;14:20:00;5,3; m/s
23-12-2025;14:30:00;5,2; m/s
23-12-2025;14:40:00;4,9; m/s
23-12-2025;14:50:00;3,6; m/s
23-12-2025;15:00:00;3,7; m/s
23-12-2025;15:10:00;3,7; m/s
23-12-2025;15:20:00;3; m/s
23-12-2025;15:30:00;3,3; m/s
23-12-2025;15:40:00;4,3; m/s
23-12-2025;15:50:00;4; m/s
23-12-2025;16:00:00;3,6; m/s
23-12-2025;16:10:00;2,8; m/s
23-12-2025;16:20:00;3,4; m/s
23-12-2025;16:30:00;3,2; m/s
23-12-2025;16:40:00;4; m/s
23-12-2025;16:50:00;4,4; m/s
23-12-2025;17:00:00;3,3; m/s
23-12-2025;17:10:00;3,5; m/s
23-12-2025;17:20:00;4; m/s
23-12-2025;17:30:00;4; m/s
23-12-2025;17:40:00;3,7; m/s
23-12-2025;17:50:00;3,8; m/s
23-12-2025;18:00:00;4,9; m/s
23-12-2025;18:10:00;5,1; m/s
23-12-2025;18:20:00;5; m/s
23-12-2025;18:30:00;3,8; m/s
23-12-2025;18:40:00;4,9; m/s
23-12-2025;18:50:00;4,4; m/s
23-12-2025;19:00:00;4,5; m/s
23-12-2025;19:10:00;4,5; m/s
23-12-2025;19:20:00;3,9; m/s
23-12-2025;19:30:00;3,7; m/s
23-12-2025;19:40:00;3,7; m/s
23-12-2025;19:50:00;3,6; m/s
23-12-2025;20:00:00;3,6; m/s
23-12-2025;20:10:00;4,1; m/s
23-12-2025;20:20:00;4,4; m/s
23-12-2025;20:30:00;5,5; m/s
23-12-2025;20:40:00;4,2; m/s
23-12-2025;20:50:00;1,9; m/s
23-12-2025;21:00:00;2,6; m/s
23-12-2025;21:10:00;3; m/s
23-12-2025;21:20:00;2,9; m/s
23-12-2025;21:30:00;3; m/s
23-12-2025;21:40:00;2,8; m/s
23-12-2025;21:50:00;3,8; m/s
23-12-2025;22:00:00;5,1; m/s
23-12-2025;22:10:00;4,1; m/s
23-12-2025;22:20:00;3,8; m/s
23-12-2025;22:30:00;3,8; m/s
23-12-2025;22:40:00;4,2; m/s
23-12-2025;22:50:00;4,7; m/s
23-12-2025;23:00:00;5,5; m/s
23-12-2025;23:10:00;4,7; m/s
23-12-2025;23:20:00;4,4; m/s
23-12-2025;23:30:00;3,9; m/s
23-12-2025;23:40:00;4,1; m/s
23-12-2025;23:50:00;3,6; m/s
24-12-2025;00:00:00;3,9; m/s
24-12-2025;00:10:00;3,8; m/s
24-12-2025;00:20:00;4,3; m/s
24-12-2025;00:30:00;4,1; m/s
24-12-2025;00:40:00;4,3; m/s
24-12-2025;00:50:00;5,1; m/s
24-12-2025;01:00:00;4,5; m/s
24-12-2025;01:10:00;4,6; m/s
24-12-2025;01:20:00;6,1; m/s
24-12-2025;01:30:00;7; m/s
24-12-2025;01:40:00;5,4; m/s
24-12-2025;01:50:00;5; m/s
24-12-2025;02:00:00;4,5; m/s
24-12-2025;02:10:00;4,9; m/s
24-12-2025;02:20:00;3,6; m/s
24-12-2025;02:30:00;4; m/s
24-12-2025;02:40:00;4,6; m/s
24-12-2025;02:50:00;5,4; m/s
24-12-2025;03:00:00;3,4; m/s
24-12-2025;03:10:00;4,1; m/s
24-12-2025;03:20:00;3,7; m/s
24-12-2025;03:30:00;4,6; m/s
24-12-2025;03:40:00;7,4; m/s
24-12-2025;03:50:00;7,8; m/s
24-12-2025;04:00:00;8,8; m/s
24-12-2025;04:10:00;6,3; m/s
24-12-2025;04:20:00;5,7; m/s
24-12-2025;04:30:00;8,2; m/s
24-12-2025;04:40:00;6,1; m/s
24-12-2025;04:50:00;6; m/s
24-12-2025;05:00:00;6,2; m/s
24-12-2025;05:10:00;7,5; m/s
24-12-2025;05:20:00;7,9; m/s
24-12-2025;05:30:00;12,4; m/s
24-12-2025;05:40:00;12,3; m/s
24-12-2025;05:50:00;14,2; m/s
24-12-2025;06:00:00;12; m/s
24-12-2025;06:10:00;5,9; m/s
24-12-2025;06:20:00;5,8; m/s
24-12-2025;06:30:00;4,6; m/s
24-12-2025;06:40:00;5,5; m/s
24-12-2025;06:50:00;6,8; m/s
24-12-2025;07:00:00;6,5; m/s
24-12-2025;07:10:00;6,3; m/s
24-12-2025;07:20:00;5,1; m/s
24-12-2025;07:30:00;6,8; m/s
24-12-2025;07:40:00;6,3; m/s
24-12-2025;07:50:00;6,2; m/s
24-12-2025;08:00:00;5,9; m/s
24-12-2025;08:10:00;6,4; m/s
24-12-2025;08:20:00;5,2; m/s
24-12-2025;08:30:00;6,8; m/s
24-12-2025;08:40:00;9,3; m/s
24-12-2025;08:50:00;9,1; m/s
24-12-2025;09:00:00;7,8; m/s
24-12-2025;09:10:00;7,4; m/s
24-12-2025;09:20:00;9,5; m/s
24-12-2025;09:30:00;8,6; m/s
24-12-2025;09:40:00;8,2; m/s
24-12-2025;09:50:00;4,3; m/s
24-12-2025;10:00:00;5; m/s
24-12-2025;10:10:00;4; m/s
24-12-2025;10:20:00;4,2; m/s
24-12-2025;10:30:00;4,4; m/s
24-12-2025;10:40:00;4,1; m/s
24-12-2025;10:50:00;4,7; m/s
24-12-2025;11:00:00;6,1; m/s
24-12-2025;11:10:00;6,3; m/s
24-12-2025;11:20:00;4,6; m/s
24-12-2025;11:30:00;5,3; m/s
24-12-2025;11:40:00;4,4; m/s
24-12-2025;11:50:00;4,4; m/s
24-12-2025;12:00:00;3,6; m/s
24-12-2025;12:10:00;3,5; m/s
24-12-2025;12:20:00;4,3; m/s
24-12-2025;12:30:00;5,1; m/s
24-12-2025;12:40:00;6,2; m/s
24-12-2025;12:50:00;4; m/s
24-12-2025;13:00:00;3,8; m/s
24-12-2025;13:10:00;4; m/s
24-12-2025;13:20:00;5,1; m/s
24-12-2025;13:30:00;4,4; m/s
24-12-2025;13:40:00;4,1; m/s
24-12-2025;13:50:00;3,2; m/s
24-12-2025;14:00:00;3,2; m/s
24-12-2025;14:10:00;4,2; m/s
24-12-2025;14:20:00;3; m/s
24-12-2025;14:30:00;3,5; m/s
24-12-2025;14:40:00;4; m/s
24-12-2025;14:50:00;4,5; m/s
24-12-2025;15:00:00;5; m/s
24-12-2025;15:10:00;3,5; m/s
24-12-2025;15:20:00;4,5; m/s
24-12-2025;15:30:00;4,6; m/s
24-12-2025;15:40:00;5,7; m/s
24-12-2025;15:50:00;4,9; m/s
24-12-2025;16:00:00;4,8; m/s
24-12-2025;16:10:00;4; m/s
24-12-2025;16:20:00;4,1; m/s
24-12-2025;16:30:00;4; m/s
24-12-2025;16:40:00;3,9; m/s
24-12-2025;16:50:00;4,5; m/s
24-12-2025;17:00:00;4,2; m/s
24-12-2025;17:10:00;3,9; m/s
24-12-2025;17:20:00;4,2; m/s
24-12-2025;17:30:00;4,1; m/s
24-12-2025;17:40:00;3,4; m/s
24-12-2025;17:50:00;3,4; m/s
24-12-2025;18:00:00;3; m/s
24-12-2025;18:10:00;3,7; m/s
24-12-2025;18:20:00;3,4; m/s
24-12-2025;18:30:00;3; m/s
24-12-2025;18:40:00;3,6; m/s
24-12-2025;18:50:00;3,6; m/s
24-12-2025;19:00:00;3,1; m/s
24-12-2025;19:10:00;3,1; m/s
24-12-2025;19:20:00;3,2; m/s
24-12-2025;19:30:00;3,7; m/s
24-12-2025;19:40:00;3,1; m/s
24-12-2025;19:50:00;3; m/s
24-12-2025;20:00:00;3,3; m/s
24-12-2025;20:10:00;2,5; m/s
24-12-2025;20:20:00;2; m/s
24-12-2025;20:30:00;1,7; m/s
24-12-2025;20:40:00;2,7; m/s
24-12-2025;20:50:00;2,7; m/s
24-12-2025;21:00:00;3,7; m/s
24-12-2025;21:10:00;4; m/s
24-12-2025;21:20:00;3,8; m/s
24-12-2025;21:30:00;4,6; m/s
24-12-2025;21:40:00;4,8; m/s
24-12-2025;21:50:00;4,8; m/s
24-12-2025;22:00:00;3,9; m/s
24-12-2025;22:10:00;4,9; m/s
24-12-2025;22:20:00;6,1; m/s
24-12-2025;22:30:00;8,3; m/s
24-12-2025;22:40:00;8,1; m/s
24-12-2025;22:50:00;5,6; m/s
24-12-2025;23:00:00;4,8; m/s
24-12-2025;23:10:00;4,4; m/s
24-12-2025;23:20:00;4,4; m/s
24-12-2025;23:30:00;4,3; m/s
24-12-2025;23:40:00;4,9; m/s
24-12-2025;23:50:00;5; m/s
25-12-2025;00:00:00;4,5; m/s
25-12-2025;00:10:00;5,2; m/s
25-12-2025;00:20:00;4,8; m/s
25-12-2025;00:30:00;4,6; m/s
25-12-2025;00:40:00;4,8; m/s
25-12-2025;00:50:00;4,3; m/s
25-12-2025;01:00:00;4,3; m/s
25-12-2025;01:10:00;3,7; m/s
25-12-2025;01:20:00;3,4; m/s
25-12-2025;01:30:00;4,1; m/s
25-12-2025;01:40:00;4,7; m/s
25-12-2025;01:50:00;3,8; m/s
25-12-2025;02:00:00;3,7; m/s
25-12-2025;02:10:00;3,4; m/s
25-12-2025;02:20:00;3,3; m/s
25-12-2025;02:30:00;3,4; m/s
25-12-2025;02:40:00;4,3; m/s
25-12-2025;02:50:00;4,3; m/s
25-12-2025;03:00:00;4,9; m/s
25-12-2025;03:10:00;4,9; m/s
25-12-2025;03:20:00;4,2; m/s
25-12-2025;03:30:00;3,9; m/s
25-12-2025;03:40:00;4,1; m/s
25-12-2025;03:50:00;4,2; m/s
25-12-2025;04:00:00;3,8; m/s
25-12-2025;04:10:00;3,3; m/s
25-12-2025;04:20:00;3,9; m/s
25-12-2025;04:30:00;4,1; m/s
25-12-2025;04:40:00;4,1; m/s
25-12-2025;04:50:00;4,3; m/s
25-12-2025;05:00:00;4,5; m/s
25-12-2025;05:10:00;4,7; m/s
25-12-2025;05:20:00;4,3; m/s
25-12-2025;05:30:00;3,8; m/s
25-12-2025;05:40:00;4; m/s
25-12-2025;05:50:00;4; m/s
25-12-2025;06:00:00;3,5; m/s
25-12-2025;06:10:00;4,1; m/s
25-12-2025;06:20:00;4,1; m/s
25-12-2025;06:30:00;4; m/s
25-12-2025;06:40:00;4; m/s
25-12-2025;06:50:00;3,2; m/s
25-12-2025;07:00:00;3,4; m/s
25-12-2025;07:10:00;2,5; m/s
25-12-2025;07:20:00;2,4; m/s
25-12-2025;07:30:00;2,4; m/s
25-12-2025;07:40:00;2,2; m/s
25-12-2025;07:50:00;1,7; m/s
25-12-2025;08:00:00;2,4; m/s
25-12-2025;08:10:00;2; m/s
25-12-2025;08:20:00;2,1; m/s
25-12-2025;08:30:00;2,4; m/s
25-12-2025;08:40:00;3,1; m/s
25-12-2025;08:50:00;3,3; m/s
25-12-2025;09:00:00;3,5; m/s
25-12-2025;09:10:00;3; m/s
25-12-2025;09:20:00;3,8; m/s
25-12-2025;09:30:00;4,1; m/s
25-12-2025;09:40:00;3,7; m/s
25-12-2025;09:50:00;3,9; m/s
25-12-2025;10:00:00;3,2; m/s
25-12-2025;10:10:00;3,6; m/s
25-12-2025;10:20:00;4,2; m/s
25-12-2025;10:30:00;3,9; m/s
25-12-2025;10:40:00;3,9; m/s
25-12-2025;10:50:00;3,3; m/s
25-12-2025;11:00:00;3,1; m/s
25-12-2025;11:10:00;3,8; m/s
25-12-2025;11:20:00;2,8; m/s
25-12-2025;11:30:00;3; m/s
25-12-2025;11:40:00;2,7; m/s
25-12-2025;11:50:00;3,2; m/s
25-12-2025;12:00:00;3,3; m/s
25-12-2025;12:10:00;3,2; m/s
25-12-2025;12:20:00;2,7; m/s
25-12-2025;12:30:00;2,7; m/s
25-12-2025;12:40:00;2,9; m/s
25-12-2025;12:50:00;2,7; m/s
25-12-2025;13:00:00;2,4; m/s
25-12-2025;13:10:00;2,5; m/s
25-12-2025;13:20:00;2,4; m/s
25-12-2025;13:30:00;2,4; m/s
25-12-2025;13:40:00;3,2; m/s
25-12-2025;13:50:00;2; m/s
25-12-2025;14:00:00;2,1; m/s
25-12-2025;14:10:00;2; m/s
25-12-2025;14:20:00;2,1; m/s
25-12-2025;14:30:00;2,5; m/s
25-12-2025;14:40:00;2,3; m/s
25-12-2025;14:50:00;2,2; m/s
25-12-2025;15:00:00;2,1; m/s
25-12-2025;15:10:00;2,9; m/s
25-12-2025;15:20:00;3,1; m/s
25-12-2025;15:30:00;3; m/s
25-12-2025;15:40:00;2,5; m/s
25-12-2025;15:50:00;2,3; m/s
25-12-2025;16:00:00;1,9; m/s
25-12-2025;16:10:00;2; m/s
25-12-2025;16:20:00;2; m/s
25-12-2025;16:30:00;2; m/s
25-12-2025;16:40:00;2,2; m/s
25-12-2025;16:50:00;2,5; m/s
25-12-2025;17:00:00;2,2; m/s
25-12-2025;17:10:00;2,4; m/s
25-12-2025;17:20:00;3,1; m/s
25-12-2025;17:30:00;2,8; m/s
25-12-2025;17:40:00;2,5; m/s
25-12-2025;17:50:00;1,9; m/s
25-12-2025;18:00:00;2,5; m/s
25-12-2025;18:10:00;4,1; m/s
25-12-2025;18:20:00;3,3; m/s
25-12-2025;18:30:00;4,3; m/s
25-12-2025;18:40:00;4,3; m/s
25-12-2025;18:50:00;4,3; m/s
25-12-2025;19:00:00;3,9; m/s
25-12-2025;19:10:00;3,7; m/s
25-12-2025;19:20:00;2,9; m/s
25-12-2025;19:30:00;3,6; m/s
25-12-2025;19:40:00;4; m/s
25-12-2025;19:50:00;3,6; m/s
25-12-2025;20:00:00;2,5; m/s
25-12-2025;20:10:00;2,8; m/s
25-12-2025;20:20:00;2,3; m/s
25-12-2025;20:30:00;2,3; m/s
25-12-2025;20:40:00;2,6; m/s
25-12-2025;20:50:00;1,8; m/s
25-12-2025;21:00:00;1,7; m/s
25-12-2025;21:10:00;1,9; m/s
25-12-2025;21:20:00;2,3; m/s
25-12-2025;21:30:00;2,4; m/s
25-12-2025;21:40:00;2,1; m/s
25-12-2025;21:50:00;2,6; m/s
25-12-2025;22:00:00;3,6; m/s
25-12-2025;22:10:00;3,9; m/s
25-12-2025;22:20:00;4; m/s
25-12-2025;22:30:00;3,9; m/s
25-12-2025;22:40:00;3,3; m/s
25-12-2025;22:50:00;3,3; m/s
25-12-2025;23:00:00;4,3; m/s
25-12-2025;23:10:00;4,4; m/s
25-12-2025;23:20:00;3,8; m/s
25-12-2025;23:30:00;3,8; m/s
25-12-2025;23:40:00;3,7; m/s
25-12-2025;23:50:00;3,4; m/s
26-12-2025;00:00:00;3,1; m/s
26-12-2025;00:10:00;3,2; m/s
26-12-2025;00:20:00;3,6; m/s
26-12-2025;00:30:00;4,3; m/s
26-12-2025;00:40:00;3,9; m/s
26-12-2025;00:50:00;2,3; m/s
26-12-2025;01:00:00;2,8; m/s
26-12-2025;01:10:00;2,4; m/s
26-12-2025;01:20:00;2,8; m/s
26-12-2025;01:30:00;3,4; m/s
26-12-2025;01:40:00;2,7; m/s
26-12-2025;01:50:00;2,6; m/s
26-12-2025;02:00:00;3,2; m/s
26-12-2025;02:10:00;2,8; m/s
26-12-2025;02:20:00;3,1; m/s
26-12-2025;02:30:00;3,4; m/s
26-12-2025;02:40:00;3,8; m/s
26-12-2025;02:50:00;3,6; m/s
26-12-2025;03:00:00;3,9; m/s
26-12-2025;03:10:00;3,1; m/s
26-12-2025;03:20:00;3,7; m/s
26-12-2025;03:30:00;3,4; m/s
26-12-2025;03:40:00;2,9; m/s
26-12-2025;03:50:00;4,5; m/s
26-12-2025;04:00:00;4,8; m/s
26-12-2025;04:10:00;5,5; m/s
26-12-2025;04:20:00;6; m/s
26-12-2025;04:30:00;5,2; m/s
26-12-2025;04:40:00;4,3; m/s
26-12-2025;04:50:00;4,2; m/s
26-12-2025;05:00:00;4; m/s
26-12-2025;05:10:00;4,5; m/s
26-12-2025;05:20:00;4,3; m/s
26-12-2025;05:30:00;4; m/s
26-12-2025;05:40:00;4,2; m/s
26-12-2025;05:50:00;4,5; m/s
26-12-2025;06:00:00;3,9; m/s
26-12-2025;06:10:00;3,4; m/s
26-12-2025;06:20:00;3,7; m/s
26-12-2025;06:30:00;3,7; m/s
26-12-2025;06:40:00;4; m/s
26-12-2025;06:50:00;2,7; m/s
26-12-2025;07:00:00;3,6; m/s
26-12-2025;07:10:00;3,2; m/s
26-12-2025;07:20:00;3,3; m/s
26-12-2025;07:30:00;3,3; m/s
26-12-2025;07:40:00;4,2; m/s
26-12-2025;07:50:00;4,1; m/s
26-12-2025;08:00:00;2,9; m/s
26-12-2025;08:10:00;4,1; m/s
26-12-2025;08:20:00;3,3; m/s
26-12-2025;08:30:00;2; m/s
26-12-2025;08:40:00;2,6; m/s
26-12-2025;08:50:00;2,5; m/s
26-12-2025;09:00:00;2,5; m/s
26-12-2025;09:10:00;3,4; m/s
26-12-2025;09:20:00;3,1; m/s
26-12-2025;09:30:00;4,2; m/s
26-12-2025;09:40:00;4,8; m/s
26-12-2025;09:50:00;4,8; m/s
26-12-2025;10:00:00;4,6; m/s
26-12-2025;10:10:00;5,9; m/s
26-12-2025;10:20:00;6,3; m/s
26-12-2025;10:30:00;6,7; m/s
26-12-2025;10:40:00;5,8; m/s
26-12-2025;10:50:00;5,7; m/s
26-12-2025;11:00:00;5,6; m/s
26-12-2025;11:10:00;5; m/s
26-12-2025;11:20:00;5,5; m/s
26-12-2025;11:30:00;5,6; m/s
26-12-2025;11:40:00;4,9; m/s
26-12-2025;11:50:00;3,5; m/s
26-12-2025;12:00:00;3,4; m/s
26-12-2025;12:10:00;4,5; m/s
26-12-2025;12:20:00;3,8; m/s
26-12-2025;12:30:00;3,8; m/s
26-12-2025;12:40:00;3,7; m/s
26-12-2025;12:50:00;4,3; m/s
26-12-2025;13:00:00;4,7; m/s
26-12-2025;13:10:00;5,7; m/s
26-12-2025;13:20:00;4,9; m/s
26-12-2025;13:30:00;3,2; m/s
26-12-2025;13:40:00;4,5; m/s
26-12-2025;13:50:00;3,8; m/s
26-12-2025;14:00:00;4,7; m/s
26-12-2025;14:10:00;3,8; m/s
26-12-2025;14:20:00;2,5; m/s
26-12-2025;14:30:00;2,9; m/s
26-12-2025;14:40:00;4,5; m/s
26-12-2025;14:50:00;4,4; m/s
26-12-2025;15:00:00;4,6; m/s
26-12-2025;15:10:00;5,1; m/s
26-12-2025;15:20:00;4,8; m/s
26-12-2025;15:30:00;4,5; m/s
26-12-2025;15:40:00;6,1; m/s
26-12-2025;15:50:00;5,6; m/s
26-12-2025;16:00:00;4,9; m/s
26-12-2025;16:10:00;5,8; m/s
26-12-2025;16:20:00;5,9; m/s
26-12-2025;16:30:00;5,6; m/s
26-12-2025;16:40:00;5,7; m/s
26-12-2025;16:50:00;5,9; m/s
26-12-2025;17:00:00;6,3; m/s
26-12-2025;17:10:00;5,1; m/s
26-12-2025;17:20:00;5,6; m/s
26-12-2025;17:30:00;5,7; m/s
26-12-2025;17:40:00;6,6; m/s
26-12-2025;17:50:00;5; m/s
26-12-2025;18:00:00;6; m/s
26-12-2025;18:10:00;5,6; m/s
26-12-2025;18:20:00;6,3; m/s
26-12-2025;18:30:00;6,1; m/s
26-12-2025;18:40:00;6; m/s
26-12-2025;18:50:00;6,2; m/s
26-12-2025;19:00:00;6; m/s
26-12-2025;19:10:00;6,5; m/s
26-12-2025;19:20:00;6,4; m/s
26-12-2025;19:30:00;6,4; m/s
26-12-2025;19:40:00;6,4; m/s
26-12-2025;19:50:00;5,7; m/s
26-12-2025;20:00:00;6,4; m/s
26-12-2025;20:10:00;6,1; m/s
26-12-2025;20:20:00;6,5; m/s
26-12-2025;20:30:00;6,1; m/s
26-12-2025;20:40:00;6; m/s
26-12-2025;20:50:00;5,8; m/s
26-12-2025;21:00:00;6; m/s
26-12-2025;21:10:00;6,1; m/s
26-12-2025;21:20:00;5,6; m/s
26-12-2025;21:30:00;6,3; m/s
26-12-2025;21:40:00;6,3; m/s
26-12-2025;21:50:00;5,8; m/s
26-12-2025;22:00:00;5,9; m/s
26-12-2025;22:10:00;5,8; m/s
26-12-2025;22:20:00;5,5; m/s
26-12-2025;22:30:00;6,3; m/s
26-12-2025;22:40:00;6,5; m/s
26-12-2025;22:50:00;7; m/s
26-12-2025;23:00:00;6,8; m/s
26-12-2025;23:10:00;6,7; m/s
26-12-2025;23:20:00;6,9; m/s
26-12-2025;23:30:00;7; m/s
26-12-2025;23:40:00;7,6; m/s
26-12-2025;23:50:00;7,8; m/s
27-12-2025;00:00:00;7,8; m/s
27-12-2025;00:10:00;8,1; m/s
27-12-2025;00:20:00;7,3; m/s
27-12-2025;00:30:00;7,6; m/s
27-12-2025;00:40:00;8; m/s
27-12-2025;00:50:00;7,9; m/s
27-12-2025;01:00:00;7,7; m/s
27-12-2025;01:10:00;8,1; m/s
27-12-2025;01:20:00;8; m/s
27-12-2025;01:30:00;7,1; m/s
27-12-2025;01:40:00;6,5; m/s
27-12-2025;01:50:00;5,9; m/s
27-12-2025;02:00:00;5,9; m/s
27-12-2025;02:10:00;5,5; m/s
27-12-2025;02:20:00;5,3; m/s
27-12-2025;02:30:00;4,9; m/s
27-12-2025;02:40:00;5,6; m/s
27-12-2025;02:50:00;6,5; m/s
27-12-2025;03:00:00;6,8; m/s
27-12-2025;03:10:00;6,4; m/s
27-12-2025;03:20:00;6,5; m/s
27-12-2025;03:30:00;6,5; m/s
27-12-2025;03:40:00;6,4; m/s
27-12-2025;03:50:00;6,6; m/s
27-12-2025;04:00:00;6,7; m/s
27-12-2025;04:10:00;6,3; m/s
27-12-2025;04:20:00;6,2; m/s
27-12-2025;04:30:00;6,1; m/s
27-12-2025;04:40:00;6,3; m/s
27-12-2025;04:50:00;7; m/s
27-12-2025;05:00:00;6,9; m/s
27-12-2025;05:10:00;6,4; m/s
27-12-2025;05:20:00;6,1; m/s
27-12-2025;05:30:00;5,5; m/s
27-12-2025;05:40:00;5; m/s
27-12-2025;05:50:00;4,1; m/s
27-12-2025;06:00:00;3,3; m/s
27-12-2025;06:10:00;3,7; m/s
27-12-2025;06:20:00;3,3; m/s
27-12-2025;06:30:00;4,5; m/s
27-12-2025;06:40:00;4,9; m/s
27-12-2025;06:50:00;4,7; m/s
27-12-2025;07:00:00;4,4; m/s
27-12-2025;07:10:00;3,7; m/s
27-12-2025;07:20:00;3,1; m/s
27-12-2025;07:30:00;3; m/s
27-12-2025;07:40:00;3,7; m/s
27-12-2025;07:50:00;3,7; m/s
27-12-2025;08:00:00;4,3; m/s
27-12-2025;08:10:00;5,1; m/s
27-12-2025;08:20:00;4,4; m/s
27-12-2025;08:30:00;4,2; m/s
27-12-2025;08:40:00;4,3; m/s
27-12-2025;08:50:00;3,7; m/s
27-12-2025;09:00:00;4,2; m/s
27-12-2025;09:10:00;3,7; m/s
27-12-2025;09:20:00;4,2; m/s
27-12-2025;09:30:00;4,8; m/s
27-12-2025;09:40:00;4,7; m/s
27-12-2025;09:50:00;5,3; m/s
27-12-2025;10:00:00;5,1; m/s
27-12-2025;10:10:00;5,7; m/s
27-12-2025;10:20:00;5,7; m/s
27-12-2025;10:30:00;5,9; m/s
27-12-2025;10:40:00;5,4; m/s
27-12-2025;10:50:00;5,4; m/s
27-12-2025;11:00:00;2,9; m/s
27-12-2025;11:10:00;4,8; m/s
27-12-2025;11:20:00;4; m/s
27-12-2025;11:30:00;3,5; m/s
27-12-2025;11:40:00;4,8; m/s
27-12-2025;11:50:00;4,8; m/s
27-12-2025;12:00:00;4,5; m/s
27-12-2025;12:10:00;3,9; m/s
27-12-2025;12:20:00;2,6; m/s
27-12-2025;12:30:00;1,8; m/s
27-12-2025;12:40:00;1,5; m/s
27-12-2025;12:50:00;3,9; m/s
27-12-2025;13:00:00;3,9; m/s
27-12-2025;13:10:00;3,4; m/s
27-12-2025;13:20:00;3,1; m/s
27-12-2025;13:30:00;3; m/s
27-12-2025;13:40:00;1,8; m/s
27-12-2025;13:50:00;2,2; m/s
27-12-2025;14:00:00;2; m/s
27-12-2025;14:10:00;1,2; m/s
27-12-2025;14:20:00;2; m/s
27-12-2025;14:30:00;1,6; m/s
27-12-2025;14:40:00;1,7; m/s
27-12-2025;14:50:00;2,6; m/s
27-12-2025;15:00:00;2,7; m/s
27-12-2025;15:10:00;2,1; m/s
27-12-2025;15:20:00;2,9; m/s
27-12-2025;15:30:00;3,2; m/s
27-12-2025;15:40:00;3,9; m/s
27-12-2025;15:50:00;3,2; m/s
27-12-2025;16:00:00;3,8; m/s
27-12-2025;16:10:00;3,6; m/s
27-12-2025;16:20:00;3,4; m/s
27-12-2025;16:30:00;3,3; m/s
27-12-2025;16:40:00;2,6; m/s
27-12-2025;16:50:00;3,4; m/s
27-12-2025;17:00:00;3,3; m/s
27-12-2025;17:10:00;3,9; m/s
27-12-2025;17:20:00;3,8; m/s
27-12-2025;17:30:00;2,9; m/s
27-12-2025;17:40:00;2,9; m/s
27-12-2025;17:50:00;3,5; m/s
27-12-2025;18:00:00;3,2; m/s
27-12-2025;18:10:00;3,7; m/s
27-12-2025;18:20:00;2,7; m/s
27-12-2025;18:30:00;2,8; m/s
27-12-2025;18:40:00;3,3; m/s
27-12-2025;18:50:00;4; m/s
27-12-2025;19:00:00;3,3; m/s
27-12-2025;19:10:00;3,3; m/s
27-12-2025;19:20:00;3,5; m/s
27-12-2025;19:30:00;3,1; m/s
27-12-2025;19:40:00;3,5; m/s
27-12-2025;19:50:00;3,8; m/s
27-12-2025;20:00:00;3,7; m/s
27-12-2025;20:10:00;4,3; m/s
27-12-2025;20:20:00;4,3; m/s
27-12-2025;20:30:00;4,4; m/s
27-12-2025;20:40:00;4,2; m/s
27-12-2025;20:50:00;4; m/s
27-12-2025;21:00:00;4,2; m/s
27-12-2025;21:10:00;3,8; m/s
27-12-2025;21:20:00;3,8; m/s
27-12-2025;21:30:00;4,1; m/s
27-12-2025;21:40:00;3,8; m/s
27-12-2025;21:50:00;3,3; m/s
27-12-2025;22:00:00;2,4; m/s
27-12-2025;22:10:00;1,5; m/s
27-12-2025;22:20:00;1,1; m/s
27-12-2025;22:30:00;1,1; m/s
27-12-2025;22:40:00;1,1; m/s
27-12-2025;22:50:00;1,6; m/s
27-12-2025;23:00:00;2,1; m/s
27-12-2025;23:10:00;1,7; m/s
27-12-2025;23:20:00;2,8; m/s
27-12-2025;23:30:00;2,3; m/s
27-12-2025;23:40:00;1,3; m/s
27-12-2025;23:50:00;0,7; m/s
28-12-2025;00:00:00;0,7; m/s
28-12-2025;00:10:00;0,7; m/s
28-12-2025;00:20:00;1,5; m/s
28-12-2025;00:30:00;0,5; m/s
28-12-2025;00:40:00;0,5; m/s
28-12-2025;00:50:00;0,9; m/s
28-12-2025;01:00:00;1,3; m/s
28-12-2025;01:10:00;0,9; m/s
28-12-2025;01:20:00;0,8; m/s
28-12-2025;01:30:00;0,9; m/s
28-12-2025;01:40:00;0,2; m/s
28-12-2025;01:50:00;0; m/s
28-12-2025;02:00:00;0,4; m/s
28-12-2025;02:10:00;0,8; m/s
28-12-2025;02:20:00;1,3; m/s
28-12-2025;02:30:00;1,6; m/s
28-12-2025;02:40:00;2,2; m/s
28-12-2025;02:50:00;2,3; m/s
28-12-2025;03:00:00;2,3; m/s
28-12-2025;03:10:00;3; m/s
28-12-2025;03:20:00;1,8; m/s
28-12-2025;03:30:00;1,3; m/s
28-12-2025;03:40:00;0,9; m/s
28-12-2025;03:50:00;0,5; m/s
28-12-2025;04:00:00;0,5; m/s
28-12-2025;04:10:00;0,5; m/s
28-12-2025;04:20:00;0,1; m/s
28-12-2025;04:30:00;0; m/s
28-12-2025;04:40:00;0,8; m/s
28-12-2025;04:50:00;1,3; m/s
28-12-2025;05:00:00;1,7; m/s
28-12-2025;05:10:00;2; m/s
28-12-2025;05:20:00;2,4; m/s
28-12-2025;05:30:00;0,9; m/s
28-12-2025;05:40:00;1,1; m/s
28-12-2025;05:50:00;0,8; m/s
28-12-2025;06:00:00;1,1; m/s
28-12-2025;06:10:00;0,7; m/s
28-12-2025;06:20:00;0,6; m/s
28-12-2025;06:30:00;0,5; m/s
28-12-2025;06:40:00;0,2; m/s
28-12-2025;06:50:00;1,8; m/s
28-12-2025;07:00:00;1,3; m/s
28-12-2025;07:10:00;1,5; m/s
28-12-2025;07:20:00;0,9; m/s
28-12-2025;07:30:00;0,5; m/s
28-12-2025;07:40:00;0,4; m/s
28-12-2025;07:50:00;0,8; m/s
28-12-2025;08:00:00;1,2; m/s
28-12-2025;08:10:00;1,1; m/s
28-12-2025;08:20:00;1,6; m/s
28-12-2025;08:30:00;1,9; m/s
28-12-2025;08:40:00;2,2; m/s
28-12-2025;08:50:00;1,6; m/s
28-12-2025;09:00:00;1,3; m/s
28-12-2025;09:10:00;1,4; m/s
28-12-2025;09:20:00;1,8; m/s
28-12-2025;09:30:00;1,6; m/s
28-12-2025;09:40:00;1,7; m/s
28-12-2025;09:50:00;1,6; m/s
28-12-2025;10:00:00;1,3; m/s
28-12-2025;10:10:00;2,1; m/s
28-12-2025;10:20:00;1,4; m/s
28-12-2025;10:30:00;1,6; m/s
28-12-2025;10:40:00;1,3; m/s
28-12-2025;10:50:00;0,9; m/s
28-12-2025;11:00:00;1,7; m/s
28-12-2025;11:10:00;1,1; m/s
28-12-2025;11:20:00;1; m/s
28-12-2025;11:30:00;1,4; m/s
28-12-2025;11:40:00;4; m/s
28-12-2025;11:50:00;3,9; m/s
28-12-2025;12:00:00;3,4; m/s
28-12-2025;12:10:00;2; m/s
28-12-2025;12:20:00;1,7; m/s
28-12-2025;12:30:00;2,3; m/s
28-12-2025;12:40:00;3,1; m/s
28-12-2025;12:50:00;3,2; m/s
28-12-2025;13:00:00;3,1; m/s
28-12-2025;13:10:00;4,5; m/s
28-12-2025;13:20:00;4,8; m/s
28-12-2025;13:30:00;5,2; m/s
28-12-2025;13:40:00;4,1; m/s
28-12-2025;13:50:00;4,9; m/s
28-12-2025;14:00:00;3,9; m/s
28-12-2025;14:10:00;4,2; m/s
28-12-2025;14:20:00;2,5; m/s
28-12-2025;14:30:00;2,2; m/s
28-12-2025;14:40:00;1,7; m/s
28-12-2025;14:50:00;2; m/s
28-12-2025;15:00:00;1,3; m/s
28-12-2025;15:10:00;2,5; m/s
28-12-2025;15:20:00;2,8; m/s
28-12-2025;15:30:00;3,5; m/s
28-12-2025;15:40:00;3,5; m/s
28-12-2025;15:50:00;4; m/s
28-12-2025;16:00:00;4,2; m/s
28-12-2025;16:10:00;3,6; m/s
28-12-2025;16:20:00;4,2; m/s
28-12-2025;16:30:00;3,1; m/s
28-12-2025;16:40:00;2,7; m/s
28-12-2025;16:50:00;3,3; m/s
28-12-2025;17:00:00;3,1; m/s
28-12-2025;17:10:00;2,5; m/s
28-12-2025;17:20:00;3; m/s
28-12-2025;17:30:00;3,5; m/s
28-12-2025;17:40:00;2,9; m/s
28-12-2025;17:50:00;3; m/s
28-12-2025;18:00:00;3,4; m/s
28-12-2025;18:10:00;4; m/s
28-12-2025;18:20:00;3,9; m/s
28-12-2025;18:30:00;3,8; m/s
28-12-2025;18:40:00;3,8; m/s
28-12-2025;18:50:00;3,7; m/s
28-12-2025;19:00:00;3,5; m/s
28-12-2025;19:10:00;3,2; m/s
28-12-2025;19:20:00;3; m/s
28-12-2025;19:30:00;2,8; m/s
28-12-2025;19:40:00;1,9; m/s
28-12-2025;19:50:00;2,2; m/s
28-12-2025;20:00:00;2,2; m/s
28-12-2025;20:10:00;1,9; m/s
28-12-2025;20:20:00;0,9; m/s
28-12-2025;20:30:00;0,9; m/s
28-12-2025;20:40:00;1; m/s
28-12-2025;20:50:00;1; m/s
28-12-2025;21:00:00;1,2; m/s
28-12-2025;21:10:00;2,5; m/s
28-12-2025;21:20:00;2,5; m/s
28-12-2025;21:30:00;1,6; m/s
28-12-2025;21:40:00;1,5; m/s
28-12-2025;21:50:00;1,4; m/s
28-12-2025;22:00:00;1,9; m/s
28-12-2025;22:10:00;2,2; m/s
28-12-2025;22:20:00;2,5; m/s
28-12-2025;22:30:00;1,8; m/s
28-12-2025;22:40:00;1,1; m/s
28-12-2025;22:50:00;1,5; m/s
28-12-2025;23:00:00;2,4; m/s
28-12-2025;23:10:00;2,7; m/s
28-12-2025;23:20:00;2,6; m/s
28-12-2025;23:30:00;2; m/s
28-12-2025;23:40:00;3,1; m/s
28-12-2025;23:50:00;4,2; m/s
29-12-2025;00:00:00;3,4; m/s
29-12-2025;00:10:00;3,8; m/s
29-12-2025;00:20:00;3; m/s
29-12-2025;00:30:00;2; m/s
29-12-2025;00:40:00;1,4; m/s
29-12-2025;00:50:00;1,1; m/s
29-12-2025;01:00:00;1,4; m/s
29-12-2025;01:10:00;1,7; m/s
29-12-2025;01:20:00;1,6; m/s
29-12-2025;01:30:00;1,3; m/s
29-12-2025;01:40:00;2,2; m/s
29-12-2025;01:50:00;2,3; m/s
29-12-2025;02:00:00;2,9; m/s
29-12-2025;02:10:00;2,6; m/s
29-12-2025;02:20:00;2,9; m/s
29-12-2025;02:30:00;3,2; m/s
29-12-2025;02:40:00;3,1; m/s
29-12-2025;02:50:00;3,1; m/s
29-12-2025;03:00:00;2,6; m/s
29-12-2025;03:10:00;2,3; m/s
29-12-2025;03:20:00;2,3; m/s
29-12-2025;03:30:00;2,2; m/s
29-12-2025;03:40:00;2,2; m/s
29-12-2025;03:50:00;1,2; m/s
29-12-2025;04:00:00;1,3; m/s
29-12-2025;04:10:00;1,4; m/s
29-12-2025;04:20:00;0,4; m/s
29-12-2025;04:30:00;0,8; m/s
29-12-2025;04:40:00;1,1; m/s
29-12-2025;04:50:00;0,5; m/s
29-12-2025;05:00:00;0; m/s
29-12-2025;05:10:00;0,7; m/s
29-12-2025;05:20:00;0,8; m/s
29-12-2025;05:30:00;1,2; m/s
29-12-2025;05:40:00;1,4; m/s
29-12-2025;05:50:00;1,1; m/s
29-12-2025;06:00:00;0,5; m/s
29-12-2025;06:10:00;0,9; m/s
29-12-2025;06:20:00;0,1; m/s
29-12-2025;06:30:00;0,9; m/s
29-12-2025;06:40:00;1,6; m/s
29-12-2025;06:50:00;1,2; m/s
29-12-2025;07:00:00;1; m/s
29-12-2025;07:10:00;1,2; m/s
29-12-2025;07:20:00;1,9; m/s
29-12-2025;07:30:00;1,8; m/s
29-12-2025;07:40:00;1,9; m/s
29-12-2025;07:50:00;1,3; m/s
29-12-2025;08:00:00;0,9; m/s
29-12-2025;08:10:00;1,2; m/s
29-12-2025;08:20:00;1,7; m/s
29-12-2025;08:30:00;2,3; m/s
29-12-2025;08:40:00;1,6; m/s
29-12-2025;08:50:00;1,8; m/s
29-12-2025;09:00:00;2,2; m/s
29-12-2025;09:10:00;2,3; m/s
29-12-2025;09:20:00;2,4; m/s
29-12-2025;09:30:00;2,5; m/s
29-12-2025;09:40:00;2,5; m/s
29-12-2025;09:50:00;2,7; m/s
29-12-2025;10:00:00;2,7; m/s
29-12-2025;10:10:00;2,6; m/s
29-12-2025;10:20:00;2,5; m/s
29-12-2025;10:30:00;2,2; m/s
29-12-2025;10:40:00;2,4; m/s
29-12-2025;10:50:00;2,3; m/s
29-12-2025;11:00:00;2,6; m/s
29-12-2025;11:10:00;2,4; m/s
29-12-2025;11:20:00;2; m/s
29-12-2025;11:30:00;1,7; m/s
29-12-2025;11:40:00;1,6; m/s
29-12-2025;11:50:00;1,5; m/s
29-12-2025;12:00:00;1,3; m/s
29-12-2025;12:10:00;1,1; m/s
29-12-2025;12:20:00;1; m/s
29-12-2025;12:30:00;0,8; m/s
29-12-2025;12:40:00;1; m/s
29-12-2025;12:50:00;1; m/s
29-12-2025;13:00:00;1,1; m/s
29-12-2025;13:10:00;0,9; m/s
29-12-2025;13:20:00;1,2; m/s
29-12-2025;13:30:00;1,3; m/s
29-12-2025;13:40:00;1,3; m/s
29-12-2025;13:50:00;1,4; m/s
29-12-2025;14:00:00;1,4; m/s
29-12-2025;14:10:00;1,6; m/s
29-12-2025;14:20:00;1,7; m/s
29-12-2025;14:30:00;1,8; m/s
29-12-2025;14:40:00;1,6; m/s
29-12-2025;14:50:00;1,7; m/s
29-12-2025;15:00:00;1,4; m/s
29-12-2025;15:10:00;1,6; m/s
29-12-2025;15:20:00;1,8; m/s
29-12-2025;15:30:00;1,3; m/s
29-12-2025;15:40:00;1,3; m/s
29-12-2025;15:50:00;1,4; m/s
29-12-2025;16:00:00;1,3; m/s
29-12-2025;16:10:00;1,2; m/s
29-12-2025;16:20:00;0,8; m/s
29-12-2025;16:30:00;1,1; m/s
29-12-2025;16:40:00;1,1; m/s
29-12-2025;16:50:00;1,2; m/s
29-12-2025;17:00:00;0,6; m/s
29-12-2025;17:10:00;1; m/s
29-12-2025;17:20:00;1,1; m/s
29-12-2025;17:30:00;1; m/s
29-12-2025;17:40:00;0,9; m/s
29-12-2025;17:50:00;1,6; m/s
29-12-2025;18:00:00;1,5; m/s
29-12-2025;18:10:00;2,3; m/s
29-12-2025;18:20:00;2,6; m/s
29-12-2025;18:30:00;2,3; m/s
29-12-2025;18:40:00;2,3; m/s
29-12-2025;18:50:00;2,3; m/s
29-12-2025;19:00:00;2,2; m/s
29-12-2025;19:10:00;2,5; m/s
29-12-2025;19:20:00;2,8; m/s
29-12-2025;19:30:00;2,8; m/s
29-12-2025;19:40:00;3,1; m/s
29-12-2025;19:50:00;3,1; m/s
29-12-2025;20:00:00;3,2; m/s
29-12-2025;20:10:00;3,1; m/s
29-12-2025;20:20:00;2,9; m/s
29-12-2025;20:30:00;3,1; m/s
29-12-2025;20:40:00;3,1; m/s
29-12-2025;20:50:00;3; m/s
29-12-2025;21:00:00;3,4; m/s
29-12-2025;21:10:00;4; m/s
29-12-2025;21:20:00;4,1; m/s
29-12-2025;21:30:00;4,1; m/s
29-12-2025;21:40:00;3,8; m/s
29-12-2025;21:50:00;4; m/s
29-12-2025;22:00:00;4; m/s
29-12-2025;22:10:00;3,8; m/s
29-12-2025;22:20:00;4,1; m/s
29-12-2025;22:30:00;4,1; m/s
29-12-2025;22:40:00;3,9; m/s
29-12-2025;22:50:00;4; m/s
29-12-2025;23:00:00;4; m/s
29-12-2025;23:10:00;3,8; m/s
29-12-2025;23:20:00;3,7; m/s
29-12-2025;23:30:00;3,9; m/s
29-12-2025;23:40:00;4; m/s
29-12-2025;23:50:00;3,9; m/s
30-12-2025;00:00:00;4; m/s
30-12-2025;00:10:00;3,9; m/s
30-12-2025;00:20:00;3,7; m/s
30-12-2025;00:30:00;3,6; m/s
30-12-2025;00:40:00;3,5; m/s
30-12-2025;00:50:00;3,3; m/s
30-12-2025;01:00:00;3,3; m/s
30-12-2025;01:10:00;3,4; m/s
30-12-2025;01:20:00;3,5; m/s
30-12-2025;01:30:00;3,6; m/s
30-12-2025;01:40:00;3,2; m/s
30-12-2025;01:50:00;3,1; m/s
30-12-2025;02:00:00;2,9; m/s
30-12-2025;02:10:00;3,2; m/s
30-12-2025;02:20:00;3,3; m/s
30-12-2025;02:30:00;2,9; m/s
30-12-2025;02:40:00;3,2; m/s
30-12-2025;02:50:00;3; m/s
30-12-2025;03:00:00;2,6; m/s
30-12-2025;03:10:00;2,4; m/s
30-12-2025;03:20:00;1,9; m/s
30-12-2025;03:30:00;2,2; m/s
30-12-2025;03:40:00;2,4; m/s
30-12-2025;03:50:00;3; m/s
30-12-2025;04:00:00;3,1; m/s
30-12-2025;04:10:00;3,4; m/s
30-12-2025;04:20:00;3,3; m/s
30-12-2025;04:30:00;2,9; m/s
30-12-2025;04:40:00;2,9; m/s
30-12-2025;04:50:00;2,7; m/s
30-12-2025;05:00:00;2,6; m/s
30-12-2025;05:10:00;2,4; m/s
30-12-2025;05:20:00;2,8; m/s
30-12-2025;05:30:00;2,7; m/s
30-12-2025;05:40:00;2,2; m/s
30-12-2025;05:50:00;2; m/s
30-12-2025;06:00:00;2,3; m/s
30-12-2025;06:10:00;2,4; m/s
30-12-2025;06:20:00;2,3; m/s
30-12-2025;06:30:00;2,5; m/s
30-12-2025;06:40:00;2,4; m/s
30-12-2025;06:50:00;2,8; m/s
30-12-2025;07:00:00;3; m/s
30-12-2025;07:10:00;2,4; m/s
30-12-2025;07:20:00;2,1; m/s
30-12-2025;07:30:00;1,8; m/s
30-12-2025;07:40:00;0,8; m/s
30-12-2025;07:50:00;0,9; m/s
30-12-2025;08:00:00;1,5; m/s
30-12-2025;08:10:00;1,2; m/s
30-12-2025;08:20:00;0,9; m/s
30-12-2025;08:30:00;0,7; m/s
30-12-2025;08:40:00;0,5; m/s
30-12-2025;08:50:00;0,8; m/s
30-12-2025;09:00:00;0,4; m/s
30-12-2025;09:10:00;0,3; m/s
30-12-2025;09:20:00;1,2; m/s
30-12-2025;09:30:00;0,7; m/s
30-12-2025;09:40:00;0,6; m/s
30-12-2025;09:50:00;0,4; m/s
30-12-2025;10:00:00;0,7; m/s
30-12-2025;10:10:00;0,5; m/s
30-12-2025;10:20:00;0,9; m/s
30-12-2025;10:30:00;1,2; m/s
30-12-2025;10:40:00;1,1; m/s
30-12-2025;10:50:00;1,1; m/s
30-12-2025;11:00:00;0,6; m/s
30-12-2025;11:10:00;0,8; m/s
30-12-2025;11:20:00;0,9; m/s
30-12-2025;11:30:00;0,9; m/s
30-12-2025;11:40:00;1,5; m/s
30-12-2025;11:50:00;2,3; m/s
30-12-2025;12:00:00;4,1; m/s
30-12-2025;12:10:00;5,6; m/s
30-12-2025;12:20:00;4,7; m/s
30-12-2025;12:30:00;4,4; m/s
30-12-2025;12:40:00;4,3; m/s
30-12-2025;12:50:00;4,5; m/s
30-12-2025;13:00:00;4,6; m/s
30-12-2025;13:10:00;4,8; m/s
30-12-2025;13:20:00;4,5; m/s
30-12-2025;13:30:00;4,9; m/s
30-12-2025;13:40:00;5,3; m/s
30-12-2025;13:50:00;6,6; m/s
30-12-2025;14:00:00;6; m/s
30-12-2025;14:10:00;6,1; m/s
30-12-2025;14:20:00;5,4; m/s
30-12-2025;14:30:00;5,6; m/s
30-12-2025;14:40:00;5,6; m/s
30-12-2025;14:50:00;4,4; m/s
30-12-2025;15:00:00;3,5; m/s
30-12-2025;15:10:00;3,3; m/s
30-12-2025;15:20:00;1,4; m/s
30-12-2025;15:30:00;2,6; m/s
30-12-2025;15:40:00;2,2; m/s
30-12-2025;15:50:00;2,1; m/s
30-12-2025;16:00:00;1,9; m/s
30-12-2025;16:10:00;1,4; m/s
30-12-2025;16:20:00;2,2; m/s
30-12-2025;16:30:00;1,9; m/s
30-12-2025;16:40:00;2,5; m/s
30-12-2025;16:50:00;3,3; m/s
30-12-2025;17:00:00;2,8; m/s
30-12-2025;17:10:00;2,3; m/s
30-12-2025;17:20:00;2,2; m/s
30-12-2025;17:30:00;3; m/s
30-12-2025;17:40:00;2,7; m/s
30-12-2025;17:50:00;2,3; m/s
30-12-2025;18:00:00;2,2; m/s
30-12-2025;18:10:00;1,5; m/s
30-12-2025;18:20:00;2,5; m/s
30-12-2025;18:30:00;3,4; m/s
30-12-2025;18:40:00;2,9; m/s
30-12-2025;18:50:00;3,4; m/s
30-12-2025;19:00:00;2,7; m/s
30-12-2025;19:10:00;4,2; m/s
30-12-2025;19:20:00;4,3; m/s
30-12-2025;19:30:00;4,2; m/s
30-12-2025;19:40:00;4,1; m/s
30-12-2025;19:50:00;4,6; m/s
30-12-2025;20:00:00;4,4; m/s
30-12-2025;20:10:00;5,2; m/s
30-12-2025;20:20:00;4,8; m/s
30-12-2025;20:30:00;5,3; m/s
30-12-2025;20:40:00;6,3; m/s
30-12-2025;20:50:00;5,7; m/s
30-12-2025;21:00:00;5,8; m/s
30-12-2025;21:10:00;4,9; m/s
30-12-2025;21:20:00;5,1; m/s
30-12-2025;21:30:00;6,2; m/s
30-12-2025;21:40:00;5; m/s
30-12-2025;21:50:00;3,7; m/s
30-12-2025;22:00:00;3,6; m/s
30-12-2025;22:10:00;3,6; m/s
30-12-2025;22:20:00;3,9; m/s
30-12-2025;22:30:00;5,1; m/s
30-12-2025;22:40:00;6,1; m/s
30-12-2025;22:50:00;6,3; m/s
30-12-2025;23:00:00;6,6; m/s
30-12-2025;23:10:00;6,8; m/s
30-12-2025;23:20:00;6,1; m/s
30-12-2025;23:30:00;6,5; m/s
30-12-2025;23:40:00;6,8; m/s
30-12-2025;23:50:00;5,8; m/s
31-12-2025;00:00:00;4,9; m/s
31-12-2025;00:10:00;4,9; m/s
31-12-2025;00:20:00;7,2; m/s
31-12-2025;00:30:00;8,2; m/s
31-12-2025;00:40:00;8; m/s
31-12-2025;00:50:00;8,1; m/s
31-12-2025;01:00:00;7,3; m/s
31-12-2025;01:10:00;7,6; m/s
31-12-2025;01:20:00;6,6; m/s
31-12-2025;01:30:00;7,5; m/s
31-12-2025;01:40:00;7,3; m/s
31-12-2025;01:50:00;6,7; m/s
31-12-2025;02:00:00;6; m/s
31-12-2025;02:10:00;6,5; m/s
31-12-2025;02:20:00;6,2; m/s
31-12-2025;02:30:00;7,1; m/s
31-12-2025;02:40:00;6; m/s
31-12-2025;02:50:00;6,8; m/s
31-12-2025;03:00:00;5,7; m/s
31-12-2025;03:10:00;6,3; m/s
31-12-2025;03:20:00;6,5; m/s
31-12-2025;03:30:00;7,1; m/s
31-12-2025;03:40:00;7,1; m/s
31-12-2025;03:50:00;7,1; m/s
31-12-2025;04:00:00;6,9; m/s
31-12-2025;04:10:00;7,1; m/s
31-12-2025;04:20:00;8,7; m/s
31-12-2025;04:30:00;7,6; m/s
31-12-2025;04:40:00;7,5; m/s
31-12-2025;04:50:00;7,8; m/s
31-12-2025;05:00:00;7,9; m/s
31-12-2025;05:10:00;6,9; m/s
31-12-2025;05:20:00;6,7; m/s
31-12-2025;05:30:00;7,6; m/s
31-12-2025;05:40:00;7,2; m/s
31-12-2025;05:50:00;7,4; m/s
31-12-2025;06:00:00;7,9; m/s
31-12-2025;06:10:00;8,6; m/s
31-12-2025;06:20:00;7,4; m/s
31-12-2025;06:30:00;7,5; m/s
31-12-2025;06:40:00;7,8; m/s
31-12-2025;06:50:00;7,5; m/s
31-12-2025;07:00:00;8,3; m/s
31-12-2025;07:10:00;8,6; m/s
31-12-2025;07:20:00;8,2; m/s
31-12-2025;07:30:00;7,7; m/s
31-12-2025;07:40:00;7,9; m/s
31-12-2025;07:50:00;7,2; m/s
31-12-2025;08:00:00;7,2; m/s
31-12-2025;08:10:00;6,1; m/s
31-12-2025;08:20:00;6,3; m/s
31-12-2025;08:30:00;8,7; m/s
31-12-2025;08:40:00;7,6; m/s
31-12-2025;08:50:00;6,8; m/s
31-12-2025;09:00:00;6,5; m/s
31-12-2025;09:10:00;7,7; m/s
31-12-2025;09:20:00;7,6; m/s
31-12-2025;09:30:00;7,7; m/s
31-12-2025;09:40:00;8,3; m/s
31-12-2025;09:50:00;7; m/s
31-12-2025;10:00:00;8,3; m/s
31-12-2025;10:10:00;8,2; m/s
31-12-2025;10:20:00;7,6; m/s
31-12-2025;10:30:00;7,3; m/s
31-12-2025;10:40:00;5,8; m/s
31-12-2025;10:50:00;5,3; m/s
31-12-2025;11:00:00;5,2; m/s
31-12-2025;11:10:00;5,5; m/s
31-12-2025;11:20:00;5; m/s
31-12-2025;11:30:00;5,3; m/s
31-12-2025;11:40:00;5; m/s
31-12-2025;11:50:00;4,3; m/s
31-12-2025;12:00:00;3,6; m/s
31-12-2025;12:10:00;4,6; m/s
31-12-2025;12:20:00;5,2; m/s
31-12-2025;12:30:00;5,4; m/s
31-12-2025;12:40:00;5,8; m/s
31-12-2025;12:50:00;6,6; m/s
31-12-2025;13:00:00;6,5; m/s
31-12-2025;13:10:00;6,6; m/s
31-12-2025;13:20:00;6,1; m/s
31-12-2025;13:30:00;5,9; m/s
31-12-2025;13:40:00;6,3; m/s
31-12-2025;13:50:00;6,2; m/s
31-12-2025;14:00:00;5,7; m/s
31-12-2025;14:10:00;6; m/s
31-12-2025;14:20:00;5,3; m/s
31-12-2025;14:30:00;5,5; m/s
31-12-2025;14:40:00;6; m/s
31-12-2025;14:50:00;6,4; m/s
31-12-2025;15:00:00;7,3; m/s
31-12-2025;15:10:00;6,8; m/s
31-12-2025;15:20:00;6,1; m/s
31-12-2025;15:30:00;4,7; m/s
31-12-2025;15:40:00;3,6; m/s
31-12-2025;15:50:00;3,5; m/s
31-12-2025;16:00:00;4,7; m/s
31-12-2025;16:10:00;7,2; m/s
31-12-2025;16:20:00;6,6; m/s
31-12-2025;16:30:00;5,6; m/s
31-12-2025;16:40:00;5,8; m/s
31-12-2025;16:50:00;5,5; m/s
31-12-2025;17:00:00;6,3; m/s
31-12-2025;17:10:00;7,3; m/s
31-12-2025;17:20:00;8,7; m/s
31-12-2025;17:30:00;6,9; m/s
31-12-2025;17:40:00;7,9; m/s
31-12-2025;17:50:00;7,9; m/s
31-12-2025;18:00:00;7,8; m/s
31-12-2025;18:10:00;7,5; m/s
31-12-2025;18:20:00;6; m/s
31-12-2025;18:30:00;6; m/s
31-12-2025;18:40:00;5,9; m/s
31-12-2025;18:50:00;6,3; m/s
31-12-2025;19:00:00;5,4; m/s
31-12-2025;19:10:00;5,5; m/s
31-12-2025;19:20:00;5,1; m/s
31-12-2025;19:30:00;4,9; m/s
31-12-2025;19:40:00;5,4; m/s
31-12-2025;19:50:00;5,1; m/s
31-12-2025;20:00:00;4,6; m/s
31-12-2025;20:10:00;5,8; m/s
31-12-2025;20:20:00;4,9; m/s
31-12-2025;20:30:00;4,8; m/s
31-12-2025;20:40:00;4,5; m/s
31-12-2025;20:50:00;5,7; m/s
31-12-2025;21:00:00;5; m/s
31-12-2025;21:10:00;6,1; m/s
31-12-2025;21:20:00;6,3; m/s
31-12-2025;21:30:00;5,5; m/s
31-12-2025;21:40:00;5,6; m/s
31-12-2025;21:50:00;3,9; m/s
31-12-2025;22:00:00;3,9; m/s
31-12-2025;22:10:00;5,4; m/s
31-12-2025;22:20:00;5,2; m/s
31-12-2025;22:30:00;5,8; m/s
31-12-2025;22:40:00;5,5; m/s
31-12-2025;22:50:00;5,1; m/s
31-12-2025;23:00:00;5,6; m/s
31-12-2025;23:10:00;4,4; m/s
31-12-2025;23:20:00;3; m/s
31-12-2025;23:30:00;2,5; m/s
31-12-2025;23:40:00;3,1; m/s
31-12-2025;23:50:00;2,7; m/s
